,frequentation,ca_ttc,ca_ht,date_commande,midi_soir,jour_semaine,sur_place,type_vente,livraison,nb_commandes
2,21,290.0,263.63636368,2017-01-02,2 - Midi,1 - Lundi,À emporter,CA,,17
3,94,1291.4,1172.04166678,2017-01-02,2 - Midi,1 - Lundi,Sur place,CA,,69
4,4,45.2,41.09090908,2017-01-02,3 - Après-midi,1 - Lundi,À emporter,CA,,2
6,17,252.0,229.09090907,2017-01-02,4 - Soir,1 - Lundi,À emporter,CA,,11
7,22,285.2,258.03636367,2017-01-02,4 - Soir,1 - Lundi,Sur place,CA,,19
10,19,216.5,196.81818175,2017-01-03,1 - Matin,2 - Mardi,Livraison,CA,AlloResto,1
11,31,368.7,335.18181809,2017-01-03,1 - Matin,2 - Mardi,Livraison,CA,Deliveroo,1
12,21,240.5,218.63636355,2017-01-03,1 - Matin,2 - Mardi,Livraison,CA,Foodora,1
13,25,287.0,260.90909084,2017-01-03,1 - Matin,2 - Mardi,Livraison,CA,UberEats,1
16,7,111.0,100.90909091,2017-01-03,2 - Midi,2 - Mardi,À emporter,CA,,7
17,2,31.0,28.18181818,2017-01-03,2 - Midi,2 - Mardi,Livraison,CA,AlloResto,1
18,7,117.3,106.3121212,2017-01-03,2 - Midi,2 - Mardi,Livraison,CA,Deliveroo,2
19,2,33.5,30.45454545,2017-01-03,2 - Midi,2 - Mardi,Livraison,CA,Foodora,1
20,7,90.56,82.32727272,2017-01-03,2 - Midi,2 - Mardi,Livraison,CA,KM LIVRAISON,2
21,2,29.5,26.81818181,2017-01-03,2 - Midi,2 - Mardi,Livraison,CA,UberEats,1
22,41,543.25,492.9704546,2017-01-03,2 - Midi,2 - Mardi,Sur place,CA,,36
23,3,41.5,37.41818182,2017-01-03,3 - Après-midi,2 - Mardi,Sur place,CA,,3
24,3,47.5,43.18181818,2017-01-03,4 - Soir,2 - Mardi,À emporter,CA,,1
25,5,87.1,79.1818182,2017-01-03,4 - Soir,2 - Mardi,Livraison,CA,AlloResto,1
26,11,168.0,152.72727272,2017-01-03,4 - Soir,2 - Mardi,Livraison,CA,Deliveroo,1
27,11,165.0,149.99999998,2017-01-03,4 - Soir,2 - Mardi,Livraison,CA,Foodora,1
28,22,335.0,304.54545454,2017-01-03,4 - Soir,2 - Mardi,Livraison,CA,KM LIVRAISON,1
29,5,75.5,68.63636361,2017-01-03,4 - Soir,2 - Mardi,Livraison,CA,UberEats,1
30,22,378.4,338.46212122,2017-01-03,4 - Soir,2 - Mardi,Sur place,CA,,20
32,1,8.5,7.72727273,2017-01-04,1 - Matin,3 - Mercredi,Sur place,CA,,1
33,4,48.2,43.81818184,2017-01-04,2 - Midi,3 - Mercredi,À emporter,CA,,4
34,4,59.0,53.63636363,2017-01-04,2 - Midi,3 - Mercredi,Livraison,CA,AlloResto,1
35,3,47.0,42.72727272,2017-01-04,2 - Midi,3 - Mercredi,Livraison,CA,Deliveroo,1
36,4,62.3,56.63636363,2017-01-04,2 - Midi,3 - Mercredi,Livraison,CA,Foodora,1
37,10,150.5,136.81818181,2017-01-04,2 - Midi,3 - Mercredi,Livraison,CA,KM LIVRAISON,1
38,2,33.5,30.45454545,2017-01-04,2 - Midi,3 - Mercredi,Livraison,CA,UberEats,1
39,52,688.5,624.82424243,2017-01-04,2 - Midi,3 - Mercredi,Sur place,CA,,45
40,3,45.0,40.9090909,2017-01-04,3 - Après-midi,3 - Mercredi,Sur place,CA,,3
41,4,52.0,47.27272728,2017-01-04,4 - Soir,3 - Mercredi,À emporter,CA,,3
42,7,109.4,99.45454546,2017-01-04,4 - Soir,3 - Mercredi,Livraison,CA,AlloResto,1
43,7,107.0,97.27272726,2017-01-04,4 - Soir,3 - Mercredi,Livraison,CA,Deliveroo,1
44,6,89.0,80.9090909,2017-01-04,4 - Soir,3 - Mercredi,Livraison,CA,Foodora,1
45,12,164.85,149.86363635,2017-01-04,4 - Soir,3 - Mercredi,Livraison,CA,KM LIVRAISON,1
46,21,321.5,292.27272723,2017-01-04,4 - Soir,3 - Mercredi,Livraison,CA,UberEats,1
47,12,174.5,158.13787876,2017-01-04,4 - Soir,3 - Mercredi,Sur place,CA,,11
50,7,97.99,89.08181819,2017-01-05,2 - Midi,4 - Jeudi,À emporter,CA,,6
51,4,61.0,55.45454545,2017-01-05,2 - Midi,4 - Jeudi,Livraison,CA,Deliveroo,2
52,3,51.0,46.36363636,2017-01-05,2 - Midi,4 - Jeudi,Livraison,CA,Foodora,1
53,1,20.5,18.63636363,2017-01-05,2 - Midi,4 - Jeudi,Livraison,CA,KM LIVRAISON,1
54,4,59.0,53.63636361,2017-01-05,2 - Midi,4 - Jeudi,Livraison,CA,UberEats,1
55,64,911.25,828.40303031,2017-01-05,2 - Midi,4 - Jeudi,Sur place,CA,,59
56,14,179.5,163.18181816,2017-01-05,4 - Soir,4 - Jeudi,À emporter,CA,,9
57,6,89.5,81.36363634,2017-01-05,4 - Soir,4 - Jeudi,Livraison,CA,AlloResto,1
58,18,280.4,254.58484845,2017-01-05,4 - Soir,4 - Jeudi,Livraison,CA,Deliveroo,1
59,31,490.8,446.1818181,2017-01-05,4 - Soir,4 - Jeudi,Livraison,CA,Foodora,1
60,25,376.73,342.15757571,2017-01-05,4 - Soir,4 - Jeudi,Livraison,CA,KM LIVRAISON,1
61,16,232.5,211.36363634,2017-01-05,4 - Soir,4 - Jeudi,Livraison,CA,UberEats,1
62,16,224.4,203.16666666,2017-01-05,4 - Soir,4 - Jeudi,Sur place,CA,,11
65,10,142.0,129.09090909,2017-01-06,2 - Midi,5 - Vendredi,À emporter,CA,,8
66,1,17.0,15.45454545,2017-01-06,2 - Midi,5 - Vendredi,Livraison,CA,AlloResto,1
67,6,96.0,87.27272727,2017-01-06,2 - Midi,5 - Vendredi,Livraison,CA,Deliveroo,1
68,5,86.0,78.18181817,2017-01-06,2 - Midi,5 - Vendredi,Livraison,CA,Foodora,1
69,3,40.93,37.2090909,2017-01-06,2 - Midi,5 - Vendredi,Livraison,CA,KM LIVRAISON,1
70,1,15.5,14.09090909,2017-01-06,2 - Midi,5 - Vendredi,Livraison,CA,UberEats,1
71,63,907.3,823.12045469,2017-01-06,2 - Midi,5 - Vendredi,Sur place,CA,,47
72,3,49.11,44.64545454,2017-01-06,3 - Après-midi,5 - Vendredi,Sur place,CA,,4
73,19,304.7,276.99999997,2017-01-06,4 - Soir,5 - Vendredi,À emporter,CA,,10
74,7,108.5,98.63636363,2017-01-06,4 - Soir,5 - Vendredi,Livraison,CA,AlloResto,1
75,39,585.5,532.2727272,2017-01-06,4 - Soir,5 - Vendredi,Livraison,CA,Deliveroo,1
76,52,818.5,744.09090901,2017-01-06,4 - Soir,5 - Vendredi,Livraison,CA,Foodora,1
77,24,323.51,294.09999995,2017-01-06,4 - Soir,5 - Vendredi,Livraison,CA,KM LIVRAISON,1
78,22,341.2,310.18181816,2017-01-06,4 - Soir,5 - Vendredi,Livraison,CA,UberEats,1
79,31,433.4,392.94318184,2017-01-06,4 - Soir,5 - Vendredi,Sur place,CA,,21
83,7,88.98,80.89090911,2017-01-07,2 - Midi,6 - Samedi,À emporter,CA,,5
84,51,694.5,629.75000003,2017-01-07,2 - Midi,6 - Samedi,Sur place,CA,,25
85,46,731.4,664.9090908,2017-01-07,3 - Après-midi,6 - Samedi,À emporter,CA,,29
86,30,454.01,411.58939394,2017-01-07,3 - Après-midi,6 - Samedi,Sur place,CA,,25
87,14,205.5,186.81818179,2017-01-07,4 - Soir,6 - Samedi,À emporter,CA,,7
88,4,66.5,60.45454544,2017-01-07,4 - Soir,6 - Samedi,Livraison,CA,Foodora,2
89,175,2573.06,2337.89848468,2017-01-07,4 - Soir,6 - Samedi,Sur place,CA,,44
91,3,46.5,42.27272727,2017-01-08,3 - Après-midi,7 - Dimanche,Sur place,CA,,2
92,170,2595.43,2359.48181787,2017-01-08,4 - Soir,7 - Dimanche,À emporter,CA,,91
93,1,11.5,10.45454545,2017-01-08,4 - Soir,7 - Dimanche,Sur place,CA,,8
96,6,74.2,67.45454547,2017-01-09,2 - Midi,1 - Lundi,À emporter,CA,,6
97,11,163.0,148.18181816,2017-01-09,2 - Midi,1 - Lundi,Livraison,CA,Deliveroo,1
98,1,17.0,15.45454545,2017-01-09,2 - Midi,1 - Lundi,Livraison,CA,Foodora,1
99,9,182.5,165.90909088,2017-01-09,2 - Midi,1 - Lundi,Livraison,CA,KM LIVRAISON,3
100,1,15.5,14.09090909,2017-01-09,2 - Midi,1 - Lundi,Livraison,CA,UberEats,1
101,41,587.06,532.00454551,2017-01-09,2 - Midi,1 - Lundi,Sur place,CA,,27
102,1,18.0,16.36363636,2017-01-09,3 - Après-midi,1 - Lundi,Livraison,CA,Foodora,1
103,2,29.0,26.36363636,2017-01-09,3 - Après-midi,1 - Lundi,Sur place,CA,,5
104,8,91.0,82.72727274,2017-01-09,4 - Soir,1 - Lundi,À emporter,CA,,4
105,11,174.2,158.36363636,2017-01-09,4 - Soir,1 - Lundi,Livraison,CA,AlloResto,1
106,17,282.9,257.1818181,2017-01-09,4 - Soir,1 - Lundi,Livraison,CA,Deliveroo,1
107,10,153.9,139.90909089,2017-01-09,4 - Soir,1 - Lundi,Livraison,CA,Foodora,1
108,15,238.76,217.05454544,2017-01-09,4 - Soir,1 - Lundi,Livraison,CA,KM LIVRAISON,1
109,14,219.5,199.54545454,2017-01-09,4 - Soir,1 - Lundi,Livraison,CA,UberEats,1
110,4,73.5,66.20909093,2017-01-09,4 - Soir,1 - Lundi,Sur place,CA,,3
113,5,75.0,68.18181819,2017-01-10,2 - Midi,2 - Mardi,À emporter,CA,,5
114,5,73.4,66.72727274,2017-01-10,2 - Midi,2 - Mardi,Livraison,CA,Deliveroo,1
115,1,15.5,14.09090909,2017-01-10,2 - Midi,2 - Mardi,Livraison,CA,Foodora,1
116,3,44.5,40.45454545,2017-01-10,2 - Midi,2 - Mardi,Livraison,CA,UberEats,1
117,35,516.4,467.85075759,2017-01-10,2 - Midi,2 - Mardi,Sur place,CA,,28
118,1,12.5,11.36363636,2017-01-10,3 - Après-midi,2 - Mardi,À emporter,CA,,1
119,1,15.0,13.34924242,2017-01-10,3 - Après-midi,2 - Mardi,Sur place,CA,,1
120,21,292.67,266.06363634,2017-01-10,4 - Soir,2 - Mardi,À emporter,CA,,12
121,11,155.0,140.90909086,2017-01-10,4 - Soir,2 - Mardi,Livraison,CA,AlloResto,1
122,23,386.2,350.79545451,2017-01-10,4 - Soir,2 - Mardi,Livraison,CA,Deliveroo,1
123,20,311.3,282.99999998,2017-01-10,4 - Soir,2 - Mardi,Livraison,CA,Foodora,1
124,32,471.14,427.98030299,2017-01-10,4 - Soir,2 - Mardi,Livraison,CA,KM LIVRAISON,1
125,32,446.7,405.7863636,2017-01-10,4 - Soir,2 - Mardi,Sur place,CA,,23
128,1,15.5,14.09090909,2017-01-11,1 - Matin,3 - Mercredi,Sur place,CA,,1
129,10,150.0,136.36363636,2017-01-11,2 - Midi,3 - Mercredi,À emporter,CA,,1
130,5,75.8,68.90909092,2017-01-11,2 - Midi,3 - Mercredi,À emporter,CA,,4
131,1,18.0,16.36363636,2017-01-11,2 - Midi,3 - Mercredi,Livraison,CA,AlloResto,1
132,4,67.0,60.9090909,2017-01-11,2 - Midi,3 - Mercredi,Livraison,CA,Deliveroo,1
133,8,101.5,92.27272725,2017-01-11,2 - Midi,3 - Mercredi,Livraison,CA,Foodora,1
134,2,27.5,24.99999999,2017-01-11,2 - Midi,3 - Mercredi,Livraison,CA,KM LIVRAISON,1
135,2,32.5,29.54545454,2017-01-11,2 - Midi,3 - Mercredi,Livraison,CA,UberEats,1
136,9,119.8,109.13636366,2017-01-11,2 - Midi,3 - Mercredi,Sur place,CA,,10
137,56,748.44,679.44924244,2017-01-11,2 - Midi,3 - Mercredi,Sur place,CA,,52
139,4,64.0,56.8939394,2017-01-11,3 - Après-midi,3 - Mercredi,Sur place,CA,,3
140,10,145.5,132.27272727,2017-01-11,4 - Soir,3 - Mercredi,À emporter,CA,,6
141,3,49.0,44.54545454,2017-01-11,4 - Soir,3 - Mercredi,Livraison,CA,AlloResto,1
142,26,396.1,360.09090911,2017-01-11,4 - Soir,3 - Mercredi,Livraison,CA,Deliveroo,1
143,14,190.0,172.72727271,2017-01-11,4 - Soir,3 - Mercredi,Livraison,CA,Foodora,1
144,17,231.85,210.77272725,2017-01-11,4 - Soir,3 - Mercredi,Livraison,CA,KM LIVRAISON,1
145,21,346.7,314.88636359,2017-01-11,4 - Soir,3 - Mercredi,Livraison,CA,UberEats,1
146,11,175.0,156.86363635,2017-01-11,4 - Soir,3 - Mercredi,Sur place,CA,,8
149,0,4.5,4.09090908,2017-01-12,1 - Matin,4 - Jeudi,Sur place,CA,,1
150,16,218.15,198.31818185,2017-01-12,2 - Midi,4 - Jeudi,À emporter,CA,,14
151,75,1078.03,977.49621219,2017-01-12,2 - Midi,4 - Jeudi,Sur place,CA,,70
152,2,35.5,32.27272727,2017-01-12,3 - Après-midi,4 - Jeudi,À emporter,CA,,1
153,5,80.0,71.36363636,2017-01-12,3 - Après-midi,4 - Jeudi,Livraison,CA,Foodora,1
154,1,22.0,19.99999999,2017-01-12,3 - Après-midi,4 - Jeudi,Livraison,CA,KM LIVRAISON,1
155,2,31.0,28.18181818,2017-01-12,3 - Après-midi,4 - Jeudi,Livraison,CA,UberEats,1
156,4,60.9,55.36363636,2017-01-12,3 - Après-midi,4 - Jeudi,Sur place,CA,,4
157,8,132.5,120.45454546,2017-01-12,4 - Soir,4 - Jeudi,À emporter,CA,,8
158,17,241.4,219.45454542,2017-01-12,4 - Soir,4 - Jeudi,Livraison,CA,AlloResto,1
159,17,276.4,250.60909091,2017-01-12,4 - Soir,4 - Jeudi,Livraison,CA,Deliveroo,1
160,15,231.0,210.00000001,2017-01-12,4 - Soir,4 - Jeudi,Livraison,CA,Foodora,1
161,24,334.16,303.44242418,2017-01-12,4 - Soir,4 - Jeudi,Livraison,CA,KM LIVRAISON,1
162,29,435.5,395.90909089,2017-01-12,4 - Soir,4 - Jeudi,Livraison,CA,UberEats,1
163,22,316.5,285.75000001,2017-01-12,4 - Soir,4 - Jeudi,Sur place,CA,,17
166,20,279.2,253.81818184,2017-01-13,2 - Midi,5 - Vendredi,À emporter,CA,,15
167,3,46.5,42.27272727,2017-01-13,2 - Midi,5 - Vendredi,Livraison,CA,AlloResto,1
168,3,51.5,46.81818181,2017-01-13,2 - Midi,5 - Vendredi,Livraison,CA,Deliveroo,1
169,9,139.5,126.81818181,2017-01-13,2 - Midi,5 - Vendredi,Livraison,CA,Foodora,1
170,11,137.88,125.34545454,2017-01-13,2 - Midi,5 - Vendredi,Livraison,CA,KM LIVRAISON,1
171,11,156.5,142.27272729,2017-01-13,2 - Midi,5 - Vendredi,Livraison,CA,UberEats,1
172,83,1174.75,1064.55000004,2017-01-13,2 - Midi,5 - Vendredi,Sur place,CA,,77
173,1,12.5,11.36363636,2017-01-13,3 - Après-midi,5 - Vendredi,Sur place,CA,,1
174,19,221.1,201.00000004,2017-01-13,4 - Soir,5 - Vendredi,À emporter,CA,,12
175,20,278.4,253.09090907,2017-01-13,4 - Soir,5 - Vendredi,Livraison,CA,AlloResto,1
176,24,343.4,312.18181815,2017-01-13,4 - Soir,5 - Vendredi,Livraison,CA,Deliveroo,1
177,35,524.0,476.36363631,2017-01-13,4 - Soir,5 - Vendredi,Livraison,CA,Foodora,1
178,64,886.6,805.99999984,2017-01-13,4 - Soir,5 - Vendredi,Livraison,CA,KM LIVRAISON,1
179,24,366.3,332.99999997,2017-01-13,4 - Soir,5 - Vendredi,Livraison,CA,UberEats,2
180,21,313.4,282.55303032,2017-01-13,4 - Soir,5 - Vendredi,Sur place,CA,,20
183,11,132.2,120.1818182,2017-01-14,2 - Midi,6 - Samedi,À emporter,CA,,5
184,97,1390.5,1261.73863632,2017-01-14,2 - Midi,6 - Samedi,Sur place,CA,,58
185,4,50.0,45.45454547,2017-01-14,3 - Après-midi,6 - Samedi,À emporter,CA,,3
186,10,166.0,150.90909089,2017-01-14,3 - Après-midi,6 - Samedi,Livraison,CA,Deliveroo,1
187,10,151.8,137.99999999,2017-01-14,3 - Après-midi,6 - Samedi,Livraison,CA,Foodora,1
188,21,296.33,268.73787878,2017-01-14,3 - Après-midi,6 - Samedi,Livraison,CA,KM LIVRAISON,1
189,14,224.9,204.45454544,2017-01-14,3 - Après-midi,6 - Samedi,Livraison,CA,UberEats,1
190,17,257.25,231.76818183,2017-01-14,3 - Après-midi,6 - Samedi,Sur place,CA,,20
191,13,174.85,158.95454546,2017-01-14,4 - Soir,6 - Samedi,À emporter,CA,,10
192,12,163.2,148.36363637,2017-01-14,4 - Soir,6 - Samedi,Livraison,CA,AlloResto,2
193,28,421.5,383.18181812,2017-01-14,4 - Soir,6 - Samedi,Livraison,CA,Deliveroo,1
194,24,344.0,312.72727269,2017-01-14,4 - Soir,6 - Samedi,Livraison,CA,Foodora,1
195,35,532.19,483.16060602,2017-01-14,4 - Soir,6 - Samedi,Livraison,CA,KM LIVRAISON,1
196,16,269.0,244.54545454,2017-01-14,4 - Soir,6 - Samedi,Livraison,CA,UberEats,1
197,66,995.9,897.5348486,2017-01-14,4 - Soir,6 - Samedi,Sur place,CA,,31
199,10,146.0,132.72727274,2017-01-15,3 - Après-midi,7 - Dimanche,Sur place,CA,,10
200,23,314.5,285.90909095,2017-01-15,4 - Soir,7 - Dimanche,À emporter,CA,,13
201,16,252.5,229.54545452,2017-01-15,4 - Soir,7 - Dimanche,Livraison,CA,AlloResto,1
202,28,456.7,415.18181812,2017-01-15,4 - Soir,7 - Dimanche,Livraison,CA,Deliveroo,1
203,32,470.0,427.27272724,2017-01-15,4 - Soir,7 - Dimanche,Livraison,CA,Foodora,1
204,46,678.86,617.14545442,2017-01-15,4 - Soir,7 - Dimanche,Livraison,CA,KM LIVRAISON,1
205,28,418.0,379.99999997,2017-01-15,4 - Soir,7 - Dimanche,Livraison,CA,UberEats,1
206,4,57.9,52.01818182,2017-01-15,4 - Soir,7 - Dimanche,Sur place,CA,,3
209,16,194.5,176.81818183,2017-01-16,2 - Midi,1 - Lundi,À emporter,CA,,13
210,6,98.0,89.09090908,2017-01-16,2 - Midi,1 - Lundi,Livraison,CA,AlloResto,1
211,5,82.0,74.54545454,2017-01-16,2 - Midi,1 - Lundi,Livraison,CA,Foodora,1
212,2,34.0,30.90909091,2017-01-16,2 - Midi,1 - Lundi,Livraison,CA,UberEats,1
213,58,837.96,761.16818189,2017-01-16,2 - Midi,1 - Lundi,Sur place,CA,,43
214,5,76.5,69.54545455,2017-01-16,3 - Après-midi,1 - Lundi,Livraison,CA,Deliveroo,1
215,2,31.0,28.18181818,2017-01-16,3 - Après-midi,1 - Lundi,Sur place,CA,,1
216,5,68.5,62.27272726,2017-01-16,4 - Soir,1 - Lundi,À emporter,CA,,2
217,2,30.4,27.63636364,2017-01-16,4 - Soir,1 - Lundi,Livraison,CA,AlloResto,3
218,12,186.4,169.45454543,2017-01-16,4 - Soir,1 - Lundi,Livraison,CA,Deliveroo,1
219,3,48.5,44.09090909,2017-01-16,4 - Soir,1 - Lundi,Livraison,CA,Foodora,1
220,9,166.36,151.23636362,2017-01-16,4 - Soir,1 - Lundi,Livraison,CA,KM LIVRAISON,1
221,11,177.0,160.90909087,2017-01-16,4 - Soir,1 - Lundi,Livraison,CA,UberEats,1
222,2,33.5,30.45454545,2017-01-16,4 - Soir,1 - Lundi,Sur place,CA,,3
225,10,140.0,127.2727273,2017-01-17,2 - Midi,2 - Mardi,À emporter,CA,,10
226,3,43.0,39.0909091,2017-01-17,2 - Midi,2 - Mardi,Livraison,CA,Deliveroo,1
227,1,15.5,14.09090909,2017-01-17,2 - Midi,2 - Mardi,Livraison,CA,Foodora,1
228,18,262.2,238.36363635,2017-01-17,2 - Midi,2 - Mardi,Livraison,CA,UberEats,2
229,51,776.9,702.09469699,2017-01-17,2 - Midi,2 - Mardi,Sur place,CA,,50
230,1,12.5,11.36363637,2017-01-17,3 - Après-midi,2 - Mardi,À emporter,CA,,1
231,12,157.4,143.09090907,2017-01-17,4 - Soir,2 - Mardi,À emporter,CA,,8
232,3,59.0,52.27272727,2017-01-17,4 - Soir,2 - Mardi,Livraison,CA,AlloResto,1
233,19,296.0,269.09090907,2017-01-17,4 - Soir,2 - Mardi,Livraison,CA,Deliveroo,1
234,14,208.5,189.54545451,2017-01-17,4 - Soir,2 - Mardi,Livraison,CA,Foodora,1
235,34,454.05,411.50909087,2017-01-17,4 - Soir,2 - Mardi,Livraison,CA,KM LIVRAISON,1
236,19,302.0,274.54545452,2017-01-17,4 - Soir,2 - Mardi,Livraison,CA,UberEats,1
237,21,299.9,270.47272728,2017-01-17,4 - Soir,2 - Mardi,Sur place,CA,,18
240,19,248.2,225.63636367,2017-01-18,2 - Midi,3 - Mercredi,À emporter,CA,,11
241,7,93.5,84.99999999,2017-01-18,2 - Midi,3 - Mercredi,Livraison,CA,Deliveroo,1
242,5,83.0,75.45454544,2017-01-18,2 - Midi,3 - Mercredi,Livraison,CA,Foodora,1
243,9,98.15,89.22727274,2017-01-18,2 - Midi,3 - Mercredi,Livraison,CA,KM LIVRAISON,1
244,6,91.5,83.18181817,2017-01-18,2 - Midi,3 - Mercredi,Livraison,CA,UberEats,1
245,59,833.88,756.97045462,2017-01-18,2 - Midi,3 - Mercredi,Sur place,CA,,49
246,2,22.5,20.14545454,2017-01-18,3 - Après-midi,3 - Mercredi,Sur place,CA,,1
247,15,216.4,196.72727272,2017-01-18,4 - Soir,3 - Mercredi,À emporter,CA,,6
248,13,183.3,166.63636362,2017-01-18,4 - Soir,3 - Mercredi,Livraison,CA,AlloResto,1
249,19,287.5,261.03939394,2017-01-18,4 - Soir,3 - Mercredi,Livraison,CA,Deliveroo,1
250,26,423.4,384.90909085,2017-01-18,4 - Soir,3 - Mercredi,Livraison,CA,Foodora,1
251,17,230.46,208.86515151,2017-01-18,4 - Soir,3 - Mercredi,Livraison,CA,KM LIVRAISON,1
252,12,181.7,165.18181818,2017-01-18,4 - Soir,3 - Mercredi,Livraison,CA,UberEats,1
253,12,177.3,160.87727275,2017-01-18,4 - Soir,3 - Mercredi,Sur place,CA,,10
256,10,157.0,142.72727276,2017-01-19,2 - Midi,4 - Jeudi,À emporter,CA,,9
257,2,28.5,25.90909091,2017-01-19,2 - Midi,4 - Jeudi,Livraison,CA,AlloResto,1
258,3,45.0,40.90909091,2017-01-19,2 - Midi,4 - Jeudi,Livraison,CA,Deliveroo,1
259,5,81.0,73.63636363,2017-01-19,2 - Midi,4 - Jeudi,Livraison,CA,Foodora,1
260,2,35.4,32.18181818,2017-01-19,2 - Midi,4 - Jeudi,Livraison,CA,KM LIVRAISON,1
261,4,56.0,50.9090909,2017-01-19,2 - Midi,4 - Jeudi,Livraison,CA,UberEats,1
262,64,954.5,864.82803032,2017-01-19,2 - Midi,4 - Jeudi,Sur place,CA,,61
264,4,50.0,45.45454545,2017-01-19,4 - Soir,4 - Jeudi,À emporter,CA,,2
265,9,133.5,121.36363636,2017-01-19,4 - Soir,4 - Jeudi,À emporter,CA,,5
266,12,151.23,137.48181819,2017-01-19,4 - Soir,4 - Jeudi,À emporter,CA,,11
267,7,110.9,100.81818181,2017-01-19,4 - Soir,4 - Jeudi,Livraison,CA,AlloResto,1
268,17,267.9,243.2212121,2017-01-19,4 - Soir,4 - Jeudi,Livraison,CA,Deliveroo,1
269,31,440.0,399.99999993,2017-01-19,4 - Soir,4 - Jeudi,Livraison,CA,Foodora,1
270,42,604.25,548.99393937,2017-01-19,4 - Soir,4 - Jeudi,Livraison,CA,KM LIVRAISON,1
271,25,378.8,344.36363635,2017-01-19,4 - Soir,4 - Jeudi,Livraison,CA,UberEats,1
272,2,34.0,30.9090909,2017-01-19,4 - Soir,4 - Jeudi,Sur place,CA,,3
273,6,92.0,83.63636362,2017-01-19,4 - Soir,4 - Jeudi,Sur place,CA,,8
276,16,221.2,201.09090911,2017-01-20,2 - Midi,5 - Vendredi,À emporter,CA,,15
277,2,31.0,28.18181818,2017-01-20,2 - Midi,5 - Vendredi,Livraison,CA,AlloResto,1
278,7,106.9,97.18181817,2017-01-20,2 - Midi,5 - Vendredi,Livraison,CA,Deliveroo,1
279,2,33.0,30.0,2017-01-20,2 - Midi,5 - Vendredi,Livraison,CA,Foodora,1
280,33,496.49,451.35454537,2017-01-20,2 - Midi,5 - Vendredi,Livraison,CA,KM LIVRAISON,1
281,11,157.0,142.72727272,2017-01-20,2 - Midi,5 - Vendredi,Livraison,CA,UberEats,1
282,65,862.55,780.21363651,2017-01-20,2 - Midi,5 - Vendredi,Sur place,CA,,55
283,5,65.5,59.54545456,2017-01-20,3 - Après-midi,5 - Vendredi,À emporter,CA,,5
284,0,2.38,2.16363636,2017-01-20,3 - Après-midi,5 - Vendredi,Sur place,CA,,1
285,11,154.0,140.0,2017-01-20,4 - Soir,5 - Vendredi,À emporter,CA,,6
286,16,245.0,222.72727269,2017-01-20,4 - Soir,5 - Vendredi,Livraison,CA,AlloResto,1
287,22,384.7,348.14848485,2017-01-20,4 - Soir,5 - Vendredi,Livraison,CA,Deliveroo,1
288,34,498.9,453.54545453,2017-01-20,4 - Soir,5 - Vendredi,Livraison,CA,Foodora,1
289,36,503.23,456.82424245,2017-01-20,4 - Soir,5 - Vendredi,Livraison,CA,KM LIVRAISON,1
290,38,586.0,532.72727264,2017-01-20,4 - Soir,5 - Vendredi,Livraison,CA,UberEats,3
291,42,591.8,534.26363637,2017-01-20,4 - Soir,5 - Vendredi,Sur place,CA,,33
294,8,90.5,82.27272726,2017-01-21,2 - Midi,6 - Samedi,À emporter,CA,,4
295,74,1024.42,929.54621215,2017-01-21,2 - Midi,6 - Samedi,Sur place,CA,,50
296,5,61.5,55.90909092,2017-01-21,3 - Après-midi,6 - Samedi,À emporter,CA,,2
297,6,86.5,78.63636363,2017-01-21,3 - Après-midi,6 - Samedi,Livraison,CA,AlloResto,1
298,10,135.5,123.18181817,2017-01-21,3 - Après-midi,6 - Samedi,Livraison,CA,Deliveroo,1
299,23,352.0,319.99999997,2017-01-21,3 - Après-midi,6 - Samedi,Livraison,CA,Foodora,1
300,17,229.85,208.60681814,2017-01-21,3 - Après-midi,6 - Samedi,Livraison,CA,KM LIVRAISON,1
301,33,507.0,460.90909086,2017-01-21,3 - Après-midi,6 - Samedi,Livraison,CA,UberEats,1
302,14,227.0,204.89393942,2017-01-21,3 - Après-midi,6 - Samedi,Sur place,CA,,13
303,19,228.0,207.27272727,2017-01-21,4 - Soir,6 - Samedi,À emporter,CA,,7
304,8,107.3,97.54545455,2017-01-21,4 - Soir,6 - Samedi,Livraison,CA,AlloResto,1
305,16,261.4,237.6363636,2017-01-21,4 - Soir,6 - Samedi,Livraison,CA,Deliveroo,1
306,23,348.5,316.81818176,2017-01-21,4 - Soir,6 - Samedi,Livraison,CA,Foodora,2
307,35,443.03,402.75454545,2017-01-21,4 - Soir,6 - Samedi,Livraison,CA,KM LIVRAISON,1
308,23,382.4,347.6363636,2017-01-21,4 - Soir,6 - Samedi,Livraison,CA,UberEats,1
309,18,265.5,241.36363635,2017-01-21,4 - Soir,6 - Samedi,Livraison,CA,UberEats,6
310,28,372.18,337.11818187,2017-01-21,4 - Soir,6 - Samedi,Sur place,CA,,14
312,1,8.5,7.72727273,2017-01-22,3 - Après-midi,7 - Dimanche,À emporter,CA,,1
313,6,95.5,86.2878788,2017-01-22,3 - Après-midi,7 - Dimanche,Sur place,CA,,3
314,15,213.5,194.0909091,2017-01-22,4 - Soir,7 - Dimanche,À emporter,CA,,8
315,26,406.6,369.63636363,2017-01-22,4 - Soir,7 - Dimanche,Livraison,CA,AlloResto,1
316,41,647.7,588.49393936,2017-01-22,4 - Soir,7 - Dimanche,Livraison,CA,Deliveroo,1
317,47,708.9,644.45454535,2017-01-22,4 - Soir,7 - Dimanche,Livraison,CA,Foodora,1
318,50,686.71,623.94242421,2017-01-22,4 - Soir,7 - Dimanche,Livraison,CA,KM LIVRAISON,1
319,36,562.4,511.27272717,2017-01-22,4 - Soir,7 - Dimanche,Livraison,CA,UberEats,1
320,24,315.9,285.50227279,2017-01-22,4 - Soir,7 - Dimanche,Sur place,CA,,17
323,5,69.5,63.18181817,2017-01-23,2 - Midi,1 - Lundi,À emporter,CA,,5
324,32,410.41,371.43939396,2017-01-23,2 - Midi,1 - Lundi,Sur place,CA,,25
325,6,100.0,90.9090909,2017-01-23,3 - Après-midi,1 - Lundi,Livraison,CA,Deliveroo,2
326,9,118.96,108.14545454,2017-01-23,3 - Après-midi,1 - Lundi,Livraison,CA,KM LIVRAISON,1
327,6,86.0,78.18181817,2017-01-23,3 - Après-midi,1 - Lundi,Livraison,CA,UberEats,1
328,7,84.5,76.81818183,2017-01-23,4 - Soir,1 - Lundi,À emporter,CA,,6
329,19,280.3,254.81818178,2017-01-23,4 - Soir,1 - Lundi,Livraison,CA,AlloResto,1
330,17,279.5,254.09090908,2017-01-23,4 - Soir,1 - Lundi,Livraison,CA,Deliveroo,1
331,15,239.0,217.27272725,2017-01-23,4 - Soir,1 - Lundi,Livraison,CA,Foodora,1
332,21,220.81,200.73636362,2017-01-23,4 - Soir,1 - Lundi,Livraison,CA,KM LIVRAISON,1
333,13,200.0,181.81818178,2017-01-23,4 - Soir,1 - Lundi,Livraison,CA,UberEats,1
334,22,325.0,295.14545457,2017-01-23,4 - Soir,1 - Lundi,Sur place,CA,,17
337,12,173.2,157.45454546,2017-01-24,2 - Midi,2 - Mardi,À emporter,CA,,11
338,3,37.5,34.09090908,2017-01-24,2 - Midi,2 - Mardi,Livraison,CA,AlloResto,1
340,5,80.5,73.18181818,2017-01-24,2 - Midi,2 - Mardi,Livraison,CA,Foodora,1
341,2,29.0,26.36363637,2017-01-24,2 - Midi,2 - Mardi,Livraison,CA,KM LIVRAISON,1
342,4,63.5,57.72727271,2017-01-24,2 - Midi,2 - Mardi,Livraison,CA,UberEats,1
343,51,794.46,720.14545453,2017-01-24,2 - Midi,2 - Mardi,Sur place,CA,,29
344,0,7.2,6.28030303,2017-01-24,3 - Après-midi,2 - Mardi,Sur place,CA,,1
345,12,142.5,129.54545457,2017-01-24,4 - Soir,2 - Mardi,À emporter,CA,,6
346,20,300.2,272.90909093,2017-01-24,4 - Soir,2 - Mardi,Livraison,CA,AlloResto,1
347,16,247.0,224.54545453,2017-01-24,4 - Soir,2 - Mardi,Livraison,CA,Deliveroo,1
348,16,252.4,229.45454545,2017-01-24,4 - Soir,2 - Mardi,Livraison,CA,Foodora,1
349,23,332.4,302.18181816,2017-01-24,4 - Soir,2 - Mardi,Livraison,CA,KM LIVRAISON,1
350,10,147.5,134.09090909,2017-01-24,4 - Soir,2 - Mardi,Livraison,CA,UberEats,1
351,26,392.45,353.98030302,2017-01-24,4 - Soir,2 - Mardi,Sur place,CA,,18
354,9,130.15,118.31818183,2017-01-25,2 - Midi,3 - Mercredi,À emporter,CA,,10
355,70,984.03,892.44621213,2017-01-25,2 - Midi,3 - Mercredi,Sur place,CA,,63
356,8,122.5,111.36363635,2017-01-25,3 - Après-midi,3 - Mercredi,Livraison,CA,Deliveroo,2
357,1,13.5,12.27272728,2017-01-25,3 - Après-midi,3 - Mercredi,Livraison,CA,Foodora,1
358,1,20.5,18.63636363,2017-01-25,3 - Après-midi,3 - Mercredi,Livraison,CA,KM LIVRAISON,1
359,5,70.0,63.63636362,2017-01-25,3 - Après-midi,3 - Mercredi,Livraison,CA,UberEats,1
360,2,28.0,25.45454546,2017-01-25,3 - Après-midi,3 - Mercredi,Sur place,CA,,2
361,8,108.83,98.93636364,2017-01-25,4 - Soir,3 - Mercredi,À emporter,CA,,6
362,7,112.5,102.27272726,2017-01-25,4 - Soir,3 - Mercredi,Livraison,CA,AlloResto,3
363,13,194.9,177.18181819,2017-01-25,4 - Soir,3 - Mercredi,Livraison,CA,Deliveroo,1
364,16,248.9,226.27272726,2017-01-25,4 - Soir,3 - Mercredi,Livraison,CA,Foodora,1
365,40,556.86,506.23636359,2017-01-25,4 - Soir,3 - Mercredi,Livraison,CA,KM LIVRAISON,1
366,22,316.0,287.27272724,2017-01-25,4 - Soir,3 - Mercredi,Livraison,CA,UberEats,1
367,32,497.4,446.98712125,2017-01-25,4 - Soir,3 - Mercredi,Sur place,CA,,23
370,15,197.85,179.86363638,2017-01-26,2 - Midi,4 - Jeudi,À emporter,CA,,11
371,4,79.1,71.90909091,2017-01-26,2 - Midi,4 - Jeudi,Livraison,CA,UberEats,1
372,70,978.08,887.37424243,2017-01-26,2 - Midi,4 - Jeudi,Sur place,CA,,65
373,4,45.0,40.90909091,2017-01-26,3 - Après-midi,4 - Jeudi,Livraison,CA,Deliveroo,1
374,5,77.5,70.45454546,2017-01-26,3 - Après-midi,4 - Jeudi,Livraison,CA,Foodora,1
375,10,134.2,121.99999999,2017-01-26,4 - Soir,4 - Jeudi,À emporter,CA,,8
376,16,240.0,218.18181817,2017-01-26,4 - Soir,4 - Jeudi,Livraison,CA,AlloResto,1
377,35,522.5,474.99999992,2017-01-26,4 - Soir,4 - Jeudi,Livraison,CA,Deliveroo,1
378,28,418.5,380.45454542,2017-01-26,4 - Soir,4 - Jeudi,Livraison,CA,Foodora,1
379,48,643.13,584.0196969,2017-01-26,4 - Soir,4 - Jeudi,Livraison,CA,KM LIVRAISON,1
380,16,276.7,251.24999995,2017-01-26,4 - Soir,4 - Jeudi,Livraison,CA,UberEats,1
381,39,531.0,478.6219697,2017-01-26,4 - Soir,4 - Jeudi,Sur place,CA,,35
384,8,122.0,110.9090909,2017-01-27,2 - Midi,5 - Vendredi,À emporter,CA,,8
385,53,760.95,690.69696971,2017-01-27,2 - Midi,5 - Vendredi,Sur place,CA,,51
386,5,72.5,65.90909092,2017-01-27,3 - Après-midi,5 - Vendredi,Livraison,CA,Deliveroo,1
387,7,110.9,100.81818182,2017-01-27,3 - Après-midi,5 - Vendredi,Livraison,CA,Foodora,1
389,3,46.5,42.27272727,2017-01-27,3 - Après-midi,5 - Vendredi,Livraison,CA,UberEats,1
390,34,491.49,446.48030303,2017-01-27,3 - Après-midi,5 - Vendredi,Sur place,CA,,3
391,17,227.25,206.59090908,2017-01-27,4 - Soir,5 - Vendredi,À emporter,CA,,8
392,22,328.4,298.54545453,2017-01-27,4 - Soir,5 - Vendredi,Livraison,CA,AlloResto,2
393,11,154.4,140.0681818,2017-01-27,4 - Soir,5 - Vendredi,Livraison,CA,Deliveroo,5
394,41,640.8,582.24999994,2017-01-27,4 - Soir,5 - Vendredi,Livraison,CA,Foodora,2
395,101,1495.95,1358.26515137,2017-01-27,4 - Soir,5 - Vendredi,Livraison,CA,KM LIVRAISON,3
396,26,438.0,398.18181813,2017-01-27,4 - Soir,5 - Vendredi,Livraison,CA,UberEats,3
397,-17,-236.79,-214.85909088,2017-01-27,4 - Soir,5 - Vendredi,Sur place,CA,,13
400,11,158.5,144.09090909,2017-01-28,2 - Midi,6 - Samedi,À emporter,CA,,4
401,86,1196.4,1083.6204547,2017-01-28,2 - Midi,6 - Samedi,Sur place,CA,,51
402,2,31.0,28.18181818,2017-01-28,3 - Après-midi,6 - Samedi,Livraison,CA,AlloResto,1
403,15,228.0,207.27272725,2017-01-28,3 - Après-midi,6 - Samedi,Livraison,CA,Deliveroo,1
404,16,262.5,238.6363636,2017-01-28,3 - Après-midi,6 - Samedi,Livraison,CA,Foodora,1
405,22,269.93,245.39090908,2017-01-28,3 - Après-midi,6 - Samedi,Livraison,CA,KM LIVRAISON,1
406,20,317.6,288.72727269,2017-01-28,3 - Après-midi,6 - Samedi,Livraison,CA,UberEats,1
407,12,210.8,191.63636363,2017-01-28,3 - Après-midi,6 - Samedi,Sur place,CA,,8
408,19,253.8,230.72727278,2017-01-28,4 - Soir,6 - Samedi,À emporter,CA,,13
409,15,206.5,187.72727269,2017-01-28,4 - Soir,6 - Samedi,Livraison,CA,AlloResto,1
410,21,325.3,295.7272727,2017-01-28,4 - Soir,6 - Samedi,Livraison,CA,Deliveroo,1
411,31,494.9,449.90909081,2017-01-28,4 - Soir,6 - Samedi,Livraison,CA,Foodora,2
412,38,566.47,514.97272722,2017-01-28,4 - Soir,6 - Samedi,Livraison,CA,KM LIVRAISON,1
413,31,454.7,413.36363629,2017-01-28,4 - Soir,6 - Samedi,Livraison,CA,UberEats,1
414,59,863.6,782.10227276,2017-01-28,4 - Soir,6 - Samedi,Sur place,CA,,42
416,3,46.0,41.28939395,2017-01-29,3 - Après-midi,7 - Dimanche,Sur place,CA,,3
417,20,291.5,264.99999996,2017-01-29,4 - Soir,7 - Dimanche,À emporter,CA,,12
418,20,281.0,255.45454541,2017-01-29,4 - Soir,7 - Dimanche,Livraison,CA,AlloResto,2
419,36,568.8,516.79545447,2017-01-29,4 - Soir,7 - Dimanche,Livraison,CA,Deliveroo,1
420,30,483.4,439.4545454,2017-01-29,4 - Soir,7 - Dimanche,Livraison,CA,Foodora,2
421,34,531.5,483.18181812,2017-01-29,4 - Soir,7 - Dimanche,Livraison,CA,KM LIVRAISON,1
422,19,306.9,277.6363636,2017-01-29,4 - Soir,7 - Dimanche,Livraison,CA,UberEats,1
423,15,231.0,208.82196971,2017-01-29,4 - Soir,7 - Dimanche,Sur place,CA,,14
426,12,164.7,149.72727273,2017-01-30,2 - Midi,1 - Lundi,À emporter,CA,,8
427,52,765.6,692.24924247,2017-01-30,2 - Midi,1 - Lundi,Sur place,CA,,45
428,5,63.03,57.30000002,2017-01-30,3 - Après-midi,1 - Lundi,Livraison,CA,KM LIVRAISON,1
429,11,166.5,151.36363636,2017-01-30,3 - Après-midi,1 - Lundi,Livraison,CA,UberEats,1
430,4,51.9,47.18181818,2017-01-30,4 - Soir,1 - Lundi,À emporter,CA,,2
431,10,125.0,113.63636361,2017-01-30,4 - Soir,1 - Lundi,Livraison,CA,AlloResto,1
432,10,158.5,144.09090908,2017-01-30,4 - Soir,1 - Lundi,Livraison,CA,Deliveroo,1
433,9,166.4,150.9772727,2017-01-30,4 - Soir,1 - Lundi,Livraison,CA,Foodora,1
434,20,302.16,274.69090904,2017-01-30,4 - Soir,1 - Lundi,Livraison,CA,KM LIVRAISON,1
435,22,327.5,297.72727268,2017-01-30,4 - Soir,1 - Lundi,Livraison,CA,UberEats,1
436,11,143.47,130.42727272,2017-01-30,4 - Soir,1 - Lundi,Sur place,CA,,5
439,10,139.4,126.72727274,2017-01-31,2 - Midi,2 - Mardi,À emporter,CA,,9
440,48,693.09,629.20303033,2017-01-31,2 - Midi,2 - Mardi,Sur place,CA,,47
442,2,25.0,22.72727272,2017-01-31,3 - Après-midi,2 - Mardi,À emporter,CA,,1
443,3,45.5,41.36363636,2017-01-31,3 - Après-midi,2 - Mardi,Livraison,CA,AlloResto,1
444,3,47.9,43.54545454,2017-01-31,3 - Après-midi,2 - Mardi,Livraison,CA,Deliveroo,1
445,4,54.0,49.09090908,2017-01-31,3 - Après-midi,2 - Mardi,Livraison,CA,Foodora,1
446,4,63.0,57.27272728,2017-01-31,3 - Après-midi,2 - Mardi,Livraison,CA,UberEats,1
447,2,34.5,30.61969696,2017-01-31,3 - Après-midi,2 - Mardi,Sur place,CA,,3
448,7,77.5,70.45454546,2017-01-31,4 - Soir,2 - Mardi,À emporter,CA,,3
449,4,57.0,51.8181818,2017-01-31,4 - Soir,2 - Mardi,Livraison,CA,AlloResto,1
450,19,318.1,289.18181817,2017-01-31,4 - Soir,2 - Mardi,Livraison,CA,Deliveroo,1
451,23,372.8,338.90909087,2017-01-31,4 - Soir,2 - Mardi,Livraison,CA,Foodora,1
452,17,219.89,199.90000001,2017-01-31,4 - Soir,2 - Mardi,Livraison,CA,KM LIVRAISON,1
453,2,34.5,31.36363636,2017-01-31,4 - Soir,2 - Mardi,Livraison,CA,UberEats,1
454,22,346.5,309.90984852,2017-01-31,4 - Soir,2 - Mardi,Sur place,CA,,11
457,9,103.58,94.16363639,2017-02-01,2 - Midi,3 - Mercredi,À emporter,CA,,4
458,2,31.0,28.18181818,2017-02-01,2 - Midi,3 - Mercredi,Livraison,CA,AlloResto,1
459,11,168.4,153.09090909,2017-02-01,2 - Midi,3 - Mercredi,Livraison,CA,Deliveroo,1
460,3,55.5,50.45454545,2017-02-01,2 - Midi,3 - Mercredi,Livraison,CA,Foodora,1
461,8,122.8,111.63636362,2017-02-01,2 - Midi,3 - Mercredi,Livraison,CA,KM LIVRAISON,1
462,3,46.5,42.27272727,2017-02-01,2 - Midi,3 - Mercredi,Livraison,CA,UberEats,4
463,48,646.56,586.63484848,2017-02-01,2 - Midi,3 - Mercredi,Sur place,CA,,35
464,14,165.51,150.4636364,2017-02-01,4 - Soir,3 - Mercredi,À emporter,CA,,10
465,2,34.9,31.72727272,2017-02-01,4 - Soir,3 - Mercredi,Livraison,CA,AlloResto,1
466,5,81.5,74.09090908,2017-02-01,4 - Soir,3 - Mercredi,Livraison,CA,Deliveroo,1
467,16,240.4,218.24999999,2017-02-01,4 - Soir,3 - Mercredi,Livraison,CA,Foodora,1
468,19,275.71,249.64469698,2017-02-01,4 - Soir,3 - Mercredi,Livraison,CA,KM LIVRAISON,1
469,10,151.0,137.27272727,2017-02-01,4 - Soir,3 - Mercredi,Livraison,CA,UberEats,1
470,8,112.2,101.99999999,2017-02-01,4 - Soir,3 - Mercredi,Sur place,CA,,6
473,1,16.9,15.36363637,2017-02-02,1 - Matin,4 - Jeudi,Sur place,CA,,2
474,12,166.5,151.36363636,2017-02-02,2 - Midi,4 - Jeudi,À emporter,CA,,12
475,0,12.5,11.36363636,2017-02-02,2 - Midi,4 - Jeudi,Livraison,CA,KM LIVRAISON,1
476,0,9.0,8.18181818,2017-02-02,2 - Midi,4 - Jeudi,Livraison,CA,UberEats,1
477,76,1021.0,925.84696971,2017-02-02,2 - Midi,4 - Jeudi,Sur place,CA,,54
478,4,62.0,56.36363636,2017-02-02,3 - Après-midi,4 - Jeudi,Livraison,CA,AlloResto,1
479,3,39.9,36.27272727,2017-02-02,3 - Après-midi,4 - Jeudi,Livraison,CA,Deliveroo,1
480,6,98.0,89.09090909,2017-02-02,3 - Après-midi,4 - Jeudi,Livraison,CA,Foodora,1
481,7,98.9,89.9090909,2017-02-02,3 - Après-midi,4 - Jeudi,Livraison,CA,UberEats,1
482,2,31.0,28.18181818,2017-02-02,3 - Après-midi,4 - Jeudi,Sur place,CA,,1
483,9,110.0,100.0,2017-02-02,4 - Soir,4 - Jeudi,À emporter,CA,,6
484,9,127.0,115.45454545,2017-02-02,4 - Soir,4 - Jeudi,Livraison,CA,AlloResto,1
485,20,336.3,305.40303024,2017-02-02,4 - Soir,4 - Jeudi,Livraison,CA,Deliveroo,2
486,7,105.5,95.9090909,2017-02-02,4 - Soir,4 - Jeudi,Livraison,CA,Foodora,1
487,48,492.79,447.66666666,2017-02-02,4 - Soir,4 - Jeudi,Livraison,CA,KM LIVRAISON,1
488,15,220.7,200.63636362,2017-02-02,4 - Soir,4 - Jeudi,Livraison,CA,UberEats,4
489,8,86.4,78.54545454,2017-02-02,4 - Soir,4 - Jeudi,Sur place,CA,,8
492,14,193.23,175.66363636,2017-02-03,2 - Midi,5 - Vendredi,À emporter,CA,,11
493,74,1083.22,979.87045461,2017-02-03,2 - Midi,5 - Vendredi,Sur place,CA,,65
494,1,18.4,16.72727273,2017-02-03,3 - Après-midi,5 - Vendredi,Livraison,CA,AlloResto,1
495,15,225.9,205.36363636,2017-02-03,3 - Après-midi,5 - Vendredi,Livraison,CA,Deliveroo,1
496,1,19.5,17.72727273,2017-02-03,3 - Après-midi,5 - Vendredi,Livraison,CA,Foodora,1
497,17,173.3,157.35606059,2017-02-03,3 - Après-midi,5 - Vendredi,Livraison,CA,KM LIVRAISON,1
498,3,44.0,39.99999999,2017-02-03,3 - Après-midi,5 - Vendredi,Livraison,CA,UberEats,1
499,2,25.0,22.72727272,2017-02-03,3 - Après-midi,5 - Vendredi,Sur place,CA,,1
500,15,201.35,183.04545459,2017-02-03,4 - Soir,5 - Vendredi,À emporter,CA,,10
501,18,265.0,240.90909089,2017-02-03,4 - Soir,5 - Vendredi,Livraison,CA,AlloResto,1
502,19,291.5,264.99999995,2017-02-03,4 - Soir,5 - Vendredi,Livraison,CA,Deliveroo,1
503,25,353.9,321.72727271,2017-02-03,4 - Soir,5 - Vendredi,Livraison,CA,Foodora,2
504,54,608.17,552.29090912,2017-02-03,4 - Soir,5 - Vendredi,Livraison,CA,KM LIVRAISON,1
505,28,438.7,398.52272725,2017-02-03,4 - Soir,5 - Vendredi,Livraison,CA,UberEats,1
506,77,1038.87,939.95378804,2017-02-03,4 - Soir,5 - Vendredi,Sur place,CA,,36
509,6,70.6,64.18181819,2017-02-04,2 - Midi,6 - Samedi,À emporter,CA,,5
510,83,1085.43,986.19848482,2017-02-04,2 - Midi,6 - Samedi,Sur place,CA,,45
511,1,8.5,7.72727273,2017-02-04,3 - Après-midi,6 - Samedi,À emporter,CA,,1
512,17,220.9,200.20454549,2017-02-04,3 - Après-midi,6 - Samedi,Sur place,CA,,13
513,8,96.2,87.45454548,2017-02-04,4 - Soir,6 - Samedi,À emporter,CA,,5
514,14,199.0,180.90909088,2017-02-04,4 - Soir,6 - Samedi,Livraison,CA,AlloResto,2
515,61,922.8,838.90909083,2017-02-04,4 - Soir,6 - Samedi,Livraison,CA,Deliveroo,5
516,47,756.3,687.54545447,2017-02-04,4 - Soir,6 - Samedi,Livraison,CA,Foodora,2
517,51,483.85,439.86363636,2017-02-04,4 - Soir,6 - Samedi,Livraison,CA,KM LIVRAISON,2
518,41,614.8,558.90909087,2017-02-04,4 - Soir,6 - Samedi,Livraison,CA,UberEats,3
519,49,667.6,603.00606072,2017-02-04,4 - Soir,6 - Samedi,Sur place,CA,,37
521,2,31.0,28.1818182,2017-02-05,3 - Après-midi,7 - Dimanche,À emporter,CA,,1
522,2,25.0,22.72727274,2017-02-05,3 - Après-midi,7 - Dimanche,Sur place,CA,,1
523,11,170.4,154.90909091,2017-02-05,4 - Soir,7 - Dimanche,À emporter,CA,,10
524,17,207.0,188.18181817,2017-02-05,4 - Soir,7 - Dimanche,Livraison,CA,AlloResto,2
525,48,763.9,693.56818171,2017-02-05,4 - Soir,7 - Dimanche,Livraison,CA,Deliveroo,3
526,40,597.4,543.09090904,2017-02-05,4 - Soir,7 - Dimanche,Livraison,CA,Foodora,3
527,38,522.49,473.6272727,2017-02-05,4 - Soir,7 - Dimanche,Livraison,CA,KM LIVRAISON,1
528,27,407.0,369.99999993,2017-02-05,4 - Soir,7 - Dimanche,Livraison,CA,UberEats,1
529,14,174.5,157.47045456,2017-02-05,4 - Soir,7 - Dimanche,Sur place,CA,,9
532,6,80.0,72.72727274,2017-02-06,2 - Midi,1 - Lundi,À emporter,CA,,5
533,10,135.5,123.18181817,2017-02-06,2 - Midi,1 - Lundi,Livraison,CA,AlloResto,1
534,3,38.5,35.0,2017-02-06,2 - Midi,1 - Lundi,Livraison,CA,Deliveroo,1
535,8,113.5,103.18181818,2017-02-06,2 - Midi,1 - Lundi,Livraison,CA,Foodora,2
536,7,71.83,65.30000001,2017-02-06,2 - Midi,1 - Lundi,Livraison,CA,KM LIVRAISON,1
537,8,119.5,108.63636362,2017-02-06,2 - Midi,1 - Lundi,Livraison,CA,UberEats,1
538,7,105.5,95.90909091,2017-02-06,2 - Midi,1 - Lundi,Sur place,CA,,7
539,35,468.7,424.64393941,2017-02-06,2 - Midi,1 - Lundi,Sur place,CA,,29
540,2,22.0,20.0,2017-02-06,3 - Après-midi,1 - Lundi,À emporter,CA,,1
541,2,30.5,27.72727273,2017-02-06,3 - Après-midi,1 - Lundi,Sur place,CA,,2
542,8,110.5,100.45454546,2017-02-06,4 - Soir,1 - Lundi,À emporter,CA,,4
543,7,90.0,81.81818181,2017-02-06,4 - Soir,1 - Lundi,Livraison,CA,AlloResto,1
544,29,455.8,414.03939387,2017-02-06,4 - Soir,1 - Lundi,Livraison,CA,Deliveroo,2
545,17,287.9,261.72727268,2017-02-06,4 - Soir,1 - Lundi,Livraison,CA,Foodora,1
546,11,134.75,122.49999999,2017-02-06,4 - Soir,1 - Lundi,Livraison,CA,KM LIVRAISON,1
547,16,258.4,234.90909088,2017-02-06,4 - Soir,1 - Lundi,Livraison,CA,UberEats,1
548,15,247.4,224.60454547,2017-02-06,4 - Soir,1 - Lundi,Sur place,CA,,15
551,6,89.0,80.9090909,2017-02-07,2 - Midi,2 - Mardi,À emporter,CA,,3
552,1,22.0,20.0,2017-02-07,2 - Midi,2 - Mardi,Livraison,CA,Deliveroo,1
553,2,24.5,22.27272727,2017-02-07,2 - Midi,2 - Mardi,Livraison,CA,Foodora,1
554,9,107.89,98.08181817,2017-02-07,2 - Midi,2 - Mardi,Livraison,CA,KM LIVRAISON,1
555,1,15.5,14.09090909,2017-02-07,2 - Midi,2 - Mardi,Livraison,CA,UberEats,1
556,65,938.7,851.92499998,2017-02-07,2 - Midi,2 - Mardi,Sur place,CA,,60
560,5,62.21,56.55454545,2017-02-07,4 - Soir,2 - Mardi,À emporter,CA,,3
562,1,19.5,17.72727273,2017-02-07,4 - Soir,2 - Mardi,Livraison,CA,AlloResto,1
563,30,455.5,414.09090906,2017-02-07,4 - Soir,2 - Mardi,Livraison,CA,Deliveroo,1
564,20,329.9,299.90909087,2017-02-07,4 - Soir,2 - Mardi,Livraison,CA,Foodora,1
565,21,222.84,202.58181819,2017-02-07,4 - Soir,2 - Mardi,Livraison,CA,KM LIVRAISON,2
566,15,230.4,209.45454544,2017-02-07,4 - Soir,2 - Mardi,Livraison,CA,UberEats,1
567,23,374.6,337.39469698,2017-02-07,4 - Soir,2 - Mardi,Sur place,CA,,23
569,13,159.25,144.7727273,2017-02-08,2 - Midi,3 - Mercredi,À emporter,CA,,18
570,1,15.5,14.09090909,2017-02-08,2 - Midi,3 - Mercredi,Livraison,CA,AlloResto,1
571,3,53.0,48.18181818,2017-02-08,2 - Midi,3 - Mercredi,Livraison,CA,Deliveroo,1
572,4,60.5,55.0,2017-02-08,2 - Midi,3 - Mercredi,Livraison,CA,Foodora,1
573,14,135.7,123.36363635,2017-02-08,2 - Midi,3 - Mercredi,Livraison,CA,KM CLICK & COLLECT,1
574,5,81.0,73.63636361,2017-02-08,2 - Midi,3 - Mercredi,Livraison,CA,KM LIVRAISON,1
575,1,13.5,12.27272728,2017-02-08,2 - Midi,3 - Mercredi,Livraison,CA,UberEats,1
576,66,943.7,856.73106066,2017-02-08,2 - Midi,3 - Mercredi,Sur place,CA,,60
577,2,29.2,26.54545454,2017-02-08,3 - Après-midi,3 - Mercredi,À emporter,CA,,2
578,7,77.62,70.01742426,2017-02-08,3 - Après-midi,3 - Mercredi,Sur place,CA,,2
579,7,76.25,69.31818179,2017-02-08,4 - Soir,3 - Mercredi,À emporter,CA,,6
580,5,72.0,65.45454546,2017-02-08,4 - Soir,3 - Mercredi,Livraison,CA,AlloResto,2
581,17,261.5,237.72727269,2017-02-08,4 - Soir,3 - Mercredi,Livraison,CA,Deliveroo,1
582,32,471.0,428.18181818,2017-02-08,4 - Soir,3 - Mercredi,Livraison,CA,Foodora,1
583,16,160.08,145.52727272,2017-02-08,4 - Soir,3 - Mercredi,Livraison,CA,KM CLICK & COLLECT,1
584,8,96.67,87.88181818,2017-02-08,4 - Soir,3 - Mercredi,Livraison,CA,KM LIVRAISON,1
585,38,578.8,526.18181814,2017-02-08,4 - Soir,3 - Mercredi,Livraison,CA,UberEats,1
586,21,334.7,301.58409093,2017-02-08,4 - Soir,3 - Mercredi,Sur place,CA,,25
588,7,99.0,90.00000001,2017-02-09,2 - Midi,4 - Jeudi,À emporter,CA,,6
589,67,955.9,863.55909105,2017-02-09,2 - Midi,4 - Jeudi,Sur place,CA,,58
590,3,30.5,27.72727273,2017-02-09,3 - Après-midi,4 - Jeudi,À emporter,CA,,1
591,4,62.0,56.36363636,2017-02-09,3 - Après-midi,4 - Jeudi,Livraison,CA,Deliveroo,1
592,7,109.5,99.54545452,2017-02-09,3 - Après-midi,4 - Jeudi,Livraison,CA,Foodora,1
593,6,102.4,93.09090908,2017-02-09,3 - Après-midi,4 - Jeudi,Livraison,CA,UberEats,1
594,12,147.95,134.49999999,2017-02-09,4 - Soir,4 - Jeudi,À emporter,CA,,8
595,13,201.5,183.18181815,2017-02-09,4 - Soir,4 - Jeudi,Livraison,CA,AlloResto,1
596,25,395.0,359.09090904,2017-02-09,4 - Soir,4 - Jeudi,Livraison,CA,Deliveroo,1
597,21,308.4,280.36363635,2017-02-09,4 - Soir,4 - Jeudi,Livraison,CA,Foodora,2
598,1,15.5,14.09090909,2017-02-09,4 - Soir,4 - Jeudi,Livraison,CA,KM CLICK & COLLECT,1
599,21,293.53,266.84545448,2017-02-09,4 - Soir,4 - Jeudi,Livraison,CA,KM LIVRAISON,1
600,17,250.0,227.27272724,2017-02-09,4 - Soir,4 - Jeudi,Livraison,CA,UberEats,1
601,36,499.8,450.95303035,2017-02-09,4 - Soir,4 - Jeudi,Sur place,CA,,28
604,11,149.9,136.27272726,2017-02-10,2 - Midi,5 - Vendredi,À emporter,CA,,15
605,1,15.5,14.09090909,2017-02-10,2 - Midi,5 - Vendredi,Livraison,CA,AlloResto,1
606,10,158.5,144.09090907,2017-02-10,2 - Midi,5 - Vendredi,Livraison,CA,Deliveroo,1
607,8,119.5,108.63636363,2017-02-10,2 - Midi,5 - Vendredi,Livraison,CA,Foodora,1
608,11,176.5,160.45454549,2017-02-10,2 - Midi,5 - Vendredi,Livraison,CA,KM LIVRAISON,1
609,2,36.9,33.54545455,2017-02-10,2 - Midi,5 - Vendredi,Livraison,CA,UberEats,1
610,88,1275.0,1152.89545454,2017-02-10,2 - Midi,5 - Vendredi,Sur place,CA,,78
611,1,17.7,16.09090909,2017-02-10,3 - Après-midi,5 - Vendredi,À emporter,CA,,2
612,1,15.5,14.09090909,2017-02-10,3 - Après-midi,5 - Vendredi,Livraison,CA,Foodora,1
613,2,25.0,22.72727274,2017-02-10,3 - Après-midi,5 - Vendredi,Sur place,CA,,1
614,17,214.48,194.98181819,2017-02-10,4 - Soir,5 - Vendredi,À emporter,CA,,8
615,8,127.5,115.90909088,2017-02-10,4 - Soir,5 - Vendredi,Livraison,CA,AlloResto,1
616,44,677.8,616.18181806,2017-02-10,4 - Soir,5 - Vendredi,Livraison,CA,Deliveroo,1
617,29,423.0,384.54545452,2017-02-10,4 - Soir,5 - Vendredi,Livraison,CA,Foodora,1
618,42,616.21,560.19090899,2017-02-10,4 - Soir,5 - Vendredi,Livraison,CA,KM LIVRAISON,1
619,23,349.0,317.27272725,2017-02-10,4 - Soir,5 - Vendredi,Livraison,CA,UberEats,2
620,53,733.3,662.99848497,2017-02-10,4 - Soir,5 - Vendredi,Sur place,CA,,39
623,10,139.9,127.18181819,2017-02-11,2 - Midi,6 - Samedi,À emporter,CA,,7
624,13,186.5,169.54545453,2017-02-11,2 - Midi,6 - Samedi,Livraison,CA,Deliveroo,1
625,24,370.5,336.81818177,2017-02-11,2 - Midi,6 - Samedi,Livraison,CA,UberEats,2
626,92,1286.58,1166.53787892,2017-02-11,2 - Midi,6 - Samedi,Sur place,CA,,55
628,20,291.04,264.58181816,2017-02-11,3 - Après-midi,6 - Samedi,Livraison,CA,KM LIVRAISON,1
629,2,29.0,26.05454545,2017-02-11,3 - Après-midi,6 - Samedi,Sur place,CA,,1
630,13,174.9,159.00000002,2017-02-11,4 - Soir,6 - Samedi,À emporter,CA,,7
631,10,132.0,119.99999999,2017-02-11,4 - Soir,6 - Samedi,Livraison,CA,AlloResto,1
632,29,453.0,411.81818176,2017-02-11,4 - Soir,6 - Samedi,Livraison,CA,Deliveroo,2
633,27,418.4,380.36363635,2017-02-11,4 - Soir,6 - Samedi,Livraison,CA,Foodora,2
634,22,343.23,312.02727266,2017-02-11,4 - Soir,6 - Samedi,Livraison,CA,KM LIVRAISON,2
635,15,240.5,218.63636362,2017-02-11,4 - Soir,6 - Samedi,Livraison,CA,UberEats,3
636,70,918.7,832.08787892,2017-02-11,4 - Soir,6 - Samedi,Sur place,CA,,37
638,13,176.5,160.45454546,2017-02-12,4 - Soir,7 - Dimanche,À emporter,CA,,10
639,10,147.0,133.63636361,2017-02-12,4 - Soir,7 - Dimanche,Livraison,CA,AlloResto,2
640,35,551.0,500.9090908,2017-02-12,4 - Soir,7 - Dimanche,Livraison,CA,Deliveroo,1
641,36,577.0,524.54545443,2017-02-12,4 - Soir,7 - Dimanche,Livraison,CA,Foodora,1
642,7,78.0,70.90909094,2017-02-12,4 - Soir,7 - Dimanche,Livraison,CA,KM CLICK & COLLECT,1
643,34,497.67,452.42727267,2017-02-12,4 - Soir,7 - Dimanche,Livraison,CA,KM LIVRAISON,1
644,21,303.9,276.27272726,2017-02-12,4 - Soir,7 - Dimanche,Livraison,CA,UberEats,1
645,22,296.6,269.33181824,2017-02-12,4 - Soir,7 - Dimanche,Sur place,CA,,17
648,11,168.0,152.72727272,2017-02-13,2 - Midi,1 - Lundi,À emporter,CA,,9
649,6,83.0,75.45454545,2017-02-13,2 - Midi,1 - Lundi,Livraison,CA,Deliveroo,1
650,4,67.3,61.18181818,2017-02-13,2 - Midi,1 - Lundi,Livraison,CA,Foodora,1
651,1,15.0,13.63636363,2017-02-13,2 - Midi,1 - Lundi,Livraison,CA,KM CLICK & COLLECT,1
652,2,43.0,39.09090907,2017-02-13,2 - Midi,1 - Lundi,Livraison,CA,KM LIVRAISON,1
653,3,49.5,44.99999999,2017-02-13,2 - Midi,1 - Lundi,Livraison,CA,UberEats,1
654,67,939.9,852.00378788,2017-02-13,2 - Midi,1 - Lundi,Sur place,CA,,51
655,4,55.5,49.92575758,2017-02-13,3 - Après-midi,1 - Lundi,Sur place,CA,,4
656,8,92.0,83.63636363,2017-02-13,4 - Soir,1 - Lundi,À emporter,CA,,4
657,10,142.5,129.54545453,2017-02-13,4 - Soir,1 - Lundi,Livraison,CA,AlloResto,1
658,35,557.0,506.36363628,2017-02-13,4 - Soir,1 - Lundi,Livraison,CA,Deliveroo,1
659,15,223.0,202.7272727,2017-02-13,4 - Soir,1 - Lundi,Livraison,CA,Foodora,1
660,24,330.0,299.99999999,2017-02-13,4 - Soir,1 - Lundi,Livraison,CA,KM LIVRAISON,1
661,6,93.0,84.54545453,2017-02-13,4 - Soir,1 - Lundi,Livraison,CA,UberEats,1
662,20,291.5,262.69772729,2017-02-13,4 - Soir,1 - Lundi,Sur place,CA,,13
665,1,15.5,14.09090909,2017-02-14,2 - Midi,2 - Mardi,À emporter,CA,,1
666,9,110.7,100.63636367,2017-02-14,2 - Midi,2 - Mardi,À emporter,CA,,9
667,1,18.0,16.36363636,2017-02-14,2 - Midi,2 - Mardi,Livraison,CA,AlloResto,1
668,17,249.3,226.63636363,2017-02-14,2 - Midi,2 - Mardi,Livraison,CA,Foodora,1
669,7,70.43,64.02727273,2017-02-14,2 - Midi,2 - Mardi,Livraison,CA,KM CLICK & COLLECT,1
670,2,36.5,33.18181818,2017-02-14,2 - Midi,2 - Mardi,Livraison,CA,KM LIVRAISON,1
671,13,174.95,159.12121217,2017-02-14,2 - Midi,2 - Mardi,Sur place,CA,,11
672,61,833.84,757.12045457,2017-02-14,2 - Midi,2 - Mardi,Sur place,CA,,57
673,3,48.3,43.90909091,2017-02-14,3 - Après-midi,2 - Mardi,Livraison,CA,Deliveroo,1
674,7,98.0,89.09090909,2017-02-14,3 - Après-midi,2 - Mardi,Livraison,CA,UberEats,1
675,16,232.3,211.18181822,2017-02-14,4 - Soir,2 - Mardi,À emporter,CA,,11
676,14,219.5,199.54545451,2017-02-14,4 - Soir,2 - Mardi,Livraison,CA,AlloResto,1
677,65,1041.7,946.99999984,2017-02-14,4 - Soir,2 - Mardi,Livraison,CA,Deliveroo,1
678,27,417.9,379.90909087,2017-02-14,4 - Soir,2 - Mardi,Livraison,CA,Foodora,1
679,11,115.78,105.25454547,2017-02-14,4 - Soir,2 - Mardi,Livraison,CA,KM CLICK & COLLECT,1
680,15,242.07,220.06363632,2017-02-14,4 - Soir,2 - Mardi,Livraison,CA,KM LIVRAISON,1
681,33,483.8,439.81818179,2017-02-14,4 - Soir,2 - Mardi,Livraison,CA,UberEats,1
682,16,207.0,187.87727274,2017-02-14,4 - Soir,2 - Mardi,Sur place,CA,,8
685,5,74.5,67.72727273,2017-02-15,2 - Midi,3 - Mercredi,À emporter,CA,,4
686,2,29.0,26.36363635,2017-02-15,2 - Midi,3 - Mercredi,Livraison,CA,AlloResto,1
687,15,245.9,223.54545453,2017-02-15,2 - Midi,3 - Mercredi,Livraison,CA,Deliveroo,1
688,3,49.8,45.27272728,2017-02-15,2 - Midi,3 - Mercredi,Livraison,CA,Foodora,1
689,2,37.5,34.09090907,2017-02-15,2 - Midi,3 - Mercredi,Livraison,CA,KM CLICK & COLLECT,1
690,4,52.2,47.45454544,2017-02-15,2 - Midi,3 - Mercredi,Livraison,CA,KM LIVRAISON,1
691,7,112.5,102.27272725,2017-02-15,2 - Midi,3 - Mercredi,Livraison,CA,UberEats,1
692,62,881.89,801.48484844,2017-02-15,2 - Midi,3 - Mercredi,Sur place,CA,,53
694,1,14.5,13.18181818,2017-02-15,3 - Après-midi,3 - Mercredi,Livraison,CA,Deliveroo,2
695,0,4.4,4.0,2017-02-15,3 - Après-midi,3 - Mercredi,Livraison,CA,UberEats,2
696,9,126.9,115.36363637,2017-02-15,4 - Soir,3 - Mercredi,À emporter,CA,,15
697,1,15.5,14.09090909,2017-02-15,4 - Soir,3 - Mercredi,Livraison,CA,AlloResto,1
698,24,368.5,335.00000001,2017-02-15,4 - Soir,3 - Mercredi,Livraison,CA,Deliveroo,3
699,23,351.7,319.72727272,2017-02-15,4 - Soir,3 - Mercredi,Livraison,CA,Foodora,1
700,16,206.15,187.40909092,2017-02-15,4 - Soir,3 - Mercredi,Livraison,CA,KM LIVRAISON,1
701,10,168.3,152.99999998,2017-02-15,4 - Soir,3 - Mercredi,Livraison,CA,UberEats,1
702,34,465.4,422.55303034,2017-02-15,4 - Soir,3 - Mercredi,Sur place,CA,,37
705,13,173.0,157.27272728,2017-02-16,2 - Midi,4 - Jeudi,À emporter,CA,,10
706,1,16.45,14.95454545,2017-02-16,2 - Midi,4 - Jeudi,Livraison,CA,AlloResto,3
707,2,30.0,27.27272727,2017-02-16,2 - Midi,4 - Jeudi,Livraison,CA,Deliveroo,1
708,4,61.0,55.45454545,2017-02-16,2 - Midi,4 - Jeudi,Livraison,CA,Foodora,1
709,72,1047.43,946.59621222,2017-02-16,2 - Midi,4 - Jeudi,Sur place,CA,,68
711,3,46.0,41.81818181,2017-02-16,3 - Après-midi,4 - Jeudi,Livraison,CA,KM CLICK & COLLECT,1
712,0,7.0,5.83333333,2017-02-16,3 - Après-midi,4 - Jeudi,Sur place,CA,,1
713,15,177.77,161.6090909,2017-02-16,4 - Soir,4 - Jeudi,À emporter,CA,,9
714,6,99.7,90.63636362,2017-02-16,4 - Soir,4 - Jeudi,Livraison,CA,AlloResto,1
715,20,321.9,292.63636359,2017-02-16,4 - Soir,4 - Jeudi,Livraison,CA,Deliveroo,1
716,26,394.5,358.63636361,2017-02-16,4 - Soir,4 - Jeudi,Livraison,CA,Foodora,1
717,4,56.4,51.27272727,2017-02-16,4 - Soir,4 - Jeudi,Livraison,CA,KM CLICK & COLLECT,1
718,15,211.93,192.66363633,2017-02-16,4 - Soir,4 - Jeudi,Livraison,CA,KM LIVRAISON,1
719,17,271.2,246.54545453,2017-02-16,4 - Soir,4 - Jeudi,Livraison,CA,UberEats,3
720,20,265.4,239.73257575,2017-02-16,4 - Soir,4 - Jeudi,Sur place,CA,,15
723,10,134.88,122.61818184,2017-02-17,2 - Midi,5 - Vendredi,À emporter,CA,,7
724,19,293.4,266.72727273,2017-02-17,2 - Midi,5 - Vendredi,Livraison,CA,Foodora,1
725,3,29.25,26.59090909,2017-02-17,2 - Midi,5 - Vendredi,Livraison,CA,KM CLICK & COLLECT,1
726,10,109.75,99.77272728,2017-02-17,2 - Midi,5 - Vendredi,Livraison,CA,KM LIVRAISON,2
727,7,102.5,93.18181815,2017-02-17,2 - Midi,5 - Vendredi,Livraison,CA,UberEats,1
728,96,1284.51,1163.61515163,2017-02-17,2 - Midi,5 - Vendredi,Sur place,CA,,73
729,15,211.5,192.27272728,2017-02-17,4 - Soir,5 - Vendredi,À emporter,CA,,9
730,21,331.4,301.27272717,2017-02-17,4 - Soir,5 - Vendredi,Livraison,CA,AlloResto,1
731,36,530.5,482.27272723,2017-02-17,4 - Soir,5 - Vendredi,Livraison,CA,Deliveroo,1
732,37,529.5,481.36363633,2017-02-17,4 - Soir,5 - Vendredi,Livraison,CA,Foodora,2
733,3,41.58,37.8,2017-02-17,4 - Soir,5 - Vendredi,Livraison,CA,KM CLICK & COLLECT,1
734,30,428.06,389.14545452,2017-02-17,4 - Soir,5 - Vendredi,Livraison,CA,KM LIVRAISON,1
735,21,309.5,281.36363634,2017-02-17,4 - Soir,5 - Vendredi,Livraison,CA,UberEats,4
736,37,504.0,456.67121213,2017-02-17,4 - Soir,5 - Vendredi,Sur place,CA,,27
738,11,150.6,136.90909091,2017-02-18,2 - Midi,6 - Samedi,À emporter,CA,,7
739,102,1441.0,1305.07272735,2017-02-18,2 - Midi,6 - Samedi,Sur place,CA,,56
740,2,25.0,22.72727272,2017-02-18,3 - Après-midi,6 - Samedi,À emporter,CA,,1
741,19,285.5,259.54545452,2017-02-18,3 - Après-midi,6 - Samedi,Livraison,CA,Deliveroo,1
742,12,190.5,173.18181816,2017-02-18,3 - Après-midi,6 - Samedi,Livraison,CA,Foodora,1
743,2,27.0,24.54545454,2017-02-18,3 - Après-midi,6 - Samedi,Livraison,CA,KM CLICK & COLLECT,1
744,21,285.1,259.18181813,2017-02-18,3 - Après-midi,6 - Samedi,Livraison,CA,KM LIVRAISON,1
745,9,127.0,115.45454542,2017-02-18,3 - Après-midi,6 - Samedi,Livraison,CA,UberEats,1
746,8,114.0,103.63636362,2017-02-18,3 - Après-midi,6 - Samedi,Sur place,CA,,6
747,13,172.7,156.99999999,2017-02-18,4 - Soir,6 - Samedi,À emporter,CA,,7
748,14,205.75,187.0454545,2017-02-18,4 - Soir,6 - Samedi,Livraison,CA,AlloResto,1
749,28,439.4,399.4545454,2017-02-18,4 - Soir,6 - Samedi,Livraison,CA,Deliveroo,1
750,12,209.0,189.99999998,2017-02-18,4 - Soir,6 - Samedi,Livraison,CA,Foodora,1
751,8,83.4,75.81818183,2017-02-18,4 - Soir,6 - Samedi,Livraison,CA,KM CLICK & COLLECT,1
752,30,420.21,382.00909088,2017-02-18,4 - Soir,6 - Samedi,Livraison,CA,KM LIVRAISON,1
753,10,151.8,137.99999997,2017-02-18,4 - Soir,6 - Samedi,Livraison,CA,UberEats,1
754,25,299.2,272.00000003,2017-02-18,4 - Soir,6 - Samedi,Sur place,CA,,18
756,2,18.0,16.36363637,2017-02-19,3 - Après-midi,7 - Dimanche,Sur place,CA,,1
757,3,42.5,38.63636365,2017-02-19,4 - Soir,7 - Dimanche,À emporter,CA,,4
758,15,223.6,203.27272724,2017-02-19,4 - Soir,7 - Dimanche,Livraison,CA,AlloResto,1
759,43,650.4,591.27272715,2017-02-19,4 - Soir,7 - Dimanche,Livraison,CA,Deliveroo,1
760,40,657.1,597.36363629,2017-02-19,4 - Soir,7 - Dimanche,Livraison,CA,Foodora,1
761,6,76.18,69.25454546,2017-02-19,4 - Soir,7 - Dimanche,Livraison,CA,KM CLICK & COLLECT,1
762,46,570.71,518.82727263,2017-02-19,4 - Soir,7 - Dimanche,Livraison,CA,KM LIVRAISON,1
763,19,291.1,264.63636358,2017-02-19,4 - Soir,7 - Dimanche,Livraison,CA,UberEats,3
764,29,362.26,327.24393944,2017-02-19,4 - Soir,7 - Dimanche,Sur place,CA,,18
767,12,183.25,166.59090912,2017-02-20,2 - Midi,1 - Lundi,À emporter,CA,,11
768,2,31.5,28.63636363,2017-02-20,2 - Midi,1 - Lundi,Livraison,CA,Deliveroo,1
769,4,61.5,55.90909091,2017-02-20,2 - Midi,1 - Lundi,Livraison,CA,Foodora,1
770,4,61.5,55.9090909,2017-02-20,2 - Midi,1 - Lundi,Livraison,CA,KM LIVRAISON,1
771,10,143.4,130.36363636,2017-02-20,2 - Midi,1 - Lundi,Livraison,CA,UberEats,1
772,45,577.5,523.40378789,2017-02-20,2 - Midi,1 - Lundi,Sur place,CA,,32
773,8,101.35,92.13636363,2017-02-20,4 - Soir,1 - Lundi,À emporter,CA,,6
774,12,182.65,166.04545451,2017-02-20,4 - Soir,1 - Lundi,Livraison,CA,AlloResto,1
775,17,266.9,242.6363636,2017-02-20,4 - Soir,1 - Lundi,Livraison,CA,Deliveroo,1
776,17,254.0,230.90909086,2017-02-20,4 - Soir,1 - Lundi,Livraison,CA,Foodora,1
777,4,36.24,32.94545456,2017-02-20,4 - Soir,1 - Lundi,Livraison,CA,KM CLICK & COLLECT,1
778,30,408.75,371.59090905,2017-02-20,4 - Soir,1 - Lundi,Livraison,CA,KM LIVRAISON,1
779,11,163.5,148.63636361,2017-02-20,4 - Soir,1 - Lundi,Livraison,CA,UberEats,1
780,19,269.45,244.28787878,2017-02-20,4 - Soir,1 - Lundi,Sur place,CA,,13
783,19,246.21,223.82727274,2017-02-21,2 - Midi,2 - Mardi,À emporter,CA,,14
784,6,92.4,84.00000001,2017-02-21,2 - Midi,2 - Mardi,Livraison,CA,Deliveroo,1
785,1,16.5,14.99999999,2017-02-21,2 - Midi,2 - Mardi,Livraison,CA,Foodora,1
786,2,25.2,22.90909091,2017-02-21,2 - Midi,2 - Mardi,Livraison,CA,KM CLICK & COLLECT,1
787,10,121.8,110.72727276,2017-02-21,2 - Midi,2 - Mardi,Livraison,CA,KM LIVRAISON,1
788,2,33.8,30.72727274,2017-02-21,2 - Midi,2 - Mardi,Livraison,CA,UberEats,1
789,61,847.63,769.09772735,2017-02-21,2 - Midi,2 - Mardi,Sur place,CA,,54
790,-4,-43.3,-39.36363637,2017-02-21,3 - Après-midi,2 - Mardi,Livraison,CA,KM LIVRAISON,2
791,1,19.0,17.27272727,2017-02-21,3 - Après-midi,2 - Mardi,Sur place,CA,,1
792,10,125.5,114.09090911,2017-02-21,4 - Soir,2 - Mardi,À emporter,CA,,5
793,7,118.25,107.49999998,2017-02-21,4 - Soir,2 - Mardi,Livraison,CA,AlloResto,2
794,16,241.5,219.54545451,2017-02-21,4 - Soir,2 - Mardi,Livraison,CA,Deliveroo,1
795,20,316.4,287.6363636,2017-02-21,4 - Soir,2 - Mardi,Livraison,CA,Foodora,1
796,14,209.91,190.8272727,2017-02-21,4 - Soir,2 - Mardi,Livraison,CA,KM LIVRAISON,1
797,13,216.4,196.72727273,2017-02-21,4 - Soir,2 - Mardi,Livraison,CA,UberEats,1
798,19,261.8,235.68636365,2017-02-21,4 - Soir,2 - Mardi,Sur place,CA,,14
801,12,155.2,141.09090912,2017-02-22,2 - Midi,3 - Mercredi,À emporter,CA,,9
802,1,18.35,16.68181818,2017-02-22,2 - Midi,3 - Mercredi,Livraison,CA,AlloResto,1
803,2,32.3,29.36363637,2017-02-22,2 - Midi,3 - Mercredi,Livraison,CA,Deliveroo,1
804,7,116.9,106.27272727,2017-02-22,2 - Midi,3 - Mercredi,Livraison,CA,Foodora,1
805,1,21.5,19.54545454,2017-02-22,2 - Midi,3 - Mercredi,Livraison,CA,KM LIVRAISON,1
806,2,32.9,29.90909091,2017-02-22,2 - Midi,3 - Mercredi,Livraison,CA,UberEats,1
807,9,126.9,115.36363638,2017-02-22,2 - Midi,3 - Mercredi,Sur place,CA,,6
808,68,1024.94,930.50151521,2017-02-22,2 - Midi,3 - Mercredi,Sur place,CA,,58
809,2,32.5,29.54545454,2017-02-22,3 - Après-midi,3 - Mercredi,À emporter,CA,,2
810,12,138.5,125.90909089,2017-02-22,4 - Soir,3 - Mercredi,À emporter,CA,,8
811,8,122.3,111.18181816,2017-02-22,4 - Soir,3 - Mercredi,Livraison,CA,AlloResto,1
812,10,164.0,149.09090907,2017-02-22,4 - Soir,3 - Mercredi,Livraison,CA,Deliveroo,1
813,11,188.5,171.36363635,2017-02-22,4 - Soir,3 - Mercredi,Livraison,CA,Foodora,1
814,5,58.26,52.96363637,2017-02-22,4 - Soir,3 - Mercredi,Livraison,CA,KM CLICK & COLLECT,1
815,11,138.64,126.03636363,2017-02-22,4 - Soir,3 - Mercredi,Livraison,CA,KM LIVRAISON,1
816,10,162.0,147.27272725,2017-02-22,4 - Soir,3 - Mercredi,Livraison,CA,UberEats,1
817,9,121.0,109.6909091,2017-02-22,4 - Soir,3 - Mercredi,Sur place,CA,,9
819,0,3.0,2.72727272,2017-02-23,1 - Matin,4 - Jeudi,Sur place,CA,,1
820,4,49.0,44.54545455,2017-02-23,2 - Midi,4 - Jeudi,À emporter,CA,,2
821,8,109.9,99.90909093,2017-02-23,2 - Midi,4 - Jeudi,À emporter,CA,,8
822,4,62.95,57.22727272,2017-02-23,2 - Midi,4 - Jeudi,Livraison,CA,AlloResto,1
823,4,68.4,62.18181817,2017-02-23,2 - Midi,4 - Jeudi,Livraison,CA,Deliveroo,1
824,10,152.5,138.63636363,2017-02-23,2 - Midi,4 - Jeudi,Livraison,CA,Foodora,1
825,8,138.59,125.99090906,2017-02-23,2 - Midi,4 - Jeudi,Livraison,CA,KM LIVRAISON,1
826,1,15.5,14.09090909,2017-02-23,2 - Midi,4 - Jeudi,Livraison,CA,UberEats,1
827,6,84.5,76.58939396,2017-02-23,2 - Midi,4 - Jeudi,Sur place,CA,,6
828,63,858.84,778.40378791,2017-02-23,2 - Midi,4 - Jeudi,Sur place,CA,,47
829,2,28.0,25.45454546,2017-02-23,3 - Après-midi,4 - Jeudi,Sur place,CA,,1
830,14,175.7,159.72727276,2017-02-23,4 - Soir,4 - Jeudi,À emporter,CA,,9
831,6,102.3,92.99999999,2017-02-23,4 - Soir,4 - Jeudi,Livraison,CA,AlloResto,1
832,16,244.3,222.09090905,2017-02-23,4 - Soir,4 - Jeudi,Livraison,CA,Deliveroo,1
833,29,458.4,416.72727269,2017-02-23,4 - Soir,4 - Jeudi,Livraison,CA,Foodora,1
834,1,20.0,18.18181818,2017-02-23,4 - Soir,4 - Jeudi,Livraison,CA,KM CLICK & COLLECT,1
835,27,369.24,335.67272724,2017-02-23,4 - Soir,4 - Jeudi,Livraison,CA,KM LIVRAISON,1
836,16,253.3,230.27272724,2017-02-23,4 - Soir,4 - Jeudi,Livraison,CA,UberEats,1
837,32,467.76,423.98257575,2017-02-23,4 - Soir,4 - Jeudi,Sur place,CA,,25
839,8,104.5,95.0,2017-02-24,2 - Midi,5 - Vendredi,À emporter,CA,,8
840,3,41.9,38.09090908,2017-02-24,2 - Midi,5 - Vendredi,Livraison,CA,AlloResto,1
841,6,98.4,89.45454545,2017-02-24,2 - Midi,5 - Vendredi,Livraison,CA,Deliveroo,1
842,10,148.0,134.54545452,2017-02-24,2 - Midi,5 - Vendredi,Livraison,CA,Foodora,2
843,1,12.5,11.36363637,2017-02-24,2 - Midi,5 - Vendredi,Livraison,CA,KM CLICK & COLLECT,1
844,9,113.25,102.95454544,2017-02-24,2 - Midi,5 - Vendredi,Livraison,CA,KM LIVRAISON,1
845,92,1324.87,1201.47348494,2017-02-24,2 - Midi,5 - Vendredi,Sur place,CA,,66
846,1,15.5,14.09090909,2017-02-24,3 - Après-midi,5 - Vendredi,Livraison,CA,Foodora,1
847,2,25.0,22.72727273,2017-02-24,3 - Après-midi,5 - Vendredi,Sur place,CA,,1
848,24,346.5,315.00000001,2017-02-24,4 - Soir,5 - Vendredi,À emporter,CA,,13
849,11,186.55,169.59090909,2017-02-24,4 - Soir,5 - Vendredi,Livraison,CA,AlloResto,1
850,34,519.0,471.81818177,2017-02-24,4 - Soir,5 - Vendredi,Livraison,CA,Deliveroo,2
851,32,463.0,420.90909086,2017-02-24,4 - Soir,5 - Vendredi,Livraison,CA,Foodora,1
852,3,37.96,34.50909091,2017-02-24,4 - Soir,5 - Vendredi,Livraison,CA,KM CLICK & COLLECT,1
853,17,250.3,227.5454545,2017-02-24,4 - Soir,5 - Vendredi,Livraison,CA,KM LIVRAISON,1
854,27,417.3,379.36363634,2017-02-24,4 - Soir,5 - Vendredi,Livraison,CA,UberEats,1
855,40,536.1,485.42575757,2017-02-24,4 - Soir,5 - Vendredi,Sur place,CA,,25
857,5,76.7,69.72727272,2017-02-25,2 - Midi,6 - Samedi,À emporter,CA,,3
858,58,837.0,758.58181813,2017-02-25,2 - Midi,6 - Samedi,Sur place,CA,,37
859,3,37.9,34.45454547,2017-02-25,3 - Après-midi,6 - Samedi,À emporter,CA,,4
860,2,32.9,29.90909091,2017-02-25,3 - Après-midi,6 - Samedi,Livraison,CA,AlloResto,1
861,8,123.0,111.8181818,2017-02-25,3 - Après-midi,6 - Samedi,Livraison,CA,Deliveroo,2
862,9,139.5,126.81818182,2017-02-25,3 - Après-midi,6 - Samedi,Livraison,CA,Foodora,1
863,12,154.4,140.36363636,2017-02-25,3 - Après-midi,6 - Samedi,Livraison,CA,KM LIVRAISON,1
864,6,92.9,84.45454544,2017-02-25,3 - Après-midi,6 - Samedi,Livraison,CA,UberEats,1
865,12,164.87,150.03333338,2017-02-25,3 - Après-midi,6 - Samedi,Sur place,CA,,11
866,16,211.3,192.09090909,2017-02-25,4 - Soir,6 - Samedi,À emporter,CA,,15
867,13,226.0,205.45454544,2017-02-25,4 - Soir,6 - Samedi,Livraison,CA,AlloResto,1
868,20,318.7,289.72727267,2017-02-25,4 - Soir,6 - Samedi,Livraison,CA,Deliveroo,2
869,12,193.0,175.45454543,2017-02-25,4 - Soir,6 - Samedi,Livraison,CA,Foodora,2
870,7,81.13,73.75454542,2017-02-25,4 - Soir,6 - Samedi,Livraison,CA,KM CLICK & COLLECT,1
871,46,603.94,549.03636355,2017-02-25,4 - Soir,6 - Samedi,Livraison,CA,KM LIVRAISON,1
872,15,239.0,217.27272722,2017-02-25,4 - Soir,6 - Samedi,Livraison,CA,UberEats,1
873,48,647.4,585.41666673,2017-02-25,4 - Soir,6 - Samedi,Sur place,CA,,32
875,3,40.5,36.81818183,2017-02-26,3 - Après-midi,7 - Dimanche,À emporter,CA,,2
876,3,43.9,39.9090909,2017-02-26,3 - Après-midi,7 - Dimanche,Sur place,CA,,3
877,18,247.83,225.3,2017-02-26,4 - Soir,7 - Dimanche,À emporter,CA,,13
878,23,362.75,329.77272725,2017-02-26,4 - Soir,7 - Dimanche,Livraison,CA,AlloResto,1
879,60,930.0,845.45454533,2017-02-26,4 - Soir,7 - Dimanche,Livraison,CA,Deliveroo,1
880,18,292.6,265.99999998,2017-02-26,4 - Soir,7 - Dimanche,Livraison,CA,Foodora,1
881,5,52.4,47.63636363,2017-02-26,4 - Soir,7 - Dimanche,Livraison,CA,KM CLICK & COLLECT,1
882,46,635.31,577.55454545,2017-02-26,4 - Soir,7 - Dimanche,Livraison,CA,KM LIVRAISON,3
883,27,426.4,387.63636361,2017-02-26,4 - Soir,7 - Dimanche,Livraison,CA,UberEats,1
884,22,313.46,283.98181817,2017-02-26,4 - Soir,7 - Dimanche,Sur place,CA,,17
888,5,68.7,62.45454546,2017-02-27,2 - Midi,1 - Lundi,À emporter,CA,,7
889,1,16.45,14.95454545,2017-02-27,2 - Midi,1 - Lundi,Livraison,CA,AlloResto,1
890,2,28.0,25.45454546,2017-02-27,2 - Midi,1 - Lundi,Livraison,CA,Deliveroo,1
891,5,82.5,75.0,2017-02-27,2 - Midi,1 - Lundi,Livraison,CA,Foodora,1
892,2,27.6,25.0909091,2017-02-27,2 - Midi,1 - Lundi,Livraison,CA,KM LIVRAISON,1
893,62,854.7,775.28863633,2017-02-27,2 - Midi,1 - Lundi,Sur place,CA,,38
894,1,13.7,12.45454545,2017-02-27,3 - Après-midi,1 - Lundi,À emporter,CA,,1
895,4,28.0,25.45454545,2017-02-27,4 - Soir,1 - Lundi,À emporter,CA,,9
897,31,484.8,440.72727269,2017-02-27,4 - Soir,1 - Lundi,Livraison,CA,Deliveroo,1
898,16,259.9,236.27272726,2017-02-27,4 - Soir,1 - Lundi,Livraison,CA,Foodora,1
899,13,175.57,159.60909088,2017-02-27,4 - Soir,1 - Lundi,Livraison,CA,KM LIVRAISON,1
900,15,238.5,216.8181818,2017-02-27,4 - Soir,1 - Lundi,Livraison,CA,UberEats,1
901,19,268.14,241.41590908,2017-02-27,4 - Soir,1 - Lundi,Sur place,CA,,11
903,8,98.5,89.54545456,2017-02-28,2 - Midi,2 - Mardi,À emporter,CA,,6
904,2,32.9,29.9090909,2017-02-28,2 - Midi,2 - Mardi,Livraison,CA,AlloResto,1
905,7,105.5,95.9090909,2017-02-28,2 - Midi,2 - Mardi,Livraison,CA,Deliveroo,1
906,1,14.5,13.18181818,2017-02-28,2 - Midi,2 - Mardi,Livraison,CA,UberEats,1
907,51,774.35,702.18560609,2017-02-28,2 - Midi,2 - Mardi,Sur place,CA,,45
908,0,1.5,1.36363636,2017-02-28,3 - Après-midi,2 - Mardi,À emporter,CA,,3
909,10,161.4,146.72727273,2017-02-28,3 - Après-midi,2 - Mardi,Livraison,CA,Foodora,1
910,2,26.58,24.16363636,2017-02-28,3 - Après-midi,2 - Mardi,Livraison,CA,KM CLICK & COLLECT,1
911,6,89.13,81.02727271,2017-02-28,3 - Après-midi,2 - Mardi,Livraison,CA,KM LIVRAISON,1
912,6,86.5,78.63636365,2017-02-28,4 - Soir,2 - Mardi,À emporter,CA,,26
914,2,34.4,31.27272726,2017-02-28,4 - Soir,2 - Mardi,Livraison,CA,AlloResto,1
915,34,545.4,495.81818176,2017-02-28,4 - Soir,2 - Mardi,Livraison,CA,Deliveroo,1
916,17,278.0,252.72727269,2017-02-28,4 - Soir,2 - Mardi,Livraison,CA,Foodora,1
917,15,241.12,219.19999993,2017-02-28,4 - Soir,2 - Mardi,Livraison,CA,KM LIVRAISON,1
918,11,177.5,161.36363633,2017-02-28,4 - Soir,2 - Mardi,Livraison,CA,UberEats,1
919,19,273.2,248.43939396,2017-02-28,4 - Soir,2 - Mardi,Sur place,CA,,15
921,3,47.5,43.18181817,2017-03-01,2 - Midi,3 - Mercredi,À emporter,CA,,2
922,63,890.0,807.38863641,2017-03-01,2 - Midi,3 - Mercredi,Sur place,CA,,49
924,1,16.45,14.95454545,2017-03-01,3 - Après-midi,3 - Mercredi,Livraison,CA,AlloResto,1
925,6,92.5,84.09090909,2017-03-01,3 - Après-midi,3 - Mercredi,Livraison,CA,Deliveroo,1
926,128,1582.6,1438.7272725,2017-03-01,3 - Après-midi,3 - Mercredi,Livraison,CA,Foodora,2
927,3,25.5,23.18181818,2017-03-01,3 - Après-midi,3 - Mercredi,Livraison,CA,KM CLICK & COLLECT,1
928,2,24.89,22.62727273,2017-03-01,3 - Après-midi,3 - Mercredi,Livraison,CA,KM LIVRAISON,1
929,3,43.5,39.54545454,2017-03-01,3 - Après-midi,3 - Mercredi,Livraison,CA,UberEats,1
930,9,126.0,114.54545455,2017-03-01,4 - Soir,3 - Mercredi,À emporter,CA,,4
931,5,80.35,73.04545453,2017-03-01,4 - Soir,3 - Mercredi,Livraison,CA,AlloResto,1
932,4,72.4,65.81818182,2017-03-01,4 - Soir,3 - Mercredi,Livraison,CA,Deliveroo,1
933,5,81.0,73.63636364,2017-03-01,4 - Soir,3 - Mercredi,Livraison,CA,Foodora,1
934,191,2364.0,2149.09090864,2017-03-01,4 - Soir,3 - Mercredi,Livraison,CA,Foodora Click&Collect,1
935,10,137.55,125.04545454,2017-03-01,4 - Soir,3 - Mercredi,Livraison,CA,KM CLICK & COLLECT,1
936,10,137.5,125.00000001,2017-03-01,4 - Soir,3 - Mercredi,Livraison,CA,KM LIVRAISON,1
937,4,52.0,47.27272726,2017-03-01,4 - Soir,3 - Mercredi,Livraison,CA,UberEats,1
938,24,367.8,332.47424246,2017-03-01,4 - Soir,3 - Mercredi,Sur place,CA,,17
941,16,210.2,191.09090909,2017-03-02,2 - Midi,4 - Jeudi,À emporter,CA,,12
942,4,63.9,58.09090908,2017-03-02,2 - Midi,4 - Jeudi,Livraison,CA,AlloResto,1
943,6,94.5,85.9090909,2017-03-02,2 - Midi,4 - Jeudi,Livraison,CA,Deliveroo,1
944,7,110.0,99.99999998,2017-03-02,2 - Midi,4 - Jeudi,Livraison,CA,Foodora,1
945,4,57.14,51.94545453,2017-03-02,2 - Midi,4 - Jeudi,Livraison,CA,KM LIVRAISON,1
946,50,722.55,653.85227268,2017-03-02,2 - Midi,4 - Jeudi,Sur place,CA,,36
948,2,23.75,21.59090909,2017-03-02,3 - Après-midi,4 - Jeudi,Sur place,CA,,2
949,10,138.0,125.45454545,2017-03-02,4 - Soir,4 - Jeudi,À emporter,CA,,7
951,19,297.55,270.49999999,2017-03-02,4 - Soir,4 - Jeudi,Livraison,CA,AlloResto,1
952,30,475.3,432.09090904,2017-03-02,4 - Soir,4 - Jeudi,Livraison,CA,Deliveroo,1
953,25,403.8,367.09090907,2017-03-02,4 - Soir,4 - Jeudi,Livraison,CA,Foodora,1
954,25,342.63,311.48181817,2017-03-02,4 - Soir,4 - Jeudi,Livraison,CA,KM LIVRAISON,1
955,24,403.8,367.09090907,2017-03-02,4 - Soir,4 - Jeudi,Livraison,CA,UberEats,1
956,33,476.75,429.1136364,2017-03-02,4 - Soir,4 - Jeudi,Sur place,CA,,25
959,8,94.0,85.45454548,2017-03-03,2 - Midi,5 - Vendredi,À emporter,CA,,7
960,6,93.95,85.4090909,2017-03-03,2 - Midi,5 - Vendredi,Livraison,CA,AlloResto,1
961,5,83.4,75.81818182,2017-03-03,2 - Midi,5 - Vendredi,Livraison,CA,Deliveroo,1
962,13,197.0,179.09090907,2017-03-03,2 - Midi,5 - Vendredi,Livraison,CA,Foodora,1
963,4,59.0,53.63636364,2017-03-03,2 - Midi,5 - Vendredi,Livraison,CA,KM CLICK & COLLECT,1
964,9,117.22,106.56363634,2017-03-03,2 - Midi,5 - Vendredi,Livraison,CA,KM LIVRAISON,1
965,6,91.0,82.72727272,2017-03-03,2 - Midi,5 - Vendredi,Livraison,CA,UberEats,1
966,2,32.5,29.54545454,2017-03-03,2 - Midi,5 - Vendredi,Sur place,CA,,1
967,100,1335.44,1210.90303035,2017-03-03,2 - Midi,5 - Vendredi,Sur place,CA,,70
968,0,6.4,5.55303031,2017-03-03,3 - Après-midi,5 - Vendredi,Sur place,CA,,2
969,16,180.2,163.81818183,2017-03-03,4 - Soir,5 - Vendredi,À emporter,CA,,8
970,16,246.55,224.13636362,2017-03-03,4 - Soir,5 - Vendredi,Livraison,CA,AlloResto,1
971,47,727.8,661.63636355,2017-03-03,4 - Soir,5 - Vendredi,Livraison,CA,Deliveroo,3
972,38,600.0,545.45454538,2017-03-03,4 - Soir,5 - Vendredi,Livraison,CA,Foodora,2
973,3,15.5,14.09090908,2017-03-03,4 - Soir,5 - Vendredi,Livraison,CA,KM CLICK & COLLECT,1
974,28,463.83,421.66363629,2017-03-03,4 - Soir,5 - Vendredi,Livraison,CA,KM LIVRAISON,1
975,16,273.4,248.54545451,2017-03-03,4 - Soir,5 - Vendredi,Livraison,CA,UberEats,2
976,36,552.4,496.40984852,2017-03-03,4 - Soir,5 - Vendredi,Sur place,CA,,29
979,6,78.2,71.09090908,2017-03-04,2 - Midi,6 - Samedi,À emporter,CA,,5
980,1,15.5,14.09090909,2017-03-04,2 - Midi,6 - Samedi,Livraison,CA,KM CLICK & COLLECT,1
981,10,118.6,107.81818182,2017-03-04,2 - Midi,6 - Samedi,Livraison,CA,KM LIVRAISON,1
982,51,740.6,672.0712121,2017-03-04,2 - Midi,6 - Samedi,Sur place,CA,,26
983,2,28.0,25.45454545,2017-03-04,3 - Après-midi,6 - Samedi,À emporter,CA,,7
984,26,402.8,366.18181814,2017-03-04,3 - Après-midi,6 - Samedi,Livraison,CA,Deliveroo,1
985,14,204.5,185.90909088,2017-03-04,3 - Après-midi,6 - Samedi,Livraison,CA,Foodora,1
986,9,135.8,123.45454543,2017-03-04,3 - Après-midi,6 - Samedi,Sur place,CA,,9
987,10,122.0,110.90909093,2017-03-04,4 - Soir,6 - Samedi,À emporter,CA,,6
988,13,211.5,192.27272726,2017-03-04,4 - Soir,6 - Samedi,Livraison,CA,AlloResto,1
989,41,667.9,607.1818181,2017-03-04,4 - Soir,6 - Samedi,Livraison,CA,Deliveroo,1
990,43,666.2,605.63636353,2017-03-04,4 - Soir,6 - Samedi,Livraison,CA,Foodora,2
991,2,34.5,31.36363636,2017-03-04,4 - Soir,6 - Samedi,Livraison,CA,KM CLICK & COLLECT,1
992,29,412.86,375.32727271,2017-03-04,4 - Soir,6 - Samedi,Livraison,CA,KM LIVRAISON,1
993,21,336.8,306.18181813,2017-03-04,4 - Soir,6 - Samedi,Livraison,CA,UberEats,2
994,31,416.0,375.7333334,2017-03-04,4 - Soir,6 - Samedi,Sur place,CA,,14
996,4,56.0,50.90909091,2017-03-05,3 - Après-midi,7 - Dimanche,Sur place,CA,,2
997,2,31.0,28.18181818,2017-03-05,4 - Soir,7 - Dimanche,À emporter,CA,,1
998,28,453.75,412.49999999,2017-03-05,4 - Soir,7 - Dimanche,Livraison,CA,AlloResto,2
999,41,631.4,573.99999995,2017-03-05,4 - Soir,7 - Dimanche,Livraison,CA,Deliveroo,1
1000,33,540.5,491.36363628,2017-03-05,4 - Soir,7 - Dimanche,Livraison,CA,Foodora,1
1001,6,80.0,72.72727273,2017-03-05,4 - Soir,7 - Dimanche,Livraison,CA,KM CLICK & COLLECT,1
1002,38,625.36,568.50909071,2017-03-05,4 - Soir,7 - Dimanche,Livraison,CA,KM LIVRAISON,1
1003,19,299.4,272.18181813,2017-03-05,4 - Soir,7 - Dimanche,Livraison,CA,UberEats,1
1004,9,126.5,114.54696972,2017-03-05,4 - Soir,7 - Dimanche,Sur place,CA,,6
1007,7,104.5,94.99999999,2017-03-06,2 - Midi,1 - Lundi,À emporter,CA,,4
1008,1,18.35,16.68181818,2017-03-06,2 - Midi,1 - Lundi,Livraison,CA,AlloResto,1
1009,4,60.0,54.54545453,2017-03-06,2 - Midi,1 - Lundi,Livraison,CA,Deliveroo,1
1010,3,46.5,42.27272727,2017-03-06,2 - Midi,1 - Lundi,Livraison,CA,Foodora,1
1011,9,130.5,118.6363636,2017-03-06,2 - Midi,1 - Lundi,Livraison,CA,UberEats,1
1012,41,572.4,519.39696968,2017-03-06,2 - Midi,1 - Lundi,Sur place,CA,,35
1014,5,67.5,61.36363638,2017-03-06,4 - Soir,1 - Lundi,À emporter,CA,,7
1015,22,347.4,315.81818173,2017-03-06,4 - Soir,1 - Lundi,Livraison,CA,AlloResto,1
1016,13,208.4,189.45454541,2017-03-06,4 - Soir,1 - Lundi,Livraison,CA,Deliveroo,1
1017,23,386.7,351.54545455,2017-03-06,4 - Soir,1 - Lundi,Livraison,CA,Foodora,1
1018,13,169.13,153.7545454,2017-03-06,4 - Soir,1 - Lundi,Livraison,CA,KM LIVRAISON,1
1019,13,216.5,196.81818181,2017-03-06,4 - Soir,1 - Lundi,Livraison,CA,UberEats,1
1020,17,239.56,216.21212124,2017-03-06,4 - Soir,1 - Lundi,Sur place,CA,,10
1023,12,162.2,147.45454545,2017-03-07,2 - Midi,2 - Mardi,À emporter,CA,,9
1024,3,44.5,40.45454546,2017-03-07,2 - Midi,2 - Mardi,Livraison,CA,Deliveroo,1
1025,4,63.9,58.09090909,2017-03-07,2 - Midi,2 - Mardi,Livraison,CA,UberEats,1
1026,58,857.1,778.93333337,2017-03-07,2 - Midi,2 - Mardi,Sur place,CA,,50
1027,3,33.5,30.45454547,2017-03-07,4 - Soir,2 - Mardi,À emporter,CA,,7
1029,7,117.75,107.04545453,2017-03-07,4 - Soir,2 - Mardi,Livraison,CA,AlloResto,2
1030,20,311.8,283.45454546,2017-03-07,4 - Soir,2 - Mardi,Livraison,CA,Deliveroo,1
1031,27,432.0,392.72727272,2017-03-07,4 - Soir,2 - Mardi,Livraison,CA,Foodora,2
1032,7,89.3,81.18181819,2017-03-07,4 - Soir,2 - Mardi,Livraison,CA,KM CLICK & COLLECT,1
1033,11,169.86,154.4181818,2017-03-07,4 - Soir,2 - Mardi,Livraison,CA,KM LIVRAISON,1
1034,18,269.3,244.8181818,2017-03-07,4 - Soir,2 - Mardi,Livraison,CA,UberEats,1
1035,16,239.1,215.43484852,2017-03-07,4 - Soir,2 - Mardi,Sur place,CA,,11
1038,4,44.0,40.0,2017-03-08,2 - Midi,3 - Mercredi,À emporter,CA,,1
1039,8,118.65,107.86363637,2017-03-08,2 - Midi,3 - Mercredi,À emporter,CA,,9
1040,1,16.45,14.95454545,2017-03-08,2 - Midi,3 - Mercredi,Livraison,CA,AlloResto,1
1041,6,94.9,86.27272727,2017-03-08,2 - Midi,3 - Mercredi,Livraison,CA,Deliveroo,1
1042,10,159.4,144.90909087,2017-03-08,2 - Midi,3 - Mercredi,Livraison,CA,Foodora,1
1043,5,68.08,61.8909091,2017-03-08,2 - Midi,3 - Mercredi,Livraison,CA,KM LIVRAISON,1
1044,8,123.8,112.54545456,2017-03-08,2 - Midi,3 - Mercredi,Livraison,CA,UberEats,1
1045,82,1132.96,1025.87045469,2017-03-08,2 - Midi,3 - Mercredi,Sur place,CA,,66
1046,2,22.0,20.0,2017-03-08,3 - Après-midi,3 - Mercredi,À emporter,CA,,1
1047,5,62.0,56.36363636,2017-03-08,3 - Après-midi,3 - Mercredi,Sur place,CA,,2
1048,5,77.96,70.87272729,2017-03-08,4 - Soir,3 - Mercredi,À emporter,CA,,2
1049,10,130.5,118.63636364,2017-03-08,4 - Soir,3 - Mercredi,À emporter,CA,,7
1050,13,199.6,181.45454545,2017-03-08,4 - Soir,3 - Mercredi,Livraison,CA,AlloResto,1
1051,23,357.5,324.99999997,2017-03-08,4 - Soir,3 - Mercredi,Livraison,CA,Deliveroo,1
1052,29,486.9,442.63636359,2017-03-08,4 - Soir,3 - Mercredi,Livraison,CA,Foodora,1
1053,28,363.92,330.83636365,2017-03-08,4 - Soir,3 - Mercredi,Livraison,CA,KM LIVRAISON,1
1054,12,195.5,177.72727272,2017-03-08,4 - Soir,3 - Mercredi,Livraison,CA,UberEats,1
1055,6,93.0,84.21818181,2017-03-08,4 - Soir,3 - Mercredi,Sur place,CA,,4
1056,17,239.87,216.94696972,2017-03-08,4 - Soir,3 - Mercredi,Sur place,CA,,16
1059,10,127.95,116.31818183,2017-03-09,2 - Midi,4 - Jeudi,À emporter,CA,,10
1060,2,33.0,30.00000001,2017-03-09,2 - Midi,4 - Jeudi,Livraison,CA,Deliveroo,1
1061,4,61.5,55.9090909,2017-03-09,2 - Midi,4 - Jeudi,Livraison,CA,Foodora,1
1062,4,52.5,47.72727273,2017-03-09,2 - Midi,4 - Jeudi,Livraison,CA,Foodora Click&Collect,1
1063,4,46.0,41.81818182,2017-03-09,2 - Midi,4 - Jeudi,Livraison,CA,KM LIVRAISON,1
1064,4,62.0,56.36363636,2017-03-09,2 - Midi,4 - Jeudi,Livraison,CA,UberEats,1
1065,3,0.0,0.0,2017-03-09,2 - Midi,4 - Jeudi,Sur place,CA,,1
1066,68,940.35,854.32575761,2017-03-09,2 - Midi,4 - Jeudi,Sur place,CA,,63
1067,6,92.0,81.65909091,2017-03-09,3 - Après-midi,4 - Jeudi,Sur place,CA,,4
1068,7,91.4,83.09090911,2017-03-09,4 - Soir,4 - Jeudi,À emporter,CA,,5
1069,10,155.6,141.4545454,2017-03-09,4 - Soir,4 - Jeudi,Livraison,CA,AlloResto,1
1070,11,167.5,152.27272726,2017-03-09,4 - Soir,4 - Jeudi,Livraison,CA,Deliveroo,2
1071,24,377.5,343.18181815,2017-03-09,4 - Soir,4 - Jeudi,Livraison,CA,Foodora,1
1072,2,30.3,27.54545454,2017-03-09,4 - Soir,4 - Jeudi,Livraison,CA,Foodora Click&Collect,1
1073,20,291.11,264.64545452,2017-03-09,4 - Soir,4 - Jeudi,Livraison,CA,KM LIVRAISON,1
1074,17,269.5,244.99999995,2017-03-09,4 - Soir,4 - Jeudi,Livraison,CA,UberEats,1
1075,22,303.0,273.25909089,2017-03-09,4 - Soir,4 - Jeudi,Sur place,CA,,19
1077,15,204.2,185.63636365,2017-03-10,2 - Midi,5 - Vendredi,À emporter,CA,,12
1078,7,111.0,100.90909089,2017-03-10,2 - Midi,5 - Vendredi,Livraison,CA,Foodora,1
1079,9,137.84,125.30909089,2017-03-10,2 - Midi,5 - Vendredi,Livraison,CA,KM LIVRAISON,1
1080,9,138.5,125.90909087,2017-03-10,2 - Midi,5 - Vendredi,Livraison,CA,UberEats,2
1081,71,1021.74,926.44848494,2017-03-10,2 - Midi,5 - Vendredi,Sur place,CA,,65
1082,1,15.5,14.09090909,2017-03-10,3 - Après-midi,5 - Vendredi,Livraison,CA,Foodora,1
1083,4,53.0,48.18181818,2017-03-10,3 - Après-midi,5 - Vendredi,Sur place,CA,,3
1084,21,279.21,253.82727274,2017-03-10,4 - Soir,5 - Vendredi,À emporter,CA,,10
1085,8,127.2,115.63636361,2017-03-10,4 - Soir,5 - Vendredi,Livraison,CA,AlloResto,1
1086,10,160.0,145.45454542,2017-03-10,4 - Soir,5 - Vendredi,Livraison,CA,Deliveroo,1
1087,55,870.9,791.72727265,2017-03-10,4 - Soir,5 - Vendredi,Livraison,CA,Foodora,1
1088,3,39.8,36.18181818,2017-03-10,4 - Soir,5 - Vendredi,Livraison,CA,KM CLICK & COLLECT,1
1089,31,423.74,385.21818175,2017-03-10,4 - Soir,5 - Vendredi,Livraison,CA,KM LIVRAISON,1
1090,43,662.4,602.18181811,2017-03-10,4 - Soir,5 - Vendredi,Livraison,CA,UberEats,1
1091,41,547.9,496.85151522,2017-03-10,4 - Soir,5 - Vendredi,Sur place,CA,,35
1093,6,79.93,72.66363636,2017-03-11,2 - Midi,6 - Samedi,À emporter,CA,,5
1094,117,1529.4,1389.90909102,2017-03-11,2 - Midi,6 - Samedi,Sur place,CA,,70
1095,4,43.0,39.09090909,2017-03-11,3 - Après-midi,6 - Samedi,À emporter,CA,,2
1096,7,103.8,94.36363635,2017-03-11,3 - Après-midi,6 - Samedi,Livraison,CA,AlloResto,1
1097,4,57.9,52.63636364,2017-03-11,3 - Après-midi,6 - Samedi,Livraison,CA,Deliveroo,1
1098,18,280.5,254.99999998,2017-03-11,3 - Après-midi,6 - Samedi,Livraison,CA,Foodora,1
1099,2,30.5,27.72727272,2017-03-11,3 - Après-midi,6 - Samedi,Livraison,CA,KM LIVRAISON,1
1100,13,188.0,170.90909089,2017-03-11,3 - Après-midi,6 - Samedi,Livraison,CA,UberEats,1
1101,18,279.9,252.92272729,2017-03-11,3 - Après-midi,6 - Samedi,Sur place,CA,,17
1102,10,135.0,122.72727273,2017-03-11,4 - Soir,6 - Samedi,À emporter,CA,,6
1103,16,243.0,220.90909089,2017-03-11,4 - Soir,6 - Samedi,Livraison,CA,AlloResto,1
1104,19,288.0,261.81818177,2017-03-11,4 - Soir,6 - Samedi,Livraison,CA,Deliveroo,1
1105,41,619.9,563.54545449,2017-03-11,4 - Soir,6 - Samedi,Livraison,CA,Foodora,1
1107,3,40.5,36.81818183,2017-03-11,4 - Soir,6 - Samedi,Livraison,CA,KM CLICK & COLLECT,1
1108,19,280.24,254.76363637,2017-03-11,4 - Soir,6 - Samedi,Livraison,CA,KM LIVRAISON,1
1109,32,515.4,468.54545453,2017-03-11,4 - Soir,6 - Samedi,Livraison,CA,UberEats,1
1110,52,750.68,674.97424245,2017-03-11,4 - Soir,6 - Samedi,Sur place,CA,,34
1112,2,33.5,30.45454545,2017-03-12,3 - Après-midi,7 - Dimanche,À emporter,CA,,1
1113,9,127.8,114.29848485,2017-03-12,3 - Après-midi,7 - Dimanche,Sur place,CA,,8
1114,24,344.9,313.54545456,2017-03-12,4 - Soir,7 - Dimanche,À emporter,CA,,19
1115,17,269.4,244.90909086,2017-03-12,4 - Soir,7 - Dimanche,Livraison,CA,AlloResto,1
1116,15,246.9,224.45454542,2017-03-12,4 - Soir,7 - Dimanche,Livraison,CA,Deliveroo,1
1117,44,707.9,643.54545443,2017-03-12,4 - Soir,7 - Dimanche,Livraison,CA,Foodora,1
1118,25,376.45,342.22727262,2017-03-12,4 - Soir,7 - Dimanche,Livraison,CA,KM LIVRAISON,1
1119,41,635.6,577.81818176,2017-03-12,4 - Soir,7 - Dimanche,Livraison,CA,UberEats,1
1120,38,579.46,521.96969704,2017-03-12,4 - Soir,7 - Dimanche,Sur place,CA,,22
1123,9,122.0,110.90909092,2017-03-13,2 - Midi,1 - Lundi,À emporter,CA,,8
1124,6,86.25,78.4090909,2017-03-13,2 - Midi,1 - Lundi,Livraison,CA,AlloResto,1
1125,1,14.5,13.18181818,2017-03-13,2 - Midi,1 - Lundi,Livraison,CA,Deliveroo,1
1126,5,77.5,70.45454545,2017-03-13,2 - Midi,1 - Lundi,Livraison,CA,Foodora,1
1127,7,115.4,104.9090909,2017-03-13,2 - Midi,1 - Lundi,Livraison,CA,UberEats,1
1128,43,618.5,559.77575764,2017-03-13,2 - Midi,1 - Lundi,Sur place,CA,,35
1129,1,12.5,11.36363637,2017-03-13,3 - Après-midi,1 - Lundi,À emporter,CA,,1
1130,10,142.7,129.72727272,2017-03-13,4 - Soir,1 - Lundi,À emporter,CA,,5
1131,9,133.1,120.99999998,2017-03-13,4 - Soir,1 - Lundi,Livraison,CA,AlloResto,1
1132,7,105.0,95.45454545,2017-03-13,4 - Soir,1 - Lundi,Livraison,CA,Deliveroo,1
1133,17,267.5,243.18181816,2017-03-13,4 - Soir,1 - Lundi,Livraison,CA,Foodora,1
1134,4,44.67,40.60909091,2017-03-13,4 - Soir,1 - Lundi,Livraison,CA,KM CLICK & COLLECT,1
1135,17,234.46,213.14545457,2017-03-13,4 - Soir,1 - Lundi,Livraison,CA,KM LIVRAISON,1
1136,12,190.0,172.72727269,2017-03-13,4 - Soir,1 - Lundi,Livraison,CA,UberEats,1
1137,23,337.3,305.40530308,2017-03-13,4 - Soir,1 - Lundi,Sur place,CA,,15
1140,9,115.6,105.09090911,2017-03-14,2 - Midi,2 - Mardi,À emporter,CA,,9
1141,3,46.2,42.0,2017-03-14,2 - Midi,2 - Mardi,Livraison,CA,AlloResto,1
1142,1,13.0,11.81818182,2017-03-14,2 - Midi,2 - Mardi,Livraison,CA,Deliveroo,1
1143,2,31.0,28.18181818,2017-03-14,2 - Midi,2 - Mardi,Livraison,CA,Foodora,2
1144,2,26.5,24.09090909,2017-03-14,2 - Midi,2 - Mardi,Livraison,CA,KM LIVRAISON,1
1145,3,45.0,40.90909091,2017-03-14,2 - Midi,2 - Mardi,Livraison,CA,UberEats,1
1146,54,804.45,729.04545454,2017-03-14,2 - Midi,2 - Mardi,Sur place,CA,,51
1147,1,11.5,10.45454546,2017-03-14,3 - Après-midi,2 - Mardi,À emporter,CA,,1
1148,3,44.5,40.45454545,2017-03-14,3 - Après-midi,2 - Mardi,Livraison,CA,Foodora,1
1149,4,59.5,54.09090908,2017-03-14,3 - Après-midi,2 - Mardi,Sur place,CA,,4
1150,5,55.2,50.18181819,2017-03-14,4 - Soir,2 - Mardi,À emporter,CA,,3
1151,4,62.35,56.68181818,2017-03-14,4 - Soir,2 - Mardi,Livraison,CA,AlloResto,1
1152,8,126.4,114.90909091,2017-03-14,4 - Soir,2 - Mardi,Livraison,CA,Deliveroo,1
1153,21,342.5,311.36363631,2017-03-14,4 - Soir,2 - Mardi,Livraison,CA,Foodora,1
1154,14,209.82,190.74545451,2017-03-14,4 - Soir,2 - Mardi,Livraison,CA,KM LIVRAISON,1
1155,5,80.0,72.7272727,2017-03-14,4 - Soir,2 - Mardi,Livraison,CA,UberEats,1
1156,14,183.9,167.18181821,2017-03-14,4 - Soir,2 - Mardi,Sur place,CA,,13
1160,11,144.5,131.36363634,2017-03-15,2 - Midi,3 - Mercredi,À emporter,CA,,8
1161,2,28.0,25.45454545,2017-03-15,2 - Midi,3 - Mercredi,Livraison,CA,Deliveroo,1
1162,2,30.5,27.72727272,2017-03-15,2 - Midi,3 - Mercredi,Livraison,CA,Foodora,1
1163,6,92.9,84.45454544,2017-03-15,2 - Midi,3 - Mercredi,Livraison,CA,UberEats,1
1164,62,897.78,810.82196977,2017-03-15,2 - Midi,3 - Mercredi,Sur place,CA,,52
1165,2,32.85,29.86363637,2017-03-15,3 - Après-midi,3 - Mercredi,Livraison,CA,AlloResto,1
1166,1,20.5,18.63636363,2017-03-15,3 - Après-midi,3 - Mercredi,Livraison,CA,KM LIVRAISON,1
1167,2,33.0,29.3909091,2017-03-15,3 - Après-midi,3 - Mercredi,Sur place,CA,,1
1168,9,116.5,105.90909092,2017-03-15,4 - Soir,3 - Mercredi,À emporter,CA,,8
1170,6,96.8,87.99999998,2017-03-15,4 - Soir,3 - Mercredi,Livraison,CA,AlloResto,1
1171,27,462.9,420.81818177,2017-03-15,4 - Soir,3 - Mercredi,Livraison,CA,Deliveroo,2
1172,21,318.5,289.54545451,2017-03-15,4 - Soir,3 - Mercredi,Livraison,CA,Foodora,1
1173,33,442.81,402.55454537,2017-03-15,4 - Soir,3 - Mercredi,Livraison,CA,KM LIVRAISON,1
1174,12,207.4,188.54545454,2017-03-15,4 - Soir,3 - Mercredi,Livraison,CA,UberEats,1
1175,32,462.9,417.06060609,2017-03-15,4 - Soir,3 - Mercredi,Sur place,CA,,24
1177,8,113.34,103.03636363,2017-03-16,2 - Midi,4 - Jeudi,À emporter,CA,,6
1178,1,15.5,14.09090909,2017-03-16,2 - Midi,4 - Jeudi,Livraison,CA,AlloResto,1
1179,6,96.5,87.72727272,2017-03-16,2 - Midi,4 - Jeudi,Livraison,CA,Foodora,1
1180,2,31.0,28.18181818,2017-03-16,2 - Midi,4 - Jeudi,Livraison,CA,KM CLICK & COLLECT,1
1181,2,26.5,24.09090909,2017-03-16,2 - Midi,4 - Jeudi,Livraison,CA,KM LIVRAISON,1
1182,5,76.9,69.90909091,2017-03-16,2 - Midi,4 - Jeudi,Livraison,CA,UberEats,1
1183,89,1232.4,1115.64090917,2017-03-16,2 - Midi,4 - Jeudi,Sur place,CA,,70
1184,8,128.8,117.09090909,2017-03-16,3 - Après-midi,4 - Jeudi,À emporter,CA,,1
1185,0,11.0,9.16666666,2017-03-16,3 - Après-midi,4 - Jeudi,Sur place,CA,,1
1186,-8,-128.8,-117.09090909,2017-03-16,4 - Soir,4 - Jeudi,À emporter,CA,,1
1187,11,137.0,124.54545453,2017-03-16,4 - Soir,4 - Jeudi,À emporter,CA,,9
1188,6,105.75,96.1363636,2017-03-16,4 - Soir,4 - Jeudi,Livraison,CA,AlloResto,1
1189,37,595.3,541.1818181,2017-03-16,4 - Soir,4 - Jeudi,Livraison,CA,Deliveroo,2
1190,33,476.0,432.72727268,2017-03-16,4 - Soir,4 - Jeudi,Livraison,CA,Foodora,1
1191,29,409.39,372.17272724,2017-03-16,4 - Soir,4 - Jeudi,Livraison,CA,KM LIVRAISON,1
1192,22,346.7,315.18181815,2017-03-16,4 - Soir,4 - Jeudi,Livraison,CA,UberEats,2
1193,24,343.0,310.98030305,2017-03-16,4 - Soir,4 - Jeudi,Sur place,CA,,17
1195,12,154.5,140.45454545,2017-03-17,2 - Midi,5 - Vendredi,À emporter,CA,,9
1196,1,20.45,18.59090909,2017-03-17,2 - Midi,5 - Vendredi,Livraison,CA,AlloResto,1
1197,2,30.0,27.27272727,2017-03-17,2 - Midi,5 - Vendredi,Livraison,CA,Deliveroo,1
1198,3,46.5,42.27272727,2017-03-17,2 - Midi,5 - Vendredi,Livraison,CA,Foodora,1
1199,4,54.08,49.16363635,2017-03-17,2 - Midi,5 - Vendredi,Livraison,CA,KM LIVRAISON,1
1200,12,190.0,172.72727271,2017-03-17,2 - Midi,5 - Vendredi,Livraison,CA,UberEats,1
1201,13,198.0,179.3780303,2017-03-17,2 - Midi,5 - Vendredi,Sur place,CA,,13
1202,59,860.6,780.57651519,2017-03-17,2 - Midi,5 - Vendredi,Sur place,CA,,52
1203,0,6.4,5.81818182,2017-03-17,3 - Après-midi,5 - Vendredi,À emporter,CA,,1
1204,3,45.0,40.9090909,2017-03-17,3 - Après-midi,5 - Vendredi,Sur place,CA,,2
1205,6,86.5,78.63636363,2017-03-17,4 - Soir,5 - Vendredi,À emporter,CA,,4
1207,4,64.9,58.99999998,2017-03-17,4 - Soir,5 - Vendredi,Livraison,CA,AlloResto,1
1208,23,338.7,307.9090909,2017-03-17,4 - Soir,5 - Vendredi,Livraison,CA,Deliveroo,1
1209,27,432.0,392.72727271,2017-03-17,4 - Soir,5 - Vendredi,Livraison,CA,Foodora,1
1210,2,23.0,20.9090909,2017-03-17,4 - Soir,5 - Vendredi,Livraison,CA,KM CLICK & COLLECT,1
1211,33,460.36,418.50909086,2017-03-17,4 - Soir,5 - Vendredi,Livraison,CA,KM LIVRAISON,2
1212,72,1156.2,1051.09090903,2017-03-17,4 - Soir,5 - Vendredi,Livraison,CA,UberEats,1
1213,35,489.7,444.24090918,2017-03-17,4 - Soir,5 - Vendredi,Sur place,CA,,22
1215,0,3.0,2.72727273,2017-03-18,1 - Matin,6 - Samedi,Sur place,CA,,1
1216,19,243.2,221.09090907,2017-03-18,2 - Midi,6 - Samedi,À emporter,CA,,8
1217,85,1235.9,1117.52575765,2017-03-18,2 - Midi,6 - Samedi,Sur place,CA,,59
1218,3,43.5,39.54545454,2017-03-18,3 - Après-midi,6 - Samedi,À emporter,CA,,2
1219,8,129.2,117.45454542,2017-03-18,3 - Après-midi,6 - Samedi,Livraison,CA,AlloResto,1
1220,23,333.0,302.72727267,2017-03-18,3 - Après-midi,6 - Samedi,Livraison,CA,Deliveroo,1
1221,14,250.0,227.27272725,2017-03-18,3 - Après-midi,6 - Samedi,Livraison,CA,Foodora,1
1222,38,638.7,580.63636359,2017-03-18,3 - Après-midi,6 - Samedi,Livraison,CA,UberEats,1
1223,10,162.6,147.81818181,2017-03-18,3 - Après-midi,6 - Samedi,Sur place,CA,,10
1224,16,231.0,210.0,2017-03-18,4 - Soir,6 - Samedi,À emporter,CA,,7
1226,10,151.7,137.90909088,2017-03-18,4 - Soir,6 - Samedi,Livraison,CA,AlloResto,1
1227,26,426.9,388.09090905,2017-03-18,4 - Soir,6 - Samedi,Livraison,CA,Deliveroo,1
1228,27,414.9,377.18181815,2017-03-18,4 - Soir,6 - Samedi,Livraison,CA,Foodora,1
1229,6,79.55,72.31818182,2017-03-18,4 - Soir,6 - Samedi,Livraison,CA,KM CLICK & COLLECT,1
1230,19,251.2,228.36363639,2017-03-18,4 - Soir,6 - Samedi,Livraison,CA,KM LIVRAISON,1
1231,43,688.9,626.27272723,2017-03-18,4 - Soir,6 - Samedi,Livraison,CA,UberEats,1
1232,37,548.6,495.89545458,2017-03-18,4 - Soir,6 - Samedi,Sur place,CA,,30
1233,7,112.7,102.45454548,2017-03-19,3 - Après-midi,7 - Dimanche,Sur place,CA,,7
1234,13,157.1,142.81818183,2017-03-19,4 - Soir,7 - Dimanche,À emporter,CA,,6
1236,19,302.8,275.27272723,2017-03-19,4 - Soir,7 - Dimanche,Livraison,CA,AlloResto,1
1237,51,774.3,703.90909089,2017-03-19,4 - Soir,7 - Dimanche,Livraison,CA,Deliveroo,1
1238,31,496.8,451.63636357,2017-03-19,4 - Soir,7 - Dimanche,Livraison,CA,Foodora,1
1239,40,597.71,543.37272724,2017-03-19,4 - Soir,7 - Dimanche,Livraison,CA,KM LIVRAISON,1
1240,79,1279.9,1163.54545446,2017-03-19,4 - Soir,7 - Dimanche,Livraison,CA,UberEats,1
1241,17,226.15,205.59090907,2017-03-19,4 - Soir,7 - Dimanche,Sur place,CA,,11
1243,9,121.0,110.00000002,2017-03-20,2 - Midi,1 - Lundi,À emporter,CA,,6
1244,1,16.45,14.95454545,2017-03-20,2 - Midi,1 - Lundi,Livraison,CA,AlloResto,1
1245,4,62.0,56.36363636,2017-03-20,2 - Midi,1 - Lundi,Livraison,CA,Deliveroo,1
1246,5,84.0,76.36363635,2017-03-20,2 - Midi,1 - Lundi,Livraison,CA,Foodora,1
1247,3,45.98,41.8,2017-03-20,2 - Midi,1 - Lundi,Livraison,CA,KM CLICK & COLLECT,1
1248,4,70.0,63.63636362,2017-03-20,2 - Midi,1 - Lundi,Livraison,CA,UberEats,1
1249,5,80.5,73.18181818,2017-03-20,2 - Midi,1 - Lundi,Sur place,CA,,4
1250,45,639.5,580.13181815,2017-03-20,2 - Midi,1 - Lundi,Sur place,CA,,36
1251,2,29.0,26.36363637,2017-03-20,3 - Après-midi,1 - Lundi,Sur place,CA,,1
1252,7,79.7,72.45454546,2017-03-20,4 - Soir,1 - Lundi,À emporter,CA,,6
1253,6,106.75,97.04545451,2017-03-20,4 - Soir,1 - Lundi,Livraison,CA,AlloResto,1
1254,19,287.4,261.27272725,2017-03-20,4 - Soir,1 - Lundi,Livraison,CA,Deliveroo,1
1255,25,398.5,362.27272724,2017-03-20,4 - Soir,1 - Lundi,Livraison,CA,Foodora,1
1256,7,101.17,91.97272728,2017-03-20,4 - Soir,1 - Lundi,Livraison,CA,KM LIVRAISON,1
1257,12,177.5,161.36363633,2017-03-20,4 - Soir,1 - Lundi,Livraison,CA,UberEats,1
1258,26,409.38,364.8272728,2017-03-20,4 - Soir,1 - Lundi,Sur place,CA,,25
1261,0,3.0,2.72727273,2017-03-21,1 - Matin,2 - Mardi,Sur place,CA,,1
1262,19,274.57,249.60909091,2017-03-21,2 - Midi,2 - Mardi,À emporter,CA,,12
1263,1,16.45,14.95454545,2017-03-21,2 - Midi,2 - Mardi,Livraison,CA,AlloResto,1
1264,8,121.9,110.8181818,2017-03-21,2 - Midi,2 - Mardi,Livraison,CA,Deliveroo,1
1265,4,68.5,62.27272726,2017-03-21,2 - Midi,2 - Mardi,Livraison,CA,Foodora,1
1266,2,26.0,23.63636364,2017-03-21,2 - Midi,2 - Mardi,Livraison,CA,UberEats,1
1267,90,1235.91,1120.01287881,2017-03-21,2 - Midi,2 - Mardi,Sur place,CA,,74
1268,2,24.0,21.81818182,2017-03-21,3 - Après-midi,2 - Mardi,Sur place,CA,,2
1269,-2,-37.37,-33.97272726,2017-03-21,4 - Soir,2 - Mardi,À emporter,CA,,6
1270,8,130.2,118.36363635,2017-03-21,4 - Soir,2 - Mardi,Livraison,CA,AlloResto,1
1271,24,371.0,337.27272723,2017-03-21,4 - Soir,2 - Mardi,Livraison,CA,Deliveroo,1
1272,25,385.0,349.99999994,2017-03-21,4 - Soir,2 - Mardi,Livraison,CA,Foodora,1
1273,4,50.2,45.63636365,2017-03-21,4 - Soir,2 - Mardi,Livraison,CA,KM CLICK & COLLECT,1
1274,27,396.95,360.86363634,2017-03-21,4 - Soir,2 - Mardi,Livraison,CA,KM LIVRAISON,1
1275,13,207.3,188.45454543,2017-03-21,4 - Soir,2 - Mardi,Livraison,CA,UberEats,1
1276,19,274.31,247.70000002,2017-03-21,4 - Soir,2 - Mardi,Sur place,CA,,11
1279,0,1.5,1.36363636,2017-03-22,1 - Matin,3 - Mercredi,Sur place,CA,,1
1280,14,189.5,172.27272726,2017-03-22,2 - Midi,3 - Mercredi,À emporter,CA,,13
1281,4,69.4,63.09090909,2017-03-22,2 - Midi,3 - Mercredi,Livraison,CA,Foodora,1
1282,2,43.5,39.54545453,2017-03-22,2 - Midi,3 - Mercredi,Livraison,CA,KM CLICK & COLLECT,1
1283,1,21.5,19.54545454,2017-03-22,2 - Midi,3 - Mercredi,Livraison,CA,KM LIVRAISON,1
1284,1,18.0,16.36363636,2017-03-22,2 - Midi,3 - Mercredi,Livraison,CA,UberEats,1
1285,63,910.4,826.70984859,2017-03-22,2 - Midi,3 - Mercredi,Sur place,CA,,56
1286,3,30.5,27.72727272,2017-03-22,3 - Après-midi,3 - Mercredi,À emporter,CA,,1
1287,18,258.9,235.36363633,2017-03-22,4 - Soir,3 - Mercredi,À emporter,CA,,13
1288,11,177.7,161.54545453,2017-03-22,4 - Soir,3 - Mercredi,Livraison,CA,AlloResto,1
1289,20,304.5,276.81818178,2017-03-22,4 - Soir,3 - Mercredi,Livraison,CA,Deliveroo,1
1290,34,506.4,460.36363633,2017-03-22,4 - Soir,3 - Mercredi,Livraison,CA,Foodora,1
1291,1,15.5,14.09090909,2017-03-22,4 - Soir,3 - Mercredi,Livraison,CA,KM CLICK & COLLECT,1
1292,21,290.3,263.90909088,2017-03-22,4 - Soir,3 - Mercredi,Livraison,CA,KM LIVRAISON,1
1293,36,509.4,462.25303033,2017-03-22,4 - Soir,3 - Mercredi,Sur place,CA,,27
1297,23,320.7,291.54545452,2017-03-23,2 - Midi,4 - Jeudi,À emporter,CA,,17
1298,8,113.85,103.49999998,2017-03-23,2 - Midi,4 - Jeudi,Livraison,CA,AlloResto,1
1299,3,47.0,42.72727273,2017-03-23,2 - Midi,4 - Jeudi,Livraison,CA,Foodora,1
1300,2,21.5,19.54545454,2017-03-23,2 - Midi,4 - Jeudi,Livraison,CA,KM LIVRAISON,1
1301,1,15.5,14.09090909,2017-03-23,2 - Midi,4 - Jeudi,Livraison,CA,UberEats,2
1302,95,1364.81,1238.95530302,2017-03-23,2 - Midi,4 - Jeudi,Sur place,CA,,80
1303,0,3.0,2.72727273,2017-03-23,3 - Après-midi,4 - Jeudi,À emporter,CA,,1
1305,6,80.8,73.45454546,2017-03-23,4 - Soir,4 - Jeudi,À emporter,CA,,4
1306,5,71.9,65.36363635,2017-03-23,4 - Soir,4 - Jeudi,Livraison,CA,AlloResto,1
1307,24,368.4,334.90909088,2017-03-23,4 - Soir,4 - Jeudi,Livraison,CA,Deliveroo,1
1308,52,781.4,710.36363628,2017-03-23,4 - Soir,4 - Jeudi,Livraison,CA,Foodora,1
1310,2,26.71,24.28181818,2017-03-23,4 - Soir,4 - Jeudi,Livraison,CA,KM CLICK & COLLECT,1
1311,17,261.72,237.92727269,2017-03-23,4 - Soir,4 - Jeudi,Livraison,CA,KM LIVRAISON,4
1312,21,312.0,283.63636362,2017-03-23,4 - Soir,4 - Jeudi,Livraison,CA,UberEats,2
1313,21,305.42,275.98787879,2017-03-23,4 - Soir,4 - Jeudi,Sur place,CA,,18
1316,5,70.0,63.63636366,2017-03-24,2 - Midi,5 - Vendredi,À emporter,CA,,3
1318,5,74.5,67.72727272,2017-03-24,2 - Midi,5 - Vendredi,Livraison,CA,UberEats,1
1319,14,202.0,183.02272729,2017-03-24,2 - Midi,5 - Vendredi,Sur place,CA,,12
1320,66,976.27,885.62272738,2017-03-24,2 - Midi,5 - Vendredi,Sur place,CA,,56
1322,3,53.35,48.49999999,2017-03-24,3 - Après-midi,5 - Vendredi,Livraison,CA,AlloResto,1
1323,9,145.8,132.54545453,2017-03-24,3 - Après-midi,5 - Vendredi,Livraison,CA,Deliveroo,1
1324,5,86.4,78.54545454,2017-03-24,3 - Après-midi,5 - Vendredi,Livraison,CA,Foodora,1
1325,3,43.5,39.54545454,2017-03-24,3 - Après-midi,5 - Vendredi,Livraison,CA,KM CLICK & COLLECT,1
1326,4,58.2,52.90909091,2017-03-24,3 - Après-midi,5 - Vendredi,Sur place,CA,,2
1327,6,86.0,78.18181819,2017-03-24,4 - Soir,5 - Vendredi,À emporter,CA,,6
1328,16,253.35,230.31818174,2017-03-24,4 - Soir,5 - Vendredi,Livraison,CA,AlloResto,1
1329,33,497.4,452.18181813,2017-03-24,4 - Soir,5 - Vendredi,Livraison,CA,Deliveroo,1
1330,31,480.5,436.81818173,2017-03-24,4 - Soir,5 - Vendredi,Livraison,CA,Foodora,2
1331,4,56.5,51.36363635,2017-03-24,4 - Soir,5 - Vendredi,Livraison,CA,KM CLICK & COLLECT,1
1332,25,368.48,334.98181813,2017-03-24,4 - Soir,5 - Vendredi,Livraison,CA,KM LIVRAISON,1
1333,28,433.4,393.99999996,2017-03-24,4 - Soir,5 - Vendredi,Livraison,CA,UberEats,1
1334,62,904.8,819.82727276,2017-03-24,4 - Soir,5 - Vendredi,Sur place,CA,,38
1337,15,183.35,166.68181818,2017-03-25,2 - Midi,6 - Samedi,À emporter,CA,,10
1338,75,968.01,879.43181827,2017-03-25,2 - Midi,6 - Samedi,Sur place,CA,,46
1339,6,85.5,77.72727273,2017-03-25,3 - Après-midi,6 - Samedi,À emporter,CA,,2
1340,8,107.65,97.86363633,2017-03-25,3 - Après-midi,6 - Samedi,Livraison,CA,AlloResto,1
1341,17,274.3,249.36363636,2017-03-25,3 - Après-midi,6 - Samedi,Livraison,CA,Deliveroo,1
1342,26,375.5,341.36363632,2017-03-25,3 - Après-midi,6 - Samedi,Livraison,CA,Foodora,1
1343,4,51.0,46.36363636,2017-03-25,3 - Après-midi,6 - Samedi,Livraison,CA,KM LIVRAISON,1
1344,22,367.6,334.18181818,2017-03-25,3 - Après-midi,6 - Samedi,Livraison,CA,UberEats,1
1345,12,159.6,145.09090911,2017-03-25,3 - Après-midi,6 - Samedi,Sur place,CA,,12
1346,14,186.1,169.1818182,2017-03-25,4 - Soir,6 - Samedi,À emporter,CA,,10
1347,33,498.1,452.81818168,2017-03-25,4 - Soir,6 - Samedi,Livraison,CA,AlloResto,1
1348,36,565.4,513.99999989,2017-03-25,4 - Soir,6 - Samedi,Livraison,CA,Deliveroo,1
1349,37,579.9,527.18181807,2017-03-25,4 - Soir,6 - Samedi,Livraison,CA,Foodora,1
1350,36,545.84,496.21818173,2017-03-25,4 - Soir,6 - Samedi,Livraison,CA,KM LIVRAISON,1
1351,36,559.9,508.99999997,2017-03-25,4 - Soir,6 - Samedi,Livraison,CA,UberEats,1
1352,23,294.1,265.18636364,2017-03-25,4 - Soir,6 - Samedi,Sur place,CA,,15
1354,7,88.3,80.27272726,2017-03-26,3 - Après-midi,7 - Dimanche,À emporter,CA,,5
1355,2,27.9,25.36363637,2017-03-26,3 - Après-midi,7 - Dimanche,Sur place,CA,,2
1356,22,326.7,297.00000001,2017-03-26,4 - Soir,7 - Dimanche,À emporter,CA,,13
1358,23,357.3,324.81818176,2017-03-26,4 - Soir,7 - Dimanche,Livraison,CA,AlloResto,1
1359,45,690.9,628.09090899,2017-03-26,4 - Soir,7 - Dimanche,Livraison,CA,Deliveroo,1
1360,41,643.3,584.81818174,2017-03-26,4 - Soir,7 - Dimanche,Livraison,CA,Foodora,1
1361,6,70.65,64.22727274,2017-03-26,4 - Soir,7 - Dimanche,Livraison,CA,KM CLICK & COLLECT,1
1362,30,406.31,369.37272724,2017-03-26,4 - Soir,7 - Dimanche,Livraison,CA,KM LIVRAISON,1
1363,27,448.4,407.63636357,2017-03-26,4 - Soir,7 - Dimanche,Livraison,CA,UberEats,1
1364,35,533.2,481.15378793,2017-03-26,4 - Soir,7 - Dimanche,Sur place,CA,,26
1366,7,106.0,96.36363637,2017-03-27,2 - Midi,1 - Lundi,À emporter,CA,,7
1367,1,15.45,14.04545454,2017-03-27,2 - Midi,1 - Lundi,Livraison,CA,AlloResto,1
1368,1,14.5,13.18181818,2017-03-27,2 - Midi,1 - Lundi,Livraison,CA,Deliveroo,1
1369,3,57.0,51.81818181,2017-03-27,2 - Midi,1 - Lundi,Livraison,CA,Foodora,1
1370,2,19.98,18.16363637,2017-03-27,2 - Midi,1 - Lundi,Livraison,CA,KM CLICK & COLLECT,1
1371,3,29.59,26.89999999,2017-03-27,2 - Midi,1 - Lundi,Livraison,CA,KM LIVRAISON,1
1372,13,178.8,162.54545456,2017-03-27,2 - Midi,1 - Lundi,Livraison,CA,UberEats,1
1373,34,497.5,451.66363636,2017-03-27,2 - Midi,1 - Lundi,Sur place,CA,,33
1374,2,33.45,30.40909092,2017-03-27,3 - Après-midi,1 - Lundi,À emporter,CA,,1
1375,3,40.7,37.00000002,2017-03-27,4 - Soir,1 - Lundi,À emporter,CA,,6
1376,18,285.95,259.95454539,2017-03-27,4 - Soir,1 - Lundi,Livraison,CA,AlloResto,1
1377,21,323.0,293.63636357,2017-03-27,4 - Soir,1 - Lundi,Livraison,CA,Deliveroo,1
1378,20,311.9,283.5454545,2017-03-27,4 - Soir,1 - Lundi,Livraison,CA,Foodora,1
1379,10,146.3,132.99999997,2017-03-27,4 - Soir,1 - Lundi,Livraison,CA,KM LIVRAISON,3
1380,10,163.0,148.18181816,2017-03-27,4 - Soir,1 - Lundi,Livraison,CA,UberEats,1
1381,26,358.65,325.08181819,2017-03-27,4 - Soir,1 - Lundi,Sur place,CA,,14
1384,10,139.5,126.81818182,2017-03-28,2 - Midi,2 - Mardi,À emporter,CA,,9
1385,3,40.5,36.81818182,2017-03-28,2 - Midi,2 - Mardi,Livraison,CA,Foodora,1
1386,2,31.09,28.26363637,2017-03-28,2 - Midi,2 - Mardi,Livraison,CA,KM CLICK & COLLECT,1
1387,8,136.9,124.45454544,2017-03-28,2 - Midi,2 - Mardi,Livraison,CA,UberEats,1
1388,53,738.21,670.08333345,2017-03-28,2 - Midi,2 - Mardi,Sur place,CA,,45
1390,4,52.0,47.27272728,2017-03-28,4 - Soir,2 - Mardi,À emporter,CA,,2
1391,8,115.25,104.77272724,2017-03-28,4 - Soir,2 - Mardi,Livraison,CA,AlloResto,1
1392,22,331.0,300.90909087,2017-03-28,4 - Soir,2 - Mardi,Livraison,CA,Deliveroo,1
1393,17,256.4,233.09090908,2017-03-28,4 - Soir,2 - Mardi,Livraison,CA,Foodora,1
1394,6,65.98,59.98181819,2017-03-28,4 - Soir,2 - Mardi,Livraison,CA,KM CLICK & COLLECT,1
1395,3,48.6,44.18181818,2017-03-28,4 - Soir,2 - Mardi,Livraison,CA,KM LIVRAISON,1
1396,8,128.4,116.72727271,2017-03-28,4 - Soir,2 - Mardi,Livraison,CA,UberEats,1
1397,25,433.7,385.30151518,2017-03-28,4 - Soir,2 - Mardi,Sur place,CA,,12
1401,12,152.7,138.81818184,2017-03-29,2 - Midi,3 - Mercredi,À emporter,CA,,8
1402,4,53.95,49.04545454,2017-03-29,2 - Midi,3 - Mercredi,Livraison,CA,AlloResto,1
1403,1,15.5,14.09090909,2017-03-29,2 - Midi,3 - Mercredi,Livraison,CA,Deliveroo,1
1404,3,43.4,39.45454545,2017-03-29,2 - Midi,3 - Mercredi,Livraison,CA,KM CLICK & COLLECT,1
1405,7,108.2,98.36363635,2017-03-29,2 - Midi,3 - Mercredi,Livraison,CA,UberEats,1
1406,15,209.45,190.10454549,2017-03-29,2 - Midi,3 - Mercredi,Sur place,CA,,14
1407,53,732.7,664.89469697,2017-03-29,2 - Midi,3 - Mercredi,Sur place,CA,,45
1408,5,61.5,54.96363636,2017-03-29,3 - Après-midi,3 - Mercredi,Sur place,CA,,3
1409,7,93.1,84.63636364,2017-03-29,4 - Soir,3 - Mercredi,À emporter,CA,,5
1410,16,263.9,239.90909083,2017-03-29,4 - Soir,3 - Mercredi,Livraison,CA,AlloResto,2
1411,16,245.0,222.72727272,2017-03-29,4 - Soir,3 - Mercredi,Livraison,CA,Deliveroo,1
1412,24,368.4,334.90909088,2017-03-29,4 - Soir,3 - Mercredi,Livraison,CA,Foodora,1
1413,2,25.0,22.72727272,2017-03-29,4 - Soir,3 - Mercredi,Livraison,CA,KM CLICK & COLLECT,1
1414,25,330.71,300.64545451,2017-03-29,4 - Soir,3 - Mercredi,Livraison,CA,KM LIVRAISON,1
1415,16,278.3,253.0,2017-03-29,4 - Soir,3 - Mercredi,Livraison,CA,UberEats,1
1416,20,293.5,265.1371212,2017-03-29,4 - Soir,3 - Mercredi,Sur place,CA,,14
1418,7,95.5,86.81818182,2017-03-30,2 - Midi,4 - Jeudi,À emporter,CA,,6
1419,4,65.8,59.8181818,2017-03-30,2 - Midi,4 - Jeudi,Livraison,CA,AlloResto,1
1420,4,65.5,59.54545454,2017-03-30,2 - Midi,4 - Jeudi,Livraison,CA,Deliveroo,1
1421,6,102.0,92.72727272,2017-03-30,2 - Midi,4 - Jeudi,Livraison,CA,Foodora,1
1422,8,120.5,109.54545453,2017-03-30,2 - Midi,4 - Jeudi,Livraison,CA,UberEats,1
1423,95,1356.5,1227.73333343,2017-03-30,2 - Midi,4 - Jeudi,Sur place,CA,,86
1424,5,71.05,64.59090908,2017-03-30,3 - Après-midi,4 - Jeudi,Sur place,CA,,4
1425,13,149.9,136.2727273,2017-03-30,4 - Soir,4 - Jeudi,À emporter,CA,,6
1426,10,156.7,142.45454543,2017-03-30,4 - Soir,4 - Jeudi,Livraison,CA,AlloResto,1
1427,13,205.5,186.81818178,2017-03-30,4 - Soir,4 - Jeudi,Livraison,CA,Deliveroo,1
1428,28,442.3,402.090909,2017-03-30,4 - Soir,4 - Jeudi,Livraison,CA,Foodora,1
1429,15,228.09,207.35454542,2017-03-30,4 - Soir,4 - Jeudi,Livraison,CA,KM LIVRAISON,2
1430,23,364.7,331.54545454,2017-03-30,4 - Soir,4 - Jeudi,Livraison,CA,UberEats,1
1431,43,623.35,561.58030304,2017-03-30,4 - Soir,4 - Jeudi,Sur place,CA,,24
1434,15,213.4,194.00000001,2017-03-31,2 - Midi,5 - Vendredi,À emporter,CA,,13
1435,74,1043.5,944.61060616,2017-03-31,2 - Midi,5 - Vendredi,Sur place,CA,,58
1436,2,31.95,29.04545454,2017-03-31,3 - Après-midi,5 - Vendredi,Livraison,CA,AlloResto,1
1437,4,63.5,57.72727272,2017-03-31,3 - Après-midi,5 - Vendredi,Livraison,CA,Deliveroo,1
1438,3,53.3,48.45454546,2017-03-31,3 - Après-midi,5 - Vendredi,Livraison,CA,Foodora,1
1439,1,12.5,11.36363637,2017-03-31,3 - Après-midi,5 - Vendredi,Livraison,CA,KM CLICK & COLLECT,1
1440,9,141.5,128.63636363,2017-03-31,3 - Après-midi,5 - Vendredi,Livraison,CA,UberEats,1
1441,20,293.5,266.81818182,2017-03-31,4 - Soir,5 - Vendredi,À emporter,CA,,14
1442,9,161.7,146.99999997,2017-03-31,4 - Soir,5 - Vendredi,Livraison,CA,AlloResto,1
1443,13,204.9,186.27272724,2017-03-31,4 - Soir,5 - Vendredi,Livraison,CA,Deliveroo,1
1444,50,825.0,749.99999995,2017-03-31,4 - Soir,5 - Vendredi,Livraison,CA,Foodora,2
1445,2,21.2,19.27272728,2017-03-31,4 - Soir,5 - Vendredi,Livraison,CA,KM CLICK & COLLECT,1
1446,28,420.92,382.65454544,2017-03-31,4 - Soir,5 - Vendredi,Livraison,CA,KM LIVRAISON,1
1447,31,514.9,468.09090904,2017-03-31,4 - Soir,5 - Vendredi,Livraison,CA,UberEats,1
1448,27,403.44,365.06136363,2017-03-31,4 - Soir,5 - Vendredi,Sur place,CA,,22
1451,7,92.7,84.2727273,2017-04-01,2 - Midi,6 - Samedi,À emporter,CA,,6
1452,98,1337.28,1212.8007576,2017-04-01,2 - Midi,6 - Samedi,Sur place,CA,,66
1453,2,26.41,24.00909091,2017-04-01,3 - Après-midi,6 - Samedi,À emporter,CA,,1
1454,3,48.4,43.99999999,2017-04-01,3 - Après-midi,6 - Samedi,Livraison,CA,AlloResto,1
1455,9,146.9,133.54545452,2017-04-01,3 - Après-midi,6 - Samedi,Livraison,CA,Deliveroo,1
1456,12,199.4,181.27272724,2017-04-01,3 - Après-midi,6 - Samedi,Livraison,CA,Foodora,1
1457,16,206.18,187.43636361,2017-04-01,3 - Après-midi,6 - Samedi,Livraison,CA,KM LIVRAISON,1
1458,24,354.4,322.18181814,2017-04-01,3 - Après-midi,6 - Samedi,Livraison,CA,UberEats,1
1459,4,67.0,59.85151516,2017-04-01,3 - Après-midi,6 - Samedi,Sur place,CA,,2
1460,1,19.5,17.72727272,2017-04-01,4 - Soir,6 - Samedi,À emporter,CA,,1
1461,20,249.4,226.72727277,2017-04-01,4 - Soir,6 - Samedi,À emporter,CA,,11
1462,20,362.9,329.90909088,2017-04-01,4 - Soir,6 - Samedi,Livraison,CA,AlloResto,1
1463,27,408.5,371.36363633,2017-04-01,4 - Soir,6 - Samedi,Livraison,CA,Deliveroo,2
1464,41,670.0,609.09090902,2017-04-01,4 - Soir,6 - Samedi,Livraison,CA,Foodora,2
1465,1,15.5,14.09090909,2017-04-01,4 - Soir,6 - Samedi,Livraison,CA,KM CLICK & COLLECT,1
1466,23,326.24,296.58181819,2017-04-01,4 - Soir,6 - Samedi,Livraison,CA,KM LIVRAISON,1
1467,40,613.1,557.3636363,2017-04-01,4 - Soir,6 - Samedi,Livraison,CA,UberEats,1
1468,25,398.4,359.58636367,2017-04-01,4 - Soir,6 - Samedi,Sur place,CA,,22
1471,2,23.5,21.36363636,2017-04-02,3 - Après-midi,7 - Dimanche,À emporter,CA,,1
1472,2,22.2,20.18181819,2017-04-02,3 - Après-midi,7 - Dimanche,Sur place,CA,,3
1473,8,118.0,107.27272727,2017-04-02,4 - Soir,7 - Dimanche,À emporter,CA,,6
1475,21,321.95,292.68181816,2017-04-02,4 - Soir,7 - Dimanche,Livraison,CA,AlloResto,1
1476,42,627.5,570.45454538,2017-04-02,4 - Soir,7 - Dimanche,Livraison,CA,Deliveroo,2
1477,47,728.0,661.81818178,2017-04-02,4 - Soir,7 - Dimanche,Livraison,CA,Foodora,1
1478,3,42.2,38.36363637,2017-04-02,4 - Soir,7 - Dimanche,Livraison,CA,KM CLICK & COLLECT,1
1479,37,561.54,510.49090901,2017-04-02,4 - Soir,7 - Dimanche,Livraison,CA,KM LIVRAISON,1
1480,39,628.1,570.99999994,2017-04-02,4 - Soir,7 - Dimanche,Livraison,CA,UberEats,1
1481,18,245.0,222.19772726,2017-04-02,4 - Soir,7 - Dimanche,Sur place,CA,,12
1483,10,129.2,117.45454547,2017-04-03,2 - Midi,1 - Lundi,À emporter,CA,,6
1484,2,39.8,36.18181817,2017-04-03,2 - Midi,1 - Lundi,Livraison,CA,AlloResto,1
1485,5,90.5,82.27272727,2017-04-03,2 - Midi,1 - Lundi,Livraison,CA,Deliveroo,1
1486,6,84.0,76.36363636,2017-04-03,2 - Midi,1 - Lundi,Livraison,CA,Foodora,1
1487,5,53.63,48.75454546,2017-04-03,2 - Midi,1 - Lundi,Livraison,CA,KM LIVRAISON,1
1488,5,79.0,71.81818181,2017-04-03,2 - Midi,1 - Lundi,Livraison,CA,UberEats,1
1489,60,850.35,771.17651517,2017-04-03,2 - Midi,1 - Lundi,Sur place,CA,,48
1490,0,5.9,5.36363636,2017-04-03,3 - Après-midi,1 - Lundi,Sur place,CA,,2
1491,4,49.2,44.72727272,2017-04-03,4 - Soir,1 - Lundi,À emporter,CA,,3
1492,8,124.3,112.99999997,2017-04-03,4 - Soir,1 - Lundi,Livraison,CA,AlloResto,3
1493,15,230.4,209.45454543,2017-04-03,4 - Soir,1 - Lundi,Livraison,CA,Deliveroo,3
1494,18,263.4,239.45454541,2017-04-03,4 - Soir,1 - Lundi,Livraison,CA,Foodora,3
1495,9,129.05,117.31818183,2017-04-03,4 - Soir,1 - Lundi,Livraison,CA,KM LIVRAISON,2
1496,27,419.5,381.36363636,2017-04-03,4 - Soir,1 - Lundi,Livraison,CA,UberEats,2
1497,26,347.48,313.42651515,2017-04-03,4 - Soir,1 - Lundi,Sur place,CA,,15
1500,9,121.9,110.81818182,2017-04-04,2 - Midi,2 - Mardi,À emporter,CA,,9
1501,5,78.85,71.68181814,2017-04-04,2 - Midi,2 - Mardi,Livraison,CA,AlloResto,1
1502,1,15.5,14.09090909,2017-04-04,2 - Midi,2 - Mardi,Livraison,CA,Deliveroo,1
1503,1,14.33,13.02727273,2017-04-04,2 - Midi,2 - Mardi,Livraison,CA,KM CLICK & COLLECT,1
1504,2,29.2,26.54545454,2017-04-04,2 - Midi,2 - Mardi,Livraison,CA,KM LIVRAISON,1
1505,9,140.9,128.09090908,2017-04-04,2 - Midi,2 - Mardi,Livraison,CA,UberEats,1
1506,63,873.25,790.50378793,2017-04-04,2 - Midi,2 - Mardi,Sur place,CA,,51
1507,4,49.9,45.36363636,2017-04-04,4 - Soir,2 - Mardi,À emporter,CA,,5
1508,8,136.7,124.27272725,2017-04-04,4 - Soir,2 - Mardi,Livraison,CA,AlloResto,1
1509,33,540.0,490.90909088,2017-04-04,4 - Soir,2 - Mardi,Livraison,CA,Deliveroo,2
1510,12,203.4,184.90909088,2017-04-04,4 - Soir,2 - Mardi,Livraison,CA,Foodora,2
1511,20,263.83,239.84545455,2017-04-04,4 - Soir,2 - Mardi,Livraison,CA,KM LIVRAISON,1
1512,17,266.4,242.18181816,2017-04-04,4 - Soir,2 - Mardi,Livraison,CA,UberEats,2
1513,16,211.0,190.01212122,2017-04-04,4 - Soir,2 - Mardi,Sur place,CA,,13
1516,9,119.06,108.23636365,2017-04-05,2 - Midi,3 - Mercredi,À emporter,CA,,7
1517,1,15.95,14.49999999,2017-04-05,2 - Midi,3 - Mercredi,Livraison,CA,AlloResto,1
1518,3,45.5,41.36363636,2017-04-05,2 - Midi,3 - Mercredi,Livraison,CA,Deliveroo,1
1519,5,78.0,70.90909092,2017-04-05,2 - Midi,3 - Mercredi,Livraison,CA,Foodora,1
1520,1,23.0,20.90909092,2017-04-05,2 - Midi,3 - Mercredi,Livraison,CA,KM LIVRAISON,1
1521,6,92.5,84.09090908,2017-04-05,2 - Midi,3 - Mercredi,Livraison,CA,UberEats,1
1522,72,989.9,898.49924249,2017-04-05,2 - Midi,3 - Mercredi,Sur place,CA,,58
1523,19,247.9,225.36363635,2017-04-05,4 - Soir,3 - Mercredi,À emporter,CA,,11
1524,10,177.55,161.40909087,2017-04-05,4 - Soir,3 - Mercredi,Livraison,CA,AlloResto,1
1525,20,319.9,290.81818179,2017-04-05,4 - Soir,3 - Mercredi,Livraison,CA,Deliveroo,1
1526,28,434.0,394.54545447,2017-04-05,4 - Soir,3 - Mercredi,Livraison,CA,Foodora,1
1527,2,26.54,24.12727272,2017-04-05,4 - Soir,3 - Mercredi,Livraison,CA,KM CLICK & COLLECT,1
1528,27,342.5,311.36363629,2017-04-05,4 - Soir,3 - Mercredi,Livraison,CA,KM LIVRAISON,1
1529,23,362.3,329.36363634,2017-04-05,4 - Soir,3 - Mercredi,Livraison,CA,UberEats,1
1530,38,557.6,501.81287883,2017-04-05,4 - Soir,3 - Mercredi,Sur place,CA,,30
1533,12,175.58,159.61818181,2017-04-06,2 - Midi,4 - Jeudi,À emporter,CA,,10
1534,65,960.32,869.29393945,2017-04-06,2 - Midi,4 - Jeudi,Sur place,CA,,55
1535,5,60.8,55.27272727,2017-04-06,3 - Après-midi,4 - Jeudi,À emporter,CA,,2
1536,3,49.9,45.36363635,2017-04-06,3 - Après-midi,4 - Jeudi,Livraison,CA,AlloResto,1
1537,17,243.0,220.9090909,2017-04-06,3 - Après-midi,4 - Jeudi,Livraison,CA,Foodora,1
1538,7,97.05,88.2272727,2017-04-06,3 - Après-midi,4 - Jeudi,Livraison,CA,KM LIVRAISON,1
1539,7,109.0,99.09090908,2017-04-06,3 - Après-midi,4 - Jeudi,Livraison,CA,UberEats,1
1540,2,28.0,25.45454545,2017-04-06,3 - Après-midi,4 - Jeudi,Sur place,CA,,2
1541,8,107.11,97.37272727,2017-04-06,4 - Soir,4 - Jeudi,À emporter,CA,,10
1542,13,202.6,184.18181811,2017-04-06,4 - Soir,4 - Jeudi,Livraison,CA,AlloResto,1
1543,16,252.4,229.45454543,2017-04-06,4 - Soir,4 - Jeudi,Livraison,CA,Deliveroo,1
1544,27,405.4,368.54545447,2017-04-06,4 - Soir,4 - Jeudi,Livraison,CA,Foodora,1
1545,4,52.2,47.45454545,2017-04-06,4 - Soir,4 - Jeudi,Livraison,CA,Foodora Click&Collect,1
1546,33,487.07,442.79090905,2017-04-06,4 - Soir,4 - Jeudi,Livraison,CA,KM LIVRAISON,1
1547,37,582.8,529.81818172,2017-04-06,4 - Soir,4 - Jeudi,Livraison,CA,UberEats,1
1548,32,441.6,396.53787881,2017-04-06,4 - Soir,4 - Jeudi,Sur place,CA,,21
1551,5,80.95,73.5909091,2017-04-07,2 - Midi,5 - Vendredi,À emporter,CA,,5
1552,1,20.95,19.04545454,2017-04-07,2 - Midi,5 - Vendredi,Livraison,CA,AlloResto,1
1553,20,344.5,313.18181817,2017-04-07,2 - Midi,5 - Vendredi,Livraison,CA,Deliveroo,1
1554,11,177.4,161.27272726,2017-04-07,2 - Midi,5 - Vendredi,Livraison,CA,Foodora,5
1555,1,14.5,13.18181818,2017-04-07,2 - Midi,5 - Vendredi,Livraison,CA,KM CLICK & COLLECT,1
1556,7,92.45,84.04545452,2017-04-07,2 - Midi,5 - Vendredi,Livraison,CA,KM LIVRAISON,1
1557,8,122.9,111.72727272,2017-04-07,2 - Midi,5 - Vendredi,Livraison,CA,UberEats,1
1558,87,1178.59,1070.22651529,2017-04-07,2 - Midi,5 - Vendredi,Sur place,CA,,66
1559,11,150.0,136.36363639,2017-04-07,4 - Soir,5 - Vendredi,À emporter,CA,,6
1561,8,131.75,119.77272725,2017-04-07,4 - Soir,5 - Vendredi,Livraison,CA,AlloResto,1
1562,28,434.4,394.90909086,2017-04-07,4 - Soir,5 - Vendredi,Livraison,CA,Deliveroo,1
1563,37,582.9,529.90909085,2017-04-07,4 - Soir,5 - Vendredi,Livraison,CA,Foodora,1
1564,9,100.1,90.99999999,2017-04-07,4 - Soir,5 - Vendredi,Livraison,CA,KM CLICK & COLLECT,1
1565,39,574.27,522.06363641,2017-04-07,4 - Soir,5 - Vendredi,Livraison,CA,KM LIVRAISON,1
1566,43,660.8,600.72727267,2017-04-07,4 - Soir,5 - Vendredi,Livraison,CA,UberEats,1
1567,56,827.35,745.33787892,2017-04-07,4 - Soir,5 - Vendredi,Sur place,CA,,35
1570,5,60.9,55.36363637,2017-04-08,2 - Midi,6 - Samedi,À emporter,CA,,5
1571,17,277.7,252.45454544,2017-04-08,2 - Midi,6 - Samedi,Livraison,CA,Deliveroo,2
1572,4,54.0,49.09090909,2017-04-08,2 - Midi,6 - Samedi,Livraison,CA,Foodora,1
1573,14,168.4,153.09090907,2017-04-08,2 - Midi,6 - Samedi,Livraison,CA,KM LIVRAISON,1
1574,12,199.8,181.63636362,2017-04-08,2 - Midi,6 - Samedi,Livraison,CA,UberEats,1
1575,84,1196.3,1086.07727282,2017-04-08,2 - Midi,6 - Samedi,Sur place,CA,,48
1576,4,55.5,50.45454545,2017-04-08,3 - Après-midi,6 - Samedi,À emporter,CA,,2
1577,6,89.0,80.90909091,2017-04-08,3 - Après-midi,6 - Samedi,Livraison,CA,Deliveroo,1
1578,7,112.5,102.27272726,2017-04-08,3 - Après-midi,6 - Samedi,Livraison,CA,UberEats,1
1579,7,118.95,106.81060608,2017-04-08,3 - Après-midi,6 - Samedi,Sur place,CA,,12
1580,12,146.9,133.54545455,2017-04-08,4 - Soir,6 - Samedi,À emporter,CA,,7
1581,19,308.8,280.72727266,2017-04-08,4 - Soir,6 - Samedi,Livraison,CA,AlloResto,1
1582,26,375.9,341.72727267,2017-04-08,4 - Soir,6 - Samedi,Livraison,CA,Deliveroo,1
1583,5,71.0,64.54545454,2017-04-08,4 - Soir,6 - Samedi,Livraison,CA,Foodora,1
1584,9,130.95,119.04545453,2017-04-08,4 - Soir,6 - Samedi,Livraison,CA,KM CLICK & COLLECT,1
1585,25,321.61,292.37272725,2017-04-08,4 - Soir,6 - Samedi,Livraison,CA,KM LIVRAISON,1
1586,38,624.0,567.27272726,2017-04-08,4 - Soir,6 - Samedi,Livraison,CA,UberEats,1
1587,35,512.6,464.02272727,2017-04-08,4 - Soir,6 - Samedi,Sur place,CA,,25
1589,0,5.8,5.27272728,2017-04-09,3 - Après-midi,7 - Dimanche,Sur place,CA,,1
1590,19,240.2,218.3636364,2017-04-09,4 - Soir,7 - Dimanche,À emporter,CA,,12
1592,25,370.75,337.04545445,2017-04-09,4 - Soir,7 - Dimanche,Livraison,CA,AlloResto,1
1593,36,543.9,494.45454538,2017-04-09,4 - Soir,7 - Dimanche,Livraison,CA,Deliveroo,2
1594,44,683.3,621.18181812,2017-04-09,4 - Soir,7 - Dimanche,Livraison,CA,Foodora,3
1595,24,374.22,340.19999989,2017-04-09,4 - Soir,7 - Dimanche,Livraison,CA,KM LIVRAISON,1
1596,37,574.8,522.54545447,2017-04-09,4 - Soir,7 - Dimanche,Livraison,CA,UberEats,1
1597,19,254.7,231.2128788,2017-04-09,4 - Soir,7 - Dimanche,Sur place,CA,,12
1599,6,91.35,83.04545455,2017-04-10,2 - Midi,1 - Lundi,À emporter,CA,,6
1600,36,493.35,447.89090911,2017-04-10,2 - Midi,1 - Lundi,Sur place,CA,,31
1601,0,1.5,1.36363636,2017-04-10,3 - Après-midi,1 - Lundi,À emporter,CA,,1
1602,6,84.5,76.81818182,2017-04-10,3 - Après-midi,1 - Lundi,Livraison,CA,UberEats,1
1603,5,65.5,59.54545457,2017-04-10,4 - Soir,1 - Lundi,À emporter,CA,,3
1605,25,395.35,359.40909085,2017-04-10,4 - Soir,1 - Lundi,Livraison,CA,AlloResto,1
1606,22,343.4,312.18181813,2017-04-10,4 - Soir,1 - Lundi,Livraison,CA,Deliveroo,1
1607,12,210.3,191.18181816,2017-04-10,4 - Soir,1 - Lundi,Livraison,CA,Foodora,1
1608,3,43.3,39.36363637,2017-04-10,4 - Soir,1 - Lundi,Livraison,CA,KM CLICK & COLLECT,1
1609,5,61.28,55.70909091,2017-04-10,4 - Soir,1 - Lundi,Livraison,CA,KM LIVRAISON,1
1610,27,422.9,384.45454547,2017-04-10,4 - Soir,1 - Lundi,Livraison,CA,UberEats,1
1611,23,313.31,282.65000004,2017-04-10,4 - Soir,1 - Lundi,Sur place,CA,,19
1613,10,131.9,119.9090909,2017-04-11,2 - Midi,2 - Mardi,À emporter,CA,,9
1614,3,47.0,42.72727272,2017-04-11,2 - Midi,2 - Mardi,Livraison,CA,Deliveroo,1
1615,6,89.0,80.90909092,2017-04-11,2 - Midi,2 - Mardi,Livraison,CA,Foodora,1
1616,80,1102.95,998.97196979,2017-04-11,2 - Midi,2 - Mardi,Sur place,CA,,56
1617,0,6.5,5.90909091,2017-04-11,3 - Après-midi,2 - Mardi,Sur place,CA,,2
1618,6,78.0,70.90909092,2017-04-11,4 - Soir,2 - Mardi,À emporter,CA,,4
1619,11,168.2,152.90909087,2017-04-11,4 - Soir,2 - Mardi,Livraison,CA,AlloResto,2
1620,29,448.3,407.5454545,2017-04-11,4 - Soir,2 - Mardi,Livraison,CA,Deliveroo,3
1621,21,337.0,306.36363634,2017-04-11,4 - Soir,2 - Mardi,Livraison,CA,Foodora,3
1622,6,75.5,68.63636364,2017-04-11,4 - Soir,2 - Mardi,Livraison,CA,KM CLICK & COLLECT,2
1623,5,54.87,49.88181817,2017-04-11,4 - Soir,2 - Mardi,Livraison,CA,KM LIVRAISON,1
1624,20,308.3,280.27272728,2017-04-11,4 - Soir,2 - Mardi,Livraison,CA,UberEats,2
1625,26,365.02,329.93257575,2017-04-11,4 - Soir,2 - Mardi,Sur place,CA,,20
1628,14,182.0,165.45454548,2017-04-12,2 - Midi,3 - Mercredi,À emporter,CA,,13
1629,99,1341.8,1218.36212126,2017-04-12,2 - Midi,3 - Mercredi,Sur place,CA,,72
1630,2,35.4,32.18181817,2017-04-12,3 - Après-midi,3 - Mercredi,Livraison,CA,AlloResto,1
1631,8,124.4,113.09090907,2017-04-12,3 - Après-midi,3 - Mercredi,Livraison,CA,Deliveroo,1
1632,2,37.0,33.63636363,2017-04-12,3 - Après-midi,3 - Mercredi,Livraison,CA,Foodora,1
1633,2,30.5,27.72727272,2017-04-12,3 - Après-midi,3 - Mercredi,Livraison,CA,KM LIVRAISON,1
1634,5,74.4,67.63636363,2017-04-12,3 - Après-midi,3 - Mercredi,Livraison,CA,UberEats,1
1635,4,59.0,53.63636364,2017-04-12,4 - Soir,3 - Mercredi,À emporter,CA,,3
1636,7,113.25,102.95454543,2017-04-12,4 - Soir,3 - Mercredi,Livraison,CA,AlloResto,1
1637,18,285.5,259.54545447,2017-04-12,4 - Soir,3 - Mercredi,Livraison,CA,Deliveroo,1
1638,22,325.0,295.45454539,2017-04-12,4 - Soir,3 - Mercredi,Livraison,CA,Foodora,1
1639,11,150.5,136.81818179,2017-04-12,4 - Soir,3 - Mercredi,Livraison,CA,KM LIVRAISON,1
1640,22,332.4,302.18181813,2017-04-12,4 - Soir,3 - Mercredi,Livraison,CA,UberEats,1
1641,34,507.1,459.29393941,2017-04-12,4 - Soir,3 - Mercredi,Sur place,CA,,28
1645,12,145.2,132.00000002,2017-04-13,2 - Midi,4 - Jeudi,À emporter,CA,,10
1646,6,90.0,81.8181818,2017-04-13,2 - Midi,4 - Jeudi,Livraison,CA,Deliveroo,1
1647,71,993.45,901.33636372,2017-04-13,2 - Midi,4 - Jeudi,Sur place,CA,,63
1649,3,43.4,39.45454544,2017-04-13,3 - Après-midi,4 - Jeudi,Livraison,CA,AlloResto,1
1650,8,115.0,104.54545454,2017-04-13,3 - Après-midi,4 - Jeudi,Livraison,CA,Foodora,1
1651,7,99.85,90.77272726,2017-04-13,3 - Après-midi,4 - Jeudi,Livraison,CA,KM CLICK & COLLECT,1
1652,11,166.4,151.27272725,2017-04-13,3 - Après-midi,4 - Jeudi,Livraison,CA,UberEats,1
1653,3,46.0,41.29242424,2017-04-13,3 - Après-midi,4 - Jeudi,Sur place,CA,,2
1654,17,206.5,187.72727274,2017-04-13,4 - Soir,4 - Jeudi,À emporter,CA,,10
1655,14,189.1,171.90909088,2017-04-13,4 - Soir,4 - Jeudi,Livraison,CA,AlloResto,1
1656,16,237.5,215.90909087,2017-04-13,4 - Soir,4 - Jeudi,Livraison,CA,Deliveroo,2
1657,24,367.2,333.81818181,2017-04-13,4 - Soir,4 - Jeudi,Livraison,CA,Foodora,2
1658,2,25.0,22.72727273,2017-04-13,4 - Soir,4 - Jeudi,Livraison,CA,KM CLICK & COLLECT,1
1659,21,304.61,276.91818174,2017-04-13,4 - Soir,4 - Jeudi,Livraison,CA,KM LIVRAISON,2
1660,27,429.8,390.7272727,2017-04-13,4 - Soir,4 - Jeudi,Livraison,CA,UberEats,1
1661,51,727.27,658.63712124,2017-04-13,4 - Soir,4 - Jeudi,Sur place,CA,,35
1664,6,84.5,76.81818184,2017-04-14,2 - Midi,5 - Vendredi,À emporter,CA,,5
1666,1,16.45,14.95454545,2017-04-14,2 - Midi,5 - Vendredi,Livraison,CA,AlloResto,1
1667,7,108.5,98.63636363,2017-04-14,2 - Midi,5 - Vendredi,Livraison,CA,Deliveroo,1
1668,6,93.0,84.54545454,2017-04-14,2 - Midi,5 - Vendredi,Livraison,CA,Foodora,1
1669,5,76.0,69.09090909,2017-04-14,2 - Midi,5 - Vendredi,Livraison,CA,UberEats,1
1670,101,1401.9,1268.77500011,2017-04-14,2 - Midi,5 - Vendredi,Sur place,CA,,78
1672,2,28.2,25.63636363,2017-04-14,3 - Après-midi,5 - Vendredi,Sur place,CA,,1
1673,27,398.6,362.3636364,2017-04-14,4 - Soir,5 - Vendredi,À emporter,CA,,18
1674,20,326.6,296.90909082,2017-04-14,4 - Soir,5 - Vendredi,Livraison,CA,AlloResto,2
1675,17,271.0,246.36363635,2017-04-14,4 - Soir,5 - Vendredi,Livraison,CA,Deliveroo,1
1676,47,736.4,669.45454539,2017-04-14,4 - Soir,5 - Vendredi,Livraison,CA,Foodora,2
1677,6,76.0,69.0909091,2017-04-14,4 - Soir,5 - Vendredi,Livraison,CA,KM CLICK & COLLECT,1
1678,19,262.89,238.99090905,2017-04-14,4 - Soir,5 - Vendredi,Livraison,CA,KM LIVRAISON,1
1679,25,383.5,348.6363636,2017-04-14,4 - Soir,5 - Vendredi,Livraison,CA,UberEats,2
1680,40,582.3,528.21969702,2017-04-14,4 - Soir,5 - Vendredi,Sur place,CA,,25
1683,14,179.5,163.18181818,2017-04-15,2 - Midi,6 - Samedi,À emporter,CA,,5
1684,77,1077.5,975.11136365,2017-04-15,2 - Midi,6 - Samedi,Sur place,CA,,43
1685,2,28.0,25.45454546,2017-04-15,3 - Après-midi,6 - Samedi,À emporter,CA,,1
1686,2,34.95,31.77272727,2017-04-15,3 - Après-midi,6 - Samedi,Livraison,CA,AlloResto,1
1687,16,250.8,227.99999998,2017-04-15,3 - Après-midi,6 - Samedi,Livraison,CA,Deliveroo,1
1688,27,425.4,386.72727266,2017-04-15,3 - Après-midi,6 - Samedi,Livraison,CA,Foodora,1
1689,2,31.0,28.18181818,2017-04-15,3 - Après-midi,6 - Samedi,Livraison,CA,KM CLICK & COLLECT,1
1690,15,258.4,234.90909085,2017-04-15,3 - Après-midi,6 - Samedi,Livraison,CA,UberEats,3
1691,3,45.9,41.72727273,2017-04-15,3 - Après-midi,6 - Samedi,Sur place,CA,,2
1692,24,349.7,317.90909094,2017-04-15,4 - Soir,6 - Samedi,À emporter,CA,,13
1693,20,344.35,313.04545452,2017-04-15,4 - Soir,6 - Samedi,Livraison,CA,AlloResto,1
1694,11,164.5,149.54545455,2017-04-15,4 - Soir,6 - Samedi,Livraison,CA,Deliveroo,1
1695,35,574.2,521.99999994,2017-04-15,4 - Soir,6 - Samedi,Livraison,CA,Foodora,1
1696,18,226.99,206.35454544,2017-04-15,4 - Soir,6 - Samedi,Livraison,CA,KM LIVRAISON,1
1697,24,385.4,350.36363634,2017-04-15,4 - Soir,6 - Samedi,Livraison,CA,UberEats,2
1698,22,307.5,278.27424244,2017-04-15,4 - Soir,6 - Samedi,Sur place,CA,,14
1700,0,11.6,10.54545456,2017-04-16,3 - Après-midi,7 - Dimanche,Sur place,CA,,1
1701,9,118.4,107.63636365,2017-04-16,4 - Soir,7 - Dimanche,À emporter,CA,,6
1702,13,204.45,185.86363637,2017-04-16,4 - Soir,7 - Dimanche,Livraison,CA,AlloResto,1
1703,30,451.4,410.36363628,2017-04-16,4 - Soir,7 - Dimanche,Livraison,CA,Deliveroo,1
1704,30,489.9,445.36363632,2017-04-16,4 - Soir,7 - Dimanche,Livraison,CA,Foodora,1
1705,5,66.87,60.79090909,2017-04-16,4 - Soir,7 - Dimanche,Livraison,CA,KM CLICK & COLLECT,1
1706,10,145.17,131.97272725,2017-04-16,4 - Soir,7 - Dimanche,Livraison,CA,KM LIVRAISON,1
1707,26,381.9,347.18181817,2017-04-16,4 - Soir,7 - Dimanche,Livraison,CA,UberEats,1
1708,34,483.5,437.73030307,2017-04-16,4 - Soir,7 - Dimanche,Sur place,CA,,23
1711,0,1.5,1.36363636,2017-04-17,1 - Matin,1 - Lundi,Sur place,CA,,1
1712,5,67.0,60.90909091,2017-04-17,2 - Midi,1 - Lundi,À emporter,CA,,3
1713,9,145.9,132.63636363,2017-04-17,2 - Midi,1 - Lundi,Livraison,CA,Deliveroo,1
1714,10,178.5,162.27272725,2017-04-17,2 - Midi,1 - Lundi,Livraison,CA,Foodora,1
1715,3,33.0,30.00000001,2017-04-17,2 - Midi,1 - Lundi,Livraison,CA,KM LIVRAISON,1
1716,18,363.0,330.0,2017-04-17,2 - Midi,1 - Lundi,Livraison,CA,UberEats,1
1717,29,394.0,356.91893943,2017-04-17,2 - Midi,1 - Lundi,Sur place,CA,,21
1718,2,25.0,22.72727272,2017-04-17,3 - Après-midi,1 - Lundi,Sur place,CA,,1
1719,7,88.62,80.56363636,2017-04-17,4 - Soir,1 - Lundi,À emporter,CA,,3
1720,28,411.2,373.8181818,2017-04-17,4 - Soir,1 - Lundi,Livraison,CA,AlloResto,1
1721,36,565.0,513.63636356,2017-04-17,4 - Soir,1 - Lundi,Livraison,CA,Deliveroo,1
1722,23,352.9,320.81818177,2017-04-17,4 - Soir,1 - Lundi,Livraison,CA,Foodora,1
1723,4,48.15,43.77272728,2017-04-17,4 - Soir,1 - Lundi,Livraison,CA,KM CLICK & COLLECT,1
1724,23,317.93,289.02727264,2017-04-17,4 - Soir,1 - Lundi,Livraison,CA,KM LIVRAISON,1
1725,43,660.0,599.99999998,2017-04-17,4 - Soir,1 - Lundi,Livraison,CA,UberEats,1
1726,21,301.0,272.38863637,2017-04-17,4 - Soir,1 - Lundi,Sur place,CA,,12
1729,5,65.0,59.0909091,2017-04-18,2 - Midi,2 - Mardi,À emporter,CA,,5
1730,1,17.0,15.45454545,2017-04-18,2 - Midi,2 - Mardi,Livraison,CA,Deliveroo,1
1731,2,35.0,31.81818181,2017-04-18,2 - Midi,2 - Mardi,Livraison,CA,Foodora,1
1732,4,71.2,64.7272727,2017-04-18,2 - Midi,2 - Mardi,Livraison,CA,UberEats,1
1733,42,585.8,532.08333335,2017-04-18,2 - Midi,2 - Mardi,Sur place,CA,,32
1735,1,16.5,15.0,2017-04-18,3 - Après-midi,2 - Mardi,À emporter,CA,,1
1736,1,15.5,14.09090909,2017-04-18,3 - Après-midi,2 - Mardi,Livraison,CA,Foodora,1
1737,5,62.56,56.87272727,2017-04-18,4 - Soir,2 - Mardi,À emporter,CA,,3
1738,1,17.95,16.31818181,2017-04-18,4 - Soir,2 - Mardi,Livraison,CA,AlloResto,1
1739,8,122.0,110.9090909,2017-04-18,4 - Soir,2 - Mardi,Livraison,CA,Deliveroo,2
1740,27,429.5,390.45454538,2017-04-18,4 - Soir,2 - Mardi,Livraison,CA,Foodora,1
1741,2,28.0,25.45454545,2017-04-18,4 - Soir,2 - Mardi,Livraison,CA,KM CLICK & COLLECT,1
1742,22,320.02,290.92727271,2017-04-18,4 - Soir,2 - Mardi,Livraison,CA,KM LIVRAISON,1
1743,22,333.9,303.54545452,2017-04-18,4 - Soir,2 - Mardi,Livraison,CA,UberEats,1
1744,13,192.0,172.47348482,2017-04-18,4 - Soir,2 - Mardi,Sur place,CA,,8
1746,13,181.0,164.54545454,2017-04-19,2 - Midi,3 - Mercredi,À emporter,CA,,6
1747,1,16.45,14.95454545,2017-04-19,2 - Midi,3 - Mercredi,Livraison,CA,AlloResto,1
1748,3,49.4,44.90909091,2017-04-19,2 - Midi,3 - Mercredi,Livraison,CA,Foodora,1
1749,4,55.0,50.0,2017-04-19,2 - Midi,3 - Mercredi,Livraison,CA,UberEats,1
1750,76,1049.6,949.79242432,2017-04-19,2 - Midi,3 - Mercredi,Sur place,CA,,64
1751,4,53.6,48.19696971,2017-04-19,3 - Après-midi,3 - Mercredi,Sur place,CA,,2
1752,3,48.5,44.09090909,2017-04-19,4 - Soir,3 - Mercredi,À emporter,CA,,4
1753,12,175.65,159.68181815,2017-04-19,4 - Soir,3 - Mercredi,Livraison,CA,AlloResto,1
1754,23,358.4,325.8181818,2017-04-19,4 - Soir,3 - Mercredi,Livraison,CA,Deliveroo,1
1755,16,241.0,219.09090904,2017-04-19,4 - Soir,3 - Mercredi,Livraison,CA,Foodora,1
1756,2,22.5,20.45454546,2017-04-19,4 - Soir,3 - Mercredi,Livraison,CA,KM CLICK & COLLECT,1
1757,28,381.12,346.47272723,2017-04-19,4 - Soir,3 - Mercredi,Livraison,CA,KM LIVRAISON,1
1758,28,445.8,405.27272725,2017-04-19,4 - Soir,3 - Mercredi,Livraison,CA,UberEats,1
1759,29,406.05,366.78181824,2017-04-19,4 - Soir,3 - Mercredi,Sur place,CA,,18
1762,10,128.5,116.81818181,2017-04-20,2 - Midi,4 - Jeudi,À emporter,CA,,10
1763,75,1015.58,922.03030305,2017-04-20,2 - Midi,4 - Jeudi,Sur place,CA,,58
1764,-1,-12.5,-11.36363636,2017-04-20,3 - Après-midi,4 - Jeudi,À emporter,CA,,1
1765,3,49.35,44.86363635,2017-04-20,3 - Après-midi,4 - Jeudi,Livraison,CA,AlloResto,1
1766,3,46.0,41.81818182,2017-04-20,3 - Après-midi,4 - Jeudi,Livraison,CA,Deliveroo,1
1767,44,382.8,347.99999997,2017-04-20,3 - Après-midi,4 - Jeudi,Livraison,CA,UberEats,1
1768,5,75.5,68.02727273,2017-04-20,3 - Après-midi,4 - Jeudi,Sur place,CA,,3
1769,13,166.9,151.72727272,2017-04-20,4 - Soir,4 - Jeudi,À emporter,CA,,8
1771,2,40.9,37.18181817,2017-04-20,4 - Soir,4 - Jeudi,Livraison,CA,AlloResto,1
1772,23,369.0,335.45454539,2017-04-20,4 - Soir,4 - Jeudi,Livraison,CA,Deliveroo,1
1773,18,281.2,255.63636361,2017-04-20,4 - Soir,4 - Jeudi,Livraison,CA,Foodora,1
1774,1,8.81,8.00909091,2017-04-20,4 - Soir,4 - Jeudi,Livraison,CA,KM CLICK & COLLECT,1
1775,32,463.1,420.99999994,2017-04-20,4 - Soir,4 - Jeudi,Livraison,CA,KM LIVRAISON,1
1776,129,1181.8,1074.36363625,2017-04-20,4 - Soir,4 - Jeudi,Livraison,CA,UberEats,1
1777,22,274.09,248.14242425,2017-04-20,4 - Soir,4 - Jeudi,Sur place,CA,,17
1779,9,101.3,92.0909091,2017-04-21,2 - Midi,5 - Vendredi,À emporter,CA,,6
1780,19,268.4,244.0,2017-04-21,2 - Midi,5 - Vendredi,À emporter,CA,,15
1781,3,52.0,47.27272726,2017-04-21,2 - Midi,5 - Vendredi,Livraison,CA,Deliveroo,1
1782,12,172.5,156.81818179,2017-04-21,2 - Midi,5 - Vendredi,Livraison,CA,Foodora,1
1783,10,133.02,120.9272727,2017-04-21,2 - Midi,5 - Vendredi,Livraison,CA,KM LIVRAISON,1
1784,40,381.4,346.72727272,2017-04-21,2 - Midi,5 - Vendredi,Livraison,CA,UberEats,1
1785,11,170.5,154.46666667,2017-04-21,2 - Midi,5 - Vendredi,Sur place,CA,,10
1786,99,1370.7,1241.36287891,2017-04-21,2 - Midi,5 - Vendredi,Sur place,CA,,72
1788,16,190.5,173.18181821,2017-04-21,4 - Soir,5 - Vendredi,À emporter,CA,,8
1790,7,112.3,102.09090907,2017-04-21,4 - Soir,5 - Vendredi,Livraison,CA,AlloResto,1
1791,15,217.9,198.09090907,2017-04-21,4 - Soir,5 - Vendredi,Livraison,CA,Deliveroo,1
1792,29,474.5,431.36363632,2017-04-21,4 - Soir,5 - Vendredi,Livraison,CA,Foodora,1
1793,4,58.0,52.72727271,2017-04-21,4 - Soir,5 - Vendredi,Livraison,CA,Foodora Click&Collect,1
1794,7,97.47,88.60909092,2017-04-21,4 - Soir,5 - Vendredi,Livraison,CA,KM CLICK & COLLECT,1
1795,21,261.94,238.1272727,2017-04-21,4 - Soir,5 - Vendredi,Livraison,CA,KM LIVRAISON,1
1796,168,1498.7,1362.45454536,2017-04-21,4 - Soir,5 - Vendredi,Livraison,CA,UberEats,1
1797,32,465.6,421.70454544,2017-04-21,4 - Soir,5 - Vendredi,Sur place,CA,,27
1799,22,285.9,259.90909093,2017-04-22,2 - Midi,6 - Samedi,À emporter,CA,,12
1800,3,49.7,45.18181818,2017-04-22,2 - Midi,6 - Samedi,Livraison,CA,AlloResto,1
1801,12,179.0,162.7272727,2017-04-22,2 - Midi,6 - Samedi,Livraison,CA,Deliveroo,1
1802,19,306.0,278.18181816,2017-04-22,2 - Midi,6 - Samedi,Livraison,CA,Foodora,1
1803,2,35.8,32.54545453,2017-04-22,2 - Midi,6 - Samedi,Livraison,CA,KM LIVRAISON,1
1804,47,415.5,377.72727269,2017-04-22,2 - Midi,6 - Samedi,Livraison,CA,UberEats,1
1805,68,1005.98,909.97121217,2017-04-22,2 - Midi,6 - Samedi,Sur place,CA,,49
1806,25,218.4,198.54545454,2017-04-22,3 - Après-midi,6 - Samedi,Livraison,CA,UberEats,1
1807,5,77.8,70.19696972,2017-04-22,3 - Après-midi,6 - Samedi,Sur place,CA,,7
1808,10,128.9,117.18181819,2017-04-22,4 - Soir,6 - Samedi,À emporter,CA,,4
1809,22,333.0,302.72727266,2017-04-22,4 - Soir,6 - Samedi,Livraison,CA,AlloResto,1
1810,22,333.5,303.18181816,2017-04-22,4 - Soir,6 - Samedi,Livraison,CA,Deliveroo,1
1811,21,335.3,304.81818181,2017-04-22,4 - Soir,6 - Samedi,Livraison,CA,Foodora,1
1812,2,31.0,28.18181818,2017-04-22,4 - Soir,6 - Samedi,Livraison,CA,Foodora Click&Collect,1
1813,1,19.23,17.48181817,2017-04-22,4 - Soir,6 - Samedi,Livraison,CA,KM CLICK & COLLECT,1
1814,28,405.93,369.02727266,2017-04-22,4 - Soir,6 - Samedi,Livraison,CA,KM LIVRAISON,1
1815,187,1609.2,1462.90909083,2017-04-22,4 - Soir,6 - Samedi,Livraison,CA,UberEats,1
1816,36,507.9,460.48181822,2017-04-22,4 - Soir,6 - Samedi,Sur place,CA,,20
1818,1,15.5,14.09090909,2017-04-23,3 - Après-midi,7 - Dimanche,Sur place,CA,,1
1819,14,186.82,169.83636366,2017-04-23,4 - Soir,7 - Dimanche,À emporter,CA,,10
1821,13,211.75,192.49999996,2017-04-23,4 - Soir,7 - Dimanche,Livraison,CA,AlloResto,1
1822,16,248.5,225.90909089,2017-04-23,4 - Soir,7 - Dimanche,Livraison,CA,Deliveroo,1
1823,54,852.4,774.90909084,2017-04-23,4 - Soir,7 - Dimanche,Livraison,CA,Foodora,1
1824,3,22.16,20.14545454,2017-04-23,4 - Soir,7 - Dimanche,Livraison,CA,KM CLICK & COLLECT,1
1825,27,368.93,335.39090906,2017-04-23,4 - Soir,7 - Dimanche,Livraison,CA,KM LIVRAISON,1
1826,61,956.9,869.90909081,2017-04-23,4 - Soir,7 - Dimanche,Livraison,CA,UberEats,1
1827,15,213.7,193.94545452,2017-04-23,4 - Soir,7 - Dimanche,Sur place,CA,,11
1829,6,71.5,65.00000001,2017-04-24,2 - Midi,1 - Lundi,À emporter,CA,,6
1830,3,35.45,32.22727272,2017-04-24,2 - Midi,1 - Lundi,Livraison,CA,AlloResto,1
1831,3,51.4,46.72727272,2017-04-24,2 - Midi,1 - Lundi,Livraison,CA,Deliveroo,2
1832,12,200.4,182.1818182,2017-04-24,2 - Midi,1 - Lundi,Livraison,CA,Foodora,2
1833,10,157.9,143.54545455,2017-04-24,2 - Midi,1 - Lundi,Livraison,CA,UberEats,2
1834,28,408.9,369.95681817,2017-04-24,2 - Midi,1 - Lundi,Sur place,CA,,25
1835,2,26.0,23.63636363,2017-04-24,3 - Après-midi,1 - Lundi,À emporter,CA,,1
1837,9,115.5,105.00000002,2017-04-24,4 - Soir,1 - Lundi,À emporter,CA,,6
1838,12,195.45,177.68181812,2017-04-24,4 - Soir,1 - Lundi,Livraison,CA,AlloResto,2
1839,15,233.2,212.0,2017-04-24,4 - Soir,1 - Lundi,Livraison,CA,Deliveroo,1
1840,24,379.4,344.90909087,2017-04-24,4 - Soir,1 - Lundi,Livraison,CA,Foodora,2
1841,5,61.0,55.45454543,2017-04-24,4 - Soir,1 - Lundi,Livraison,CA,KM CLICK & COLLECT,1
1842,7,94.91,86.28181817,2017-04-24,4 - Soir,1 - Lundi,Livraison,CA,KM LIVRAISON,1
1843,16,238.0,216.36363638,2017-04-24,4 - Soir,1 - Lundi,Livraison,CA,UberEats,2
1844,26,339.4,307.60303038,2017-04-24,4 - Soir,1 - Lundi,Sur place,CA,,19
1847,9,134.9,122.63636365,2017-04-25,2 - Midi,2 - Mardi,À emporter,CA,,16
1848,2,32.9,29.9090909,2017-04-25,2 - Midi,2 - Mardi,Livraison,CA,AlloResto,1
1849,2,32.5,29.54545454,2017-04-25,2 - Midi,2 - Mardi,Livraison,CA,Deliveroo,1
1850,3,40.0,36.36363638,2017-04-25,2 - Midi,2 - Mardi,Livraison,CA,KM LIVRAISON,1
1851,13,192.4,174.90909088,2017-04-25,2 - Midi,2 - Mardi,Livraison,CA,UberEats,2
1852,1,8.5,7.72727273,2017-04-25,2 - Midi,2 - Mardi,Sur place,CA,,1
1853,52,730.89,664.28787887,2017-04-25,2 - Midi,2 - Mardi,Sur place,CA,,41
1854,13,185.0,168.18181819,2017-04-25,4 - Soir,2 - Mardi,À emporter,CA,,9
1855,2,32.9,29.9090909,2017-04-25,4 - Soir,2 - Mardi,Livraison,CA,AlloResto,1
1856,10,168.5,153.18181817,2017-04-25,4 - Soir,2 - Mardi,Livraison,CA,Deliveroo,1
1857,26,421.9,383.54545449,2017-04-25,4 - Soir,2 - Mardi,Livraison,CA,Foodora,1
1858,2,31.0,28.18181818,2017-04-25,4 - Soir,2 - Mardi,Livraison,CA,Foodora Click&Collect,1
1859,1,15.5,14.09090909,2017-04-25,4 - Soir,2 - Mardi,Livraison,CA,KM CLICK & COLLECT,1
1860,14,194.76,177.05454541,2017-04-25,4 - Soir,2 - Mardi,Livraison,CA,KM LIVRAISON,1
1861,25,400.1,363.72727273,2017-04-25,4 - Soir,2 - Mardi,Livraison,CA,UberEats,2
1862,14,191.6,173.2378788,2017-04-25,4 - Soir,2 - Mardi,Sur place,CA,,11
1865,15,206.9,188.09090909,2017-04-26,2 - Midi,3 - Mercredi,À emporter,CA,,10
1866,67,978.85,888.14469694,2017-04-26,2 - Midi,3 - Mercredi,Sur place,CA,,58
1867,5,81.3,73.90909089,2017-04-26,3 - Après-midi,3 - Mercredi,Livraison,CA,AlloResto,1
1868,3,45.5,41.36363636,2017-04-26,3 - Après-midi,3 - Mercredi,Livraison,CA,Foodora,1
1869,4,63.5,57.72727272,2017-04-26,3 - Après-midi,3 - Mercredi,Livraison,CA,KM CLICK & COLLECT,1
1870,8,130.9,118.99999999,2017-04-26,3 - Après-midi,3 - Mercredi,Livraison,CA,UberEats,1
1871,11,134.7,122.45454545,2017-04-26,4 - Soir,3 - Mercredi,À emporter,CA,,6
1873,11,178.15,161.95454541,2017-04-26,4 - Soir,3 - Mercredi,Livraison,CA,AlloResto,1
1874,20,308.5,280.45454537,2017-04-26,4 - Soir,3 - Mercredi,Livraison,CA,Deliveroo,1
1875,32,540.3,491.18181811,2017-04-26,4 - Soir,3 - Mercredi,Livraison,CA,Foodora,1
1876,2,20.0,18.18181819,2017-04-26,4 - Soir,3 - Mercredi,Livraison,CA,KM CLICK & COLLECT,1
1877,15,255.95,232.68181813,2017-04-26,4 - Soir,3 - Mercredi,Livraison,CA,KM LIVRAISON,1
1878,18,274.0,249.09090907,2017-04-26,4 - Soir,3 - Mercredi,Livraison,CA,UberEats,1
1879,24,360.7,325.16742428,2017-04-26,4 - Soir,3 - Mercredi,Sur place,CA,,23
1881,12,157.6,143.27272728,2017-04-27,2 - Midi,4 - Jeudi,À emporter,CA,,11
1882,8,124.4,113.09090909,2017-04-27,2 - Midi,4 - Jeudi,Livraison,CA,UberEats,1
1883,63,835.6,756.46136363,2017-04-27,2 - Midi,4 - Jeudi,Sur place,CA,,46
1884,3,53.9,48.99999999,2017-04-27,3 - Après-midi,4 - Jeudi,Livraison,CA,AlloResto,1
1885,1,14.5,13.18181818,2017-04-27,3 - Après-midi,4 - Jeudi,Livraison,CA,Deliveroo,1
1886,2,36.0,32.72727272,2017-04-27,3 - Après-midi,4 - Jeudi,Livraison,CA,Foodora,1
1887,5,58.5,53.1818182,2017-04-27,3 - Après-midi,4 - Jeudi,Livraison,CA,KM CLICK & COLLECT,1
1888,0,3.0,2.72727273,2017-04-27,3 - Après-midi,4 - Jeudi,Sur place,CA,,1
1889,8,103.6,94.18181819,2017-04-27,4 - Soir,4 - Jeudi,À emporter,CA,,8
1890,15,224.5,204.09090902,2017-04-27,4 - Soir,4 - Jeudi,Livraison,CA,AlloResto,1
1891,26,393.9,358.09090904,2017-04-27,4 - Soir,4 - Jeudi,Livraison,CA,Deliveroo,1
1892,33,528.3,480.27272721,2017-04-27,4 - Soir,4 - Jeudi,Livraison,CA,Foodora,2
1893,16,272.55,247.77272725,2017-04-27,4 - Soir,4 - Jeudi,Livraison,CA,KM LIVRAISON,2
1894,22,334.8,304.36363634,2017-04-27,4 - Soir,4 - Jeudi,Livraison,CA,UberEats,1
1895,36,462.53,419.86363644,2017-04-27,4 - Soir,4 - Jeudi,Sur place,CA,,23
1898,16,233.4,212.1818182,2017-04-28,2 - Midi,5 - Vendredi,À emporter,CA,,14
1899,4,57.85,52.59090908,2017-04-28,2 - Midi,5 - Vendredi,Livraison,CA,AlloResto,1
1900,5,72.0,65.45454545,2017-04-28,2 - Midi,5 - Vendredi,Livraison,CA,Deliveroo,1
1901,10,164.4,149.45454544,2017-04-28,2 - Midi,5 - Vendredi,Livraison,CA,Foodora,1
1902,7,127.1,115.54545454,2017-04-28,2 - Midi,5 - Vendredi,Livraison,CA,UberEats,1
1903,92,1305.25,1182.82045457,2017-04-28,2 - Midi,5 - Vendredi,Sur place,CA,,68
1904,10,134.5,122.27272731,2017-04-28,4 - Soir,5 - Vendredi,À emporter,CA,,7
1905,15,255.35,232.13636358,2017-04-28,4 - Soir,5 - Vendredi,Livraison,CA,AlloResto,1
1906,17,269.0,244.5454545,2017-04-28,4 - Soir,5 - Vendredi,Livraison,CA,Deliveroo,1
1907,27,386.5,351.36363635,2017-04-28,4 - Soir,5 - Vendredi,Livraison,CA,Foodora,1
1908,2,27.0,24.54545452,2017-04-28,4 - Soir,5 - Vendredi,Livraison,CA,KM CLICK & COLLECT,1
1909,22,304.95,277.2272727,2017-04-28,4 - Soir,5 - Vendredi,Livraison,CA,KM LIVRAISON,1
1910,31,501.3,455.72727269,2017-04-28,4 - Soir,5 - Vendredi,Livraison,CA,UberEats,1
1911,47,609.86,551.04469699,2017-04-28,4 - Soir,5 - Vendredi,Sur place,CA,,33
1913,8,102.0,92.72727272,2017-04-29,2 - Midi,6 - Samedi,À emporter,CA,,4
1914,47,637.31,578.83484851,2017-04-29,2 - Midi,6 - Samedi,Sur place,CA,,33
1915,1,12.5,11.36363637,2017-04-29,3 - Après-midi,6 - Samedi,À emporter,CA,,1
1916,4,65.3,59.36363634,2017-04-29,3 - Après-midi,6 - Samedi,Livraison,CA,AlloResto,1
1917,12,190.9,173.54545451,2017-04-29,3 - Après-midi,6 - Samedi,Livraison,CA,Deliveroo,1
1918,7,117.5,106.8181818,2017-04-29,3 - Après-midi,6 - Samedi,Livraison,CA,Foodora,1
1919,2,23.13,21.02727273,2017-04-29,3 - Après-midi,6 - Samedi,Livraison,CA,KM LIVRAISON,1
1920,11,221.2,201.09090908,2017-04-29,3 - Après-midi,6 - Samedi,Livraison,CA,UberEats,1
1921,5,71.2,64.72727274,2017-04-29,3 - Après-midi,6 - Samedi,Sur place,CA,,6
1922,14,175.2,159.27272726,2017-04-29,4 - Soir,6 - Samedi,À emporter,CA,,8
1924,3,48.9,44.45454545,2017-04-29,4 - Soir,6 - Samedi,Livraison,CA,AlloResto,1
1925,39,599.8,545.27272721,2017-04-29,4 - Soir,6 - Samedi,Livraison,CA,Deliveroo,1
1926,23,365.0,331.81818176,2017-04-29,4 - Soir,6 - Samedi,Livraison,CA,Foodora,3
1927,6,63.55,57.77272728,2017-04-29,4 - Soir,6 - Samedi,Livraison,CA,KM CLICK & COLLECT,1
1928,18,232.59,211.44545453,2017-04-29,4 - Soir,6 - Samedi,Livraison,CA,KM LIVRAISON,1
1929,39,618.3,562.09090904,2017-04-29,4 - Soir,6 - Samedi,Livraison,CA,UberEats,1
1930,27,400.3,362.31439394,2017-04-29,4 - Soir,6 - Samedi,Sur place,CA,,21
1932,2,25.0,22.72727273,2017-04-30,3 - Après-midi,7 - Dimanche,Sur place,CA,,1
1933,13,184.8,168.00000003,2017-04-30,4 - Soir,7 - Dimanche,À emporter,CA,,8
1935,19,349.5,317.72727267,2017-04-30,4 - Soir,7 - Dimanche,Livraison,CA,AlloResto,2
1936,19,284.0,258.18181815,2017-04-30,4 - Soir,7 - Dimanche,Livraison,CA,Deliveroo,1
1937,39,600.5,545.90909085,2017-04-30,4 - Soir,7 - Dimanche,Livraison,CA,Foodora,1
1938,5,63.5,57.72727272,2017-04-30,4 - Soir,7 - Dimanche,Livraison,CA,KM CLICK & COLLECT,1
1939,17,225.29,204.8090909,2017-04-30,4 - Soir,7 - Dimanche,Livraison,CA,KM LIVRAISON,1
1940,18,299.9,272.63636358,2017-04-30,4 - Soir,7 - Dimanche,Livraison,CA,UberEats,1
1941,31,443.5,402.85833332,2017-04-30,4 - Soir,7 - Dimanche,Sur place,CA,,21
1943,0,5.0,4.54545454,2017-05-01,1 - Matin,1 - Lundi,Sur place,CA,,1
1944,7,102.7,93.36363637,2017-05-01,2 - Midi,1 - Lundi,À emporter,CA,,5
1945,18,299.8,272.54545451,2017-05-01,2 - Midi,1 - Lundi,Livraison,CA,Deliveroo,3
1946,20,326.9,297.18181813,2017-05-01,2 - Midi,1 - Lundi,Livraison,CA,Foodora,2
1947,4,57.44,52.21818182,2017-05-01,2 - Midi,1 - Lundi,Livraison,CA,KM LIVRAISON,1
1948,28,431.5,392.27272723,2017-05-01,2 - Midi,1 - Lundi,Livraison,CA,UberEats,2
1949,39,578.5,523.41363634,2017-05-01,2 - Midi,1 - Lundi,Sur place,CA,,29
1950,2,27.0,24.54545455,2017-05-01,3 - Après-midi,1 - Lundi,À emporter,CA,,2
1952,12,154.7,140.63636365,2017-05-01,4 - Soir,1 - Lundi,À emporter,CA,,9
1954,17,306.25,278.40909085,2017-05-01,4 - Soir,1 - Lundi,Livraison,CA,AlloResto,1
1955,21,361.5,328.63636361,2017-05-01,4 - Soir,1 - Lundi,Livraison,CA,Deliveroo,1
1956,34,529.3,481.18181811,2017-05-01,4 - Soir,1 - Lundi,Livraison,CA,Foodora,1
1957,10,104.43,94.93636365,2017-05-01,4 - Soir,1 - Lundi,Livraison,CA,KM CLICK & COLLECT,1
1958,36,476.68,433.34545451,2017-05-01,4 - Soir,1 - Lundi,Livraison,CA,KM LIVRAISON,1
1959,38,605.9,550.81818179,2017-05-01,4 - Soir,1 - Lundi,Livraison,CA,UberEats,1
1960,19,279.0,251.69848487,2017-05-01,4 - Soir,1 - Lundi,Sur place,CA,,18
1962,8,117.9,107.18181819,2017-05-02,2 - Midi,2 - Mardi,À emporter,CA,,6
1963,31,453.4,411.87727275,2017-05-02,2 - Midi,2 - Mardi,Sur place,CA,,25
1964,1,14.5,13.18181818,2017-05-02,3 - Après-midi,2 - Mardi,Livraison,CA,Deliveroo,1
1965,9,143.0,129.99999999,2017-05-02,3 - Après-midi,2 - Mardi,Livraison,CA,Foodora,1
1966,1,12.88,11.70909091,2017-05-02,3 - Après-midi,2 - Mardi,Livraison,CA,KM CLICK & COLLECT,1
1967,6,101.4,92.18181818,2017-05-02,3 - Après-midi,2 - Mardi,Livraison,CA,UberEats,1
1968,8,110.2,100.18181817,2017-05-02,4 - Soir,2 - Mardi,À emporter,CA,,5
1969,10,177.1,160.99999996,2017-05-02,4 - Soir,2 - Mardi,Livraison,CA,AlloResto,1
1970,10,164.9,149.90909089,2017-05-02,4 - Soir,2 - Mardi,Livraison,CA,Deliveroo,1
1971,26,429.0,389.99999996,2017-05-02,4 - Soir,2 - Mardi,Livraison,CA,Foodora,1
1972,1,12.03,10.93636364,2017-05-02,4 - Soir,2 - Mardi,Livraison,CA,KM CLICK & COLLECT,1
1973,14,190.44,173.12727272,2017-05-02,4 - Soir,2 - Mardi,Livraison,CA,KM LIVRAISON,1
1974,15,247.8,225.27272723,2017-05-02,4 - Soir,2 - Mardi,Livraison,CA,UberEats,1
1975,28,392.41,351.58712122,2017-05-02,4 - Soir,2 - Mardi,Sur place,CA,,24
1978,2,31.0,28.18181818,2017-05-03,2 - Midi,3 - Mercredi,À emporter,CA,,2
1979,69,903.64,820.63560614,2017-05-03,2 - Midi,3 - Mercredi,Sur place,CA,,50
1980,4,63.0,57.27272727,2017-05-03,3 - Après-midi,3 - Mercredi,Livraison,CA,Deliveroo,1
1981,2,34.5,31.36363636,2017-05-03,3 - Après-midi,3 - Mercredi,Livraison,CA,Foodora,1
1982,3,33.5,30.45454546,2017-05-03,3 - Après-midi,3 - Mercredi,Livraison,CA,KM CLICK & COLLECT,1
1983,6,87.0,79.09090908,2017-05-03,3 - Après-midi,3 - Mercredi,Livraison,CA,KM LIVRAISON,1
1984,6,94.3,85.72727272,2017-05-03,3 - Après-midi,3 - Mercredi,Livraison,CA,UberEats,1
1985,16,205.6,186.90909092,2017-05-03,4 - Soir,3 - Mercredi,À emporter,CA,,9
1986,10,136.1,123.72727268,2017-05-03,4 - Soir,3 - Mercredi,Livraison,CA,AlloResto,2
1987,18,287.3,261.18181814,2017-05-03,4 - Soir,3 - Mercredi,Livraison,CA,Deliveroo,1
1988,24,371.0,337.27272723,2017-05-03,4 - Soir,3 - Mercredi,Livraison,CA,Foodora,1
1989,3,36.5,33.18181819,2017-05-03,4 - Soir,3 - Mercredi,Livraison,CA,KM CLICK & COLLECT,1
1990,13,208.61,189.64545453,2017-05-03,4 - Soir,3 - Mercredi,Livraison,CA,KM LIVRAISON,1
1991,13,209.2,190.18181818,2017-05-03,4 - Soir,3 - Mercredi,Livraison,CA,UberEats,1
1992,15,217.5,197.72727271,2017-05-03,4 - Soir,3 - Mercredi,Sur place,CA,,9
1995,10,136.2,123.81818181,2017-05-04,2 - Midi,4 - Jeudi,À emporter,CA,,10
1996,66,910.82,824.8484849,2017-05-04,2 - Midi,4 - Jeudi,Sur place,CA,,56
1997,1,15.5,14.09090909,2017-05-04,3 - Après-midi,4 - Jeudi,À emporter,CA,,1
1998,3,42.5,38.63636363,2017-05-04,3 - Après-midi,4 - Jeudi,Livraison,CA,Deliveroo,1
1999,12,179.5,163.18181817,2017-05-04,3 - Après-midi,4 - Jeudi,Livraison,CA,Foodora,1
2000,3,45.5,41.36363636,2017-05-04,3 - Après-midi,4 - Jeudi,Livraison,CA,UberEats,1
2001,2,33.5,30.45454546,2017-05-04,3 - Après-midi,4 - Jeudi,Sur place,CA,,1
2002,16,216.43,196.75454547,2017-05-04,4 - Soir,4 - Jeudi,À emporter,CA,,13
2004,11,185.1,168.27272722,2017-05-04,4 - Soir,4 - Jeudi,Livraison,CA,AlloResto,1
2005,15,228.3,207.54545453,2017-05-04,4 - Soir,4 - Jeudi,Livraison,CA,Deliveroo,1
2006,33,526.5,478.63636358,2017-05-04,4 - Soir,4 - Jeudi,Livraison,CA,Foodora,1
2007,3,55.0,49.99999999,2017-05-04,4 - Soir,4 - Jeudi,Livraison,CA,KM CLICK & COLLECT,1
2008,19,255.27,232.06363632,2017-05-04,4 - Soir,4 - Jeudi,Livraison,CA,KM LIVRAISON,1
2009,18,290.7,264.27272722,2017-05-04,4 - Soir,4 - Jeudi,Livraison,CA,UberEats,1
2010,17,231.4,209.83787878,2017-05-04,4 - Soir,4 - Jeudi,Sur place,CA,,14
2012,20,280.65,255.13636365,2017-05-05,2 - Midi,5 - Vendredi,À emporter,CA,,17
2013,84,1140.67,1034.59848495,2017-05-05,2 - Midi,5 - Vendredi,Sur place,CA,,73
2014,2,33.0,29.68257576,2017-05-05,3 - Après-midi,5 - Vendredi,Sur place,CA,,2
2015,23,278.33,253.02727271,2017-05-05,4 - Soir,5 - Vendredi,À emporter,CA,,12
2017,15,226.5,205.90909086,2017-05-05,4 - Soir,5 - Vendredi,Livraison,CA,AlloResto,1
2018,21,321.8,292.54545451,2017-05-05,4 - Soir,5 - Vendredi,Livraison,CA,Deliveroo,1
2019,50,762.6,693.27272725,2017-05-05,4 - Soir,5 - Vendredi,Livraison,CA,Foodora,1
2020,2,25.54,23.21818182,2017-05-05,4 - Soir,5 - Vendredi,Livraison,CA,KM CLICK & COLLECT,1
2021,37,478.98,435.43636361,2017-05-05,4 - Soir,5 - Vendredi,Livraison,CA,KM LIVRAISON,1
2022,44,706.1,641.9090909,2017-05-05,4 - Soir,5 - Vendredi,Livraison,CA,UberEats,1
2023,37,482.03,435.61515156,2017-05-05,4 - Soir,5 - Vendredi,Sur place,CA,,25
2024,14,188.0,170.90909094,2017-05-06,2 - Midi,6 - Samedi,À emporter,CA,,12
2025,67,874.18,792.40075762,2017-05-06,2 - Midi,6 - Samedi,Sur place,CA,,47
2026,5,64.1,58.27272728,2017-05-06,3 - Après-midi,6 - Samedi,À emporter,CA,,3
2027,2,32.9,29.9090909,2017-05-06,3 - Après-midi,6 - Samedi,Livraison,CA,AlloResto,1
2028,16,246.0,223.63636359,2017-05-06,3 - Après-midi,6 - Samedi,Livraison,CA,Deliveroo,1
2029,24,386.9,351.72727271,2017-05-06,3 - Après-midi,6 - Samedi,Livraison,CA,Foodora,1
2030,10,110.49,100.44545453,2017-05-06,3 - Après-midi,6 - Samedi,Livraison,CA,KM LIVRAISON,1
2031,25,406.1,369.18181818,2017-05-06,3 - Après-midi,6 - Samedi,Livraison,CA,UberEats,1
2032,22,310.5,281.61818184,2017-05-06,3 - Après-midi,6 - Samedi,Sur place,CA,,15
2033,15,197.7,179.72727272,2017-05-06,4 - Soir,6 - Samedi,À emporter,CA,,11
2034,13,220.3,200.27272722,2017-05-06,4 - Soir,6 - Samedi,Livraison,CA,AlloResto,1
2035,32,479.0,435.45454542,2017-05-06,4 - Soir,6 - Samedi,Livraison,CA,Deliveroo,1
2036,35,541.4,492.1818181,2017-05-06,4 - Soir,6 - Samedi,Livraison,CA,Foodora,1
2037,4,59.0,53.63636362,2017-05-06,4 - Soir,6 - Samedi,Livraison,CA,KM CLICK & COLLECT,1
2038,39,553.45,503.13636355,2017-05-06,4 - Soir,6 - Samedi,Livraison,CA,KM LIVRAISON,1
2039,20,322.5,293.18181817,2017-05-06,4 - Soir,6 - Samedi,Livraison,CA,UberEats,1
2040,24,345.95,312.6189394,2017-05-06,4 - Soir,6 - Samedi,Sur place,CA,,13
2042,4,66.7,60.63636364,2017-05-07,3 - Après-midi,7 - Dimanche,À emporter,CA,,3
2043,13,174.0,158.18181816,2017-05-07,4 - Soir,7 - Dimanche,À emporter,CA,,5
2045,6,97.35,88.49999998,2017-05-07,4 - Soir,7 - Dimanche,Livraison,CA,AlloResto,1
2046,27,427.5,388.63636354,2017-05-07,4 - Soir,7 - Dimanche,Livraison,CA,Deliveroo,1
2047,31,499.9,454.4545454,2017-05-07,4 - Soir,7 - Dimanche,Livraison,CA,Foodora,1
2048,4,39.0,35.45454544,2017-05-07,4 - Soir,7 - Dimanche,Livraison,CA,KM CLICK & COLLECT,1
2049,21,320.06,290.96363633,2017-05-07,4 - Soir,7 - Dimanche,Livraison,CA,KM LIVRAISON,1
2050,33,496.4,451.27272728,2017-05-07,4 - Soir,7 - Dimanche,Livraison,CA,UberEats,1
2051,37,524.0,473.64090915,2017-05-07,4 - Soir,7 - Dimanche,Sur place,CA,,27
2053,4,51.9,47.18181818,2017-05-08,2 - Midi,1 - Lundi,À emporter,CA,,3
2054,13,202.0,183.63636361,2017-05-08,2 - Midi,1 - Lundi,Livraison,CA,Deliveroo,3
2055,19,290.0,263.63636359,2017-05-08,2 - Midi,1 - Lundi,Livraison,CA,Foodora,2
2056,3,48.5,44.09090909,2017-05-08,2 - Midi,1 - Lundi,Livraison,CA,KM LIVRAISON,1
2057,9,183.5,166.81818182,2017-05-08,2 - Midi,1 - Lundi,Livraison,CA,UberEats,2
2058,28,408.48,371.04090909,2017-05-08,2 - Midi,1 - Lundi,Sur place,CA,,20
2059,2,29.3,26.63636364,2017-05-08,3 - Après-midi,1 - Lundi,Sur place,CA,,2
2060,17,226.75,206.13636364,2017-05-08,4 - Soir,1 - Lundi,À emporter,CA,,12
2061,30,485.35,441.22727263,2017-05-08,4 - Soir,1 - Lundi,Livraison,CA,AlloResto,1
2062,30,471.9,428.99999994,2017-05-08,4 - Soir,1 - Lundi,Livraison,CA,Deliveroo,1
2063,21,328.8,298.90909088,2017-05-08,4 - Soir,1 - Lundi,Livraison,CA,Foodora,1
2064,2,25.0,22.72727273,2017-05-08,4 - Soir,1 - Lundi,Livraison,CA,KM CLICK & COLLECT,1
2065,22,320.61,291.46363631,2017-05-08,4 - Soir,1 - Lundi,Livraison,CA,KM LIVRAISON,1
2066,29,464.0,421.81818176,2017-05-08,4 - Soir,1 - Lundi,Livraison,CA,UberEats,2
2067,24,349.7,315.95000004,2017-05-08,4 - Soir,1 - Lundi,Sur place,CA,,18
2070,9,125.5,114.09090908,2017-05-09,2 - Midi,2 - Mardi,À emporter,CA,,9
2071,2,32.9,29.9090909,2017-05-09,2 - Midi,2 - Mardi,Livraison,CA,AlloResto,1
2072,1,14.5,13.18181818,2017-05-09,2 - Midi,2 - Mardi,Livraison,CA,Deliveroo,1
2073,3,45.5,41.36363636,2017-05-09,2 - Midi,2 - Mardi,Livraison,CA,Foodora,1
2074,3,50.5,45.9090909,2017-05-09,2 - Midi,2 - Mardi,Livraison,CA,UberEats,1
2076,38,518.2,469.8,2017-05-09,2 - Midi,2 - Mardi,Sur place,CA,,61
2077,1,19.5,17.72727272,2017-05-09,3 - Après-midi,2 - Mardi,Livraison,CA,Deliveroo,1
2078,18,256.26,232.96363635,2017-05-09,4 - Soir,2 - Mardi,À emporter,CA,,6
2079,11,172.4,156.72727268,2017-05-09,4 - Soir,2 - Mardi,Livraison,CA,AlloResto,1
2080,19,292.0,265.4545454,2017-05-09,4 - Soir,2 - Mardi,Livraison,CA,Deliveroo,1
2081,15,250.4,227.63636362,2017-05-09,4 - Soir,2 - Mardi,Livraison,CA,Foodora,1
2082,8,112.51,102.28181818,2017-05-09,4 - Soir,2 - Mardi,Livraison,CA,KM CLICK & COLLECT,2
2083,22,321.65,292.40909086,2017-05-09,4 - Soir,2 - Mardi,Livraison,CA,KM LIVRAISON,1
2084,23,363.4,330.36363634,2017-05-09,4 - Soir,2 - Mardi,Livraison,CA,UberEats,1
2085,17,228.5,206.57878787,2017-05-09,4 - Soir,2 - Mardi,Sur place,CA,,13
2088,4,54.0,49.09090909,2017-05-10,2 - Midi,3 - Mercredi,À emporter,CA,,6
2089,4,86.8,78.9090909,2017-05-10,2 - Midi,3 - Mercredi,Livraison,CA,UberEats,1
2090,69,940.6,853.1060607,2017-05-10,2 - Midi,3 - Mercredi,Sur place,CA,,60
2091,1,16.45,14.95454545,2017-05-10,3 - Après-midi,3 - Mercredi,Livraison,CA,AlloResto,1
2092,3,49.5,44.99999999,2017-05-10,3 - Après-midi,3 - Mercredi,Livraison,CA,Foodora,1
2093,2,27.5,25.0,2017-05-10,3 - Après-midi,3 - Mercredi,Livraison,CA,KM LIVRAISON,1
2094,4,47.43,43.11818182,2017-05-10,4 - Soir,3 - Mercredi,À emporter,CA,,4
2096,10,151.65,137.86363633,2017-05-10,4 - Soir,3 - Mercredi,Livraison,CA,AlloResto,1
2097,11,174.5,158.63636361,2017-05-10,4 - Soir,3 - Mercredi,Livraison,CA,Deliveroo,1
2098,20,332.9,302.63636359,2017-05-10,4 - Soir,3 - Mercredi,Livraison,CA,Foodora,1
2099,24,338.23,307.48181812,2017-05-10,4 - Soir,3 - Mercredi,Livraison,CA,KM LIVRAISON,1
2100,19,282.0,256.36363634,2017-05-10,4 - Soir,3 - Mercredi,Livraison,CA,UberEats,1
2101,12,175.93,158.86969699,2017-05-10,4 - Soir,3 - Mercredi,Sur place,CA,,12
2104,5,61.7,56.09090911,2017-05-11,2 - Midi,4 - Jeudi,À emporter,CA,,5
2105,67,981.7,889.38484857,2017-05-11,2 - Midi,4 - Jeudi,Sur place,CA,,65
2107,5,74.35,67.59090908,2017-05-11,3 - Après-midi,4 - Jeudi,Livraison,CA,AlloResto,1
2108,2,37.5,34.09090909,2017-05-11,3 - Après-midi,4 - Jeudi,Livraison,CA,Foodora,1
2109,3,37.5,34.09090909,2017-05-11,3 - Après-midi,4 - Jeudi,Livraison,CA,KM LIVRAISON,1
2110,7,109.0,99.09090908,2017-05-11,3 - Après-midi,4 - Jeudi,Livraison,CA,UberEats,1
2111,2,36.0,32.4621212,2017-05-11,3 - Après-midi,4 - Jeudi,Sur place,CA,,4
2112,10,126.18,114.7090909,2017-05-11,4 - Soir,4 - Jeudi,À emporter,CA,,7
2113,11,184.0,167.27272724,2017-05-11,4 - Soir,4 - Jeudi,Livraison,CA,AlloResto,1
2114,20,323.9,294.45454544,2017-05-11,4 - Soir,4 - Jeudi,Livraison,CA,Deliveroo,1
2115,100,1585.8,1441.63636348,2017-05-11,4 - Soir,4 - Jeudi,Livraison,CA,Foodora,2
2116,2,17.43,15.84545455,2017-05-11,4 - Soir,4 - Jeudi,Livraison,CA,KM CLICK & COLLECT,1
2117,26,371.35,337.59090903,2017-05-11,4 - Soir,4 - Jeudi,Livraison,CA,KM LIVRAISON,1
2118,27,407.9,370.81818177,2017-05-11,4 - Soir,4 - Jeudi,Livraison,CA,UberEats,1
2119,23,291.3,263.69772733,2017-05-11,4 - Soir,4 - Jeudi,Sur place,CA,,12
2122,13,175.2,159.27272727,2017-05-12,2 - Midi,5 - Vendredi,À emporter,CA,,13
2123,2,39.9,36.27272726,2017-05-12,2 - Midi,5 - Vendredi,Livraison,CA,AlloResto,1
2124,3,54.0,49.09090908,2017-05-12,2 - Midi,5 - Vendredi,Livraison,CA,Deliveroo,1
2125,35,540.0,490.90909088,2017-05-12,2 - Midi,5 - Vendredi,Livraison,CA,Foodora,1
2126,5,67.0,60.9090909,2017-05-12,2 - Midi,5 - Vendredi,Livraison,CA,KM LIVRAISON,1
2127,2,32.9,29.90909091,2017-05-12,2 - Midi,5 - Vendredi,Livraison,CA,UberEats,1
2128,74,1048.82,951.47954554,2017-05-12,2 - Midi,5 - Vendredi,Sur place,CA,,72
2130,3,47.5,42.86439394,2017-05-12,3 - Après-midi,5 - Vendredi,Sur place,CA,,2
2131,38,517.62,470.56363638,2017-05-12,4 - Soir,5 - Vendredi,À emporter,CA,,22
2132,16,253.5,230.45454539,2017-05-12,4 - Soir,5 - Vendredi,Livraison,CA,AlloResto,1
2133,8,112.9,102.63636363,2017-05-12,4 - Soir,5 - Vendredi,Livraison,CA,Deliveroo,1
2134,59,922.9,838.9999999,2017-05-12,4 - Soir,5 - Vendredi,Livraison,CA,Foodora,1
2135,2,31.0,28.18181818,2017-05-12,4 - Soir,5 - Vendredi,Livraison,CA,Foodora Click&Collect,1
2136,2,18.73,17.02727274,2017-05-12,4 - Soir,5 - Vendredi,Livraison,CA,KM CLICK & COLLECT,1
2137,38,495.06,450.05454545,2017-05-12,4 - Soir,5 - Vendredi,Livraison,CA,KM LIVRAISON,1
2138,21,323.3,293.90909088,2017-05-12,4 - Soir,5 - Vendredi,Livraison,CA,UberEats,1
2139,44,600.5,544.97121217,2017-05-12,4 - Soir,5 - Vendredi,Sur place,CA,,29
2142,9,122.5,111.36363638,2017-05-13,2 - Midi,6 - Samedi,À emporter,CA,,7
2143,1,35.95,32.68181817,2017-05-13,2 - Midi,6 - Samedi,Livraison,CA,AlloResto,1
2144,4,62.0,56.36363636,2017-05-13,2 - Midi,6 - Samedi,Livraison,CA,Deliveroo,1
2145,18,277.4,252.18181817,2017-05-13,2 - Midi,6 - Samedi,Livraison,CA,Foodora,1
2146,1,15.5,14.09090909,2017-05-13,2 - Midi,6 - Samedi,Livraison,CA,Foodora Click&Collect,1
2147,16,144.79,131.62727272,2017-05-13,2 - Midi,6 - Samedi,Livraison,CA,KM LIVRAISON,1
2148,11,180.9,164.45454545,2017-05-13,2 - Midi,6 - Samedi,Livraison,CA,UberEats,1
2149,69,977.38,887.12424242,2017-05-13,2 - Midi,6 - Samedi,Sur place,CA,,46
2150,2,17.0,15.45454546,2017-05-13,3 - Après-midi,6 - Samedi,À emporter,CA,,1
2151,14,192.97,174.89696971,2017-05-13,3 - Après-midi,6 - Samedi,Sur place,CA,,16
2152,25,341.0,310.00000006,2017-05-13,4 - Soir,6 - Samedi,À emporter,CA,,17
2153,22,341.4,310.36363629,2017-05-13,4 - Soir,6 - Samedi,Livraison,CA,AlloResto,1
2154,20,313.4,284.90909089,2017-05-13,4 - Soir,6 - Samedi,Livraison,CA,Deliveroo,1
2155,56,879.0,799.090909,2017-05-13,4 - Soir,6 - Samedi,Livraison,CA,Foodora,1
2156,3,32.5,29.54545455,2017-05-13,4 - Soir,6 - Samedi,Livraison,CA,KM CLICK & COLLECT,1
2157,38,448.35,407.59090899,2017-05-13,4 - Soir,6 - Samedi,Livraison,CA,KM LIVRAISON,1
2158,36,555.1,504.63636359,2017-05-13,4 - Soir,6 - Samedi,Livraison,CA,UberEats,1
2159,53,709.15,643.42727275,2017-05-13,4 - Soir,6 - Samedi,Sur place,CA,,45
2161,2,29.5,26.81818182,2017-05-14,3 - Après-midi,7 - Dimanche,À emporter,CA,,2
2162,11,164.7,149.72727273,2017-05-14,3 - Après-midi,7 - Dimanche,Sur place,CA,,9
2163,11,142.5,129.54545457,2017-05-14,4 - Soir,7 - Dimanche,À emporter,CA,,6
2164,29,468.5,425.90909082,2017-05-14,4 - Soir,7 - Dimanche,Livraison,CA,AlloResto,1
2165,19,301.4,273.99999998,2017-05-14,4 - Soir,7 - Dimanche,Livraison,CA,Deliveroo,2
2166,85,1347.8,1225.27272716,2017-05-14,4 - Soir,7 - Dimanche,Livraison,CA,Foodora,1
2167,4,43.5,39.54545454,2017-05-14,4 - Soir,7 - Dimanche,Livraison,CA,KM CLICK & COLLECT,1
2168,22,265.68,241.52727268,2017-05-14,4 - Soir,7 - Dimanche,Livraison,CA,KM LIVRAISON,1
2169,33,502.9,457.18181817,2017-05-14,4 - Soir,7 - Dimanche,Livraison,CA,UberEats,1
2170,17,224.7,203.96818186,2017-05-14,4 - Soir,7 - Dimanche,Sur place,CA,,13
2173,12,150.56,136.8727273,2017-05-15,2 - Midi,1 - Lundi,À emporter,CA,,11
2174,5,62.4,56.72727272,2017-05-15,2 - Midi,1 - Lundi,Livraison,CA,AlloResto,1
2175,5,92.1,83.72727272,2017-05-15,2 - Midi,1 - Lundi,Livraison,CA,Deliveroo,1
2176,9,156.5,142.27272726,2017-05-15,2 - Midi,1 - Lundi,Livraison,CA,Foodora,1
2177,65,947.1,857.15530309,2017-05-15,2 - Midi,1 - Lundi,Sur place,CA,,55
2178,0,3.0,2.72727272,2017-05-15,3 - Après-midi,1 - Lundi,Sur place,CA,,2
2179,11,143.7,130.63636365,2017-05-15,4 - Soir,1 - Lundi,À emporter,CA,,7
2181,8,129.7,117.90909087,2017-05-15,4 - Soir,1 - Lundi,Livraison,CA,AlloResto,1
2182,18,293.7,266.99999998,2017-05-15,4 - Soir,1 - Lundi,Livraison,CA,Deliveroo,1
2183,42,623.4,566.72727265,2017-05-15,4 - Soir,1 - Lundi,Livraison,CA,Foodora,1
2184,2,9.21,8.37272727,2017-05-15,4 - Soir,1 - Lundi,Livraison,CA,KM CLICK & COLLECT,1
2185,17,198.43,180.39090906,2017-05-15,4 - Soir,1 - Lundi,Livraison,CA,KM LIVRAISON,1
2186,7,117.7,106.99999999,2017-05-15,4 - Soir,1 - Lundi,Livraison,CA,UberEats,1
2187,19,271.5,246.21212124,2017-05-15,4 - Soir,1 - Lundi,Sur place,CA,,19
2189,4,59.0,53.63636363,2017-05-16,2 - Midi,2 - Mardi,À emporter,CA,,3
2190,14,189.0,171.81818181,2017-05-16,2 - Midi,2 - Mardi,Livraison,CA,Deliveroo,1
2191,7,107.5,97.72727273,2017-05-16,2 - Midi,2 - Mardi,Livraison,CA,Foodora,1
2192,3,46.0,41.81818181,2017-05-16,2 - Midi,2 - Mardi,Livraison,CA,UberEats,1
2193,36,503.5,456.89242427,2017-05-16,2 - Midi,2 - Mardi,Sur place,CA,,36
2194,4,52.5,47.72727273,2017-05-16,3 - Après-midi,2 - Mardi,À emporter,CA,,3
2195,4,61.0,55.45454545,2017-05-16,3 - Après-midi,2 - Mardi,Livraison,CA,Foodora,1
2196,1,20.4,18.54545456,2017-05-16,3 - Après-midi,2 - Mardi,Livraison,CA,UberEats,1
2197,7,89.0,80.9090909,2017-05-16,4 - Soir,2 - Mardi,À emporter,CA,,8
2198,6,84.8,77.09090906,2017-05-16,4 - Soir,2 - Mardi,Livraison,CA,AlloResto,1
2199,12,199.5,181.36363633,2017-05-16,4 - Soir,2 - Mardi,Livraison,CA,Deliveroo,1
2200,49,766.9,697.1818182,2017-05-16,4 - Soir,2 - Mardi,Livraison,CA,Foodora,1
2201,3,30.45,27.68181817,2017-05-16,4 - Soir,2 - Mardi,Livraison,CA,KM CLICK & COLLECT,1
2202,9,114.89,104.44545452,2017-05-16,4 - Soir,2 - Mardi,Livraison,CA,KM LIVRAISON,1
2203,16,276.8,251.63636362,2017-05-16,4 - Soir,2 - Mardi,Livraison,CA,UberEats,1
2204,28,428.4,385.16969694,2017-05-16,4 - Soir,2 - Mardi,Sur place,CA,,18
2207,2,25.0,22.72727273,2017-05-17,2 - Midi,3 - Mercredi,À emporter,CA,,2
2208,53,667.86,606.34772732,2017-05-17,2 - Midi,3 - Mercredi,Sur place,CA,,49
2209,2,31.0,28.18181818,2017-05-17,3 - Après-midi,3 - Mercredi,À emporter,CA,,1
2210,1,15.5,14.09090909,2017-05-17,3 - Après-midi,3 - Mercredi,Livraison,CA,Deliveroo,1
2211,1,17.4,15.81818182,2017-05-17,3 - Après-midi,3 - Mercredi,Livraison,CA,UberEats,1
2212,2,36.0,32.72727272,2017-05-17,3 - Après-midi,3 - Mercredi,Sur place,CA,,1
2213,5,61.5,55.90909091,2017-05-17,4 - Soir,3 - Mercredi,À emporter,CA,,4
2215,8,128.15,116.49999996,2017-05-17,4 - Soir,3 - Mercredi,Livraison,CA,AlloResto,1
2216,17,258.3,234.8181818,2017-05-17,4 - Soir,3 - Mercredi,Livraison,CA,Deliveroo,1
2217,33,503.0,457.27272722,2017-05-17,4 - Soir,3 - Mercredi,Livraison,CA,Foodora,1
2218,3,23.95,21.77272727,2017-05-17,4 - Soir,3 - Mercredi,Livraison,CA,KM CLICK & COLLECT,1
2219,28,368.21,334.73636356,2017-05-17,4 - Soir,3 - Mercredi,Livraison,CA,KM LIVRAISON,1
2220,11,172.5,156.8181818,2017-05-17,4 - Soir,3 - Mercredi,Livraison,CA,UberEats,1
2221,8,112.86,101.95530305,2017-05-17,4 - Soir,3 - Mercredi,Sur place,CA,,6
2223,18,248.45,225.86363639,2017-05-18,2 - Midi,4 - Jeudi,À emporter,CA,,18
2224,4,64.35,58.49999998,2017-05-18,2 - Midi,4 - Jeudi,Livraison,CA,AlloResto,1
2225,5,75.0,68.18181817,2017-05-18,2 - Midi,4 - Jeudi,Livraison,CA,Deliveroo,1
2226,4,64.0,58.18181817,2017-05-18,2 - Midi,4 - Jeudi,Livraison,CA,Foodora,1
2227,3,36.5,33.18181819,2017-05-18,2 - Midi,4 - Jeudi,Livraison,CA,KM LIVRAISON,1
2228,3,50.0,45.45454545,2017-05-18,2 - Midi,4 - Jeudi,Livraison,CA,UberEats,1
2229,45,644.3,583.87727278,2017-05-18,2 - Midi,4 - Jeudi,Sur place,CA,,40
2230,11,141.28,128.43636365,2017-05-18,4 - Soir,4 - Jeudi,À emporter,CA,,8
2232,13,192.75,175.22727269,2017-05-18,4 - Soir,4 - Jeudi,Livraison,CA,AlloResto,1
2233,10,158.0,143.63636362,2017-05-18,4 - Soir,4 - Jeudi,Livraison,CA,Deliveroo,1
2234,24,402.9,366.27272725,2017-05-18,4 - Soir,4 - Jeudi,Livraison,CA,Foodora,2
2235,9,124.2,112.90909087,2017-05-18,4 - Soir,4 - Jeudi,Livraison,CA,KM LIVRAISON,1
2236,16,237.9,216.27272726,2017-05-18,4 - Soir,4 - Jeudi,Livraison,CA,UberEats,1
2237,27,375.26,338.14166667,2017-05-18,4 - Soir,4 - Jeudi,Sur place,CA,,24
2240,8,113.0,102.72727275,2017-05-19,2 - Midi,5 - Vendredi,À emporter,CA,,9
2241,1,16.45,14.95454545,2017-05-19,2 - Midi,5 - Vendredi,Livraison,CA,AlloResto,1
2242,7,114.5,104.09090908,2017-05-19,2 - Midi,5 - Vendredi,Livraison,CA,Deliveroo,1
2243,13,202.0,183.63636361,2017-05-19,2 - Midi,5 - Vendredi,Livraison,CA,Foodora,1
2244,6,42.06,38.23636364,2017-05-19,2 - Midi,5 - Vendredi,Livraison,CA,KM LIVRAISON,1
2245,8,122.0,110.90909091,2017-05-19,2 - Midi,5 - Vendredi,Livraison,CA,UberEats,1
2246,18,248.5,225.90909093,2017-05-19,2 - Midi,5 - Vendredi,Sur place,CA,,18
2247,93,1247.1,1131.41136371,2017-05-19,2 - Midi,5 - Vendredi,Sur place,CA,,82
2248,31,385.0,350.00000002,2017-05-19,4 - Soir,5 - Vendredi,À emporter,CA,,17
2249,9,149.25,135.68181815,2017-05-19,4 - Soir,5 - Vendredi,Livraison,CA,AlloResto,1
2250,20,291.9,265.36363636,2017-05-19,4 - Soir,5 - Vendredi,Livraison,CA,Deliveroo,1
2251,39,600.4,545.81818181,2017-05-19,4 - Soir,5 - Vendredi,Livraison,CA,Foodora,1
2252,4,30.08,27.34545455,2017-05-19,4 - Soir,5 - Vendredi,Livraison,CA,KM CLICK & COLLECT,1
2253,35,441.83,401.66363629,2017-05-19,4 - Soir,5 - Vendredi,Livraison,CA,KM LIVRAISON,1
2254,17,272.9,248.09090907,2017-05-19,4 - Soir,5 - Vendredi,Livraison,CA,UberEats,1
2255,43,596.5,539.84318187,2017-05-19,4 - Soir,5 - Vendredi,Sur place,CA,,22
2258,6,70.6,64.18181818,2017-05-20,2 - Midi,6 - Samedi,À emporter,CA,,3
2259,7,103.75,94.31818179,2017-05-20,2 - Midi,6 - Samedi,Livraison,CA,AlloResto,1
2260,5,80.9,73.54545456,2017-05-20,2 - Midi,6 - Samedi,Livraison,CA,Deliveroo,1
2261,13,194.5,176.8181818,2017-05-20,2 - Midi,6 - Samedi,Livraison,CA,Foodora,1
2262,9,136.3,123.9090909,2017-05-20,2 - Midi,6 - Samedi,Livraison,CA,UberEats,1
2263,77,1030.05,933.71818184,2017-05-20,2 - Midi,6 - Samedi,Sur place,CA,,46
2264,3,46.5,42.27272727,2017-05-20,3 - Après-midi,6 - Samedi,À emporter,CA,,1
2265,9,150.5,135.87272729,2017-05-20,3 - Après-midi,6 - Samedi,Sur place,CA,,8
2266,15,179.7,163.3636364,2017-05-20,4 - Soir,6 - Samedi,À emporter,CA,,9
2267,14,232.6,211.45454541,2017-05-20,4 - Soir,6 - Samedi,Livraison,CA,AlloResto,1
2268,30,436.0,396.36363631,2017-05-20,4 - Soir,6 - Samedi,Livraison,CA,Deliveroo,1
2269,56,896.7,815.18181807,2017-05-20,4 - Soir,6 - Samedi,Livraison,CA,Foodora,1
2270,1,10.83,9.84545455,2017-05-20,4 - Soir,6 - Samedi,Livraison,CA,KM CLICK & COLLECT,1
2271,5,62.0,56.36363634,2017-05-20,4 - Soir,6 - Samedi,Livraison,CA,KM LIVRAISON,1
2272,28,420.7,382.45454537,2017-05-20,4 - Soir,6 - Samedi,Livraison,CA,UberEats,2
2273,72,1022.6,923.34166677,2017-05-20,4 - Soir,6 - Samedi,Sur place,CA,,47
2275,5,83.4,74.44621213,2017-05-21,3 - Après-midi,7 - Dimanche,Sur place,CA,,3
2276,11,154.7,140.63636363,2017-05-21,4 - Soir,7 - Dimanche,À emporter,CA,,7
2277,18,294.4,267.63636357,2017-05-21,4 - Soir,7 - Dimanche,Livraison,CA,AlloResto,1
2278,22,366.0,332.72727269,2017-05-21,4 - Soir,7 - Dimanche,Livraison,CA,Deliveroo,2
2279,38,612.3,556.63636357,2017-05-21,4 - Soir,7 - Dimanche,Livraison,CA,Foodora,2
2280,3,37.93,34.48181818,2017-05-21,4 - Soir,7 - Dimanche,Livraison,CA,KM CLICK & COLLECT,1
2281,20,242.4,220.36363632,2017-05-21,4 - Soir,7 - Dimanche,Livraison,CA,KM LIVRAISON,1
2282,9,144.5,131.36363634,2017-05-21,4 - Soir,7 - Dimanche,Livraison,CA,UberEats,1
2283,34,466.76,422.11590913,2017-05-21,4 - Soir,7 - Dimanche,Sur place,CA,,25
2286,14,187.95,170.86363636,2017-05-22,2 - Midi,1 - Lundi,À emporter,CA,,13
2287,2,32.9,29.9090909,2017-05-22,2 - Midi,1 - Lundi,Livraison,CA,AlloResto,1
2288,5,82.0,74.54545454,2017-05-22,2 - Midi,1 - Lundi,Livraison,CA,Foodora,1
2289,2,28.5,25.9090909,2017-05-22,2 - Midi,1 - Lundi,Livraison,CA,UberEats,1
2290,56,772.3,700.75303032,2017-05-22,2 - Midi,1 - Lundi,Sur place,CA,,39
2291,2,37.5,34.09090908,2017-05-22,3 - Après-midi,1 - Lundi,Livraison,CA,Foodora,1
2292,1,15.5,14.09090909,2017-05-22,3 - Après-midi,1 - Lundi,Sur place,CA,,1
2293,2,26.7,24.27272727,2017-05-22,4 - Soir,1 - Lundi,À emporter,CA,,2
2294,4,64.35,58.49999998,2017-05-22,4 - Soir,1 - Lundi,Livraison,CA,AlloResto,1
2295,13,199.9,181.72727272,2017-05-22,4 - Soir,1 - Lundi,Livraison,CA,Deliveroo,1
2296,15,220.0,200.0,2017-05-22,4 - Soir,1 - Lundi,Livraison,CA,Foodora,1
2297,2,20.0,18.18181819,2017-05-22,4 - Soir,1 - Lundi,Livraison,CA,KM CLICK & COLLECT,1
2298,16,207.56,188.69090904,2017-05-22,4 - Soir,1 - Lundi,Livraison,CA,KM LIVRAISON,1
2299,19,321.9,292.63636361,2017-05-22,4 - Soir,1 - Lundi,Livraison,CA,UberEats,1
2300,21,292.5,265.5916667,2017-05-22,4 - Soir,1 - Lundi,Sur place,CA,,14
2303,3,38.5,34.99999999,2017-05-23,2 - Midi,2 - Mardi,À emporter,CA,,2
2304,48,677.1,613.87121214,2017-05-23,2 - Midi,2 - Mardi,Sur place,CA,,41
2305,2,32.9,29.9090909,2017-05-23,3 - Après-midi,2 - Mardi,Livraison,CA,AlloResto,1
2306,1,13.5,12.27272728,2017-05-23,3 - Après-midi,2 - Mardi,Livraison,CA,Foodora,1
2307,3,47.4,43.09090909,2017-05-23,3 - Après-midi,2 - Mardi,Livraison,CA,UberEats,1
2308,10,146.8,133.45454546,2017-05-23,4 - Soir,2 - Mardi,À emporter,CA,,8
2309,13,202.15,183.77272722,2017-05-23,4 - Soir,2 - Mardi,Livraison,CA,AlloResto,1
2310,23,377.8,343.4545454,2017-05-23,4 - Soir,2 - Mardi,Livraison,CA,Deliveroo,1
2311,25,419.8,381.6363636,2017-05-23,4 - Soir,2 - Mardi,Livraison,CA,Foodora,1
2312,16,168.72,153.38181814,2017-05-23,4 - Soir,2 - Mardi,Livraison,CA,KM LIVRAISON,1
2313,14,212.5,193.18181817,2017-05-23,4 - Soir,2 - Mardi,Livraison,CA,UberEats,1
2314,28,424.5,382.27045457,2017-05-23,4 - Soir,2 - Mardi,Sur place,CA,,24
2318,7,91.2,82.90909093,2017-05-24,2 - Midi,3 - Mercredi,À emporter,CA,,7
2319,77,1057.25,954.52727284,2017-05-24,2 - Midi,3 - Mercredi,Sur place,CA,,70
2321,1,17.75,16.13636363,2017-05-24,3 - Après-midi,3 - Mercredi,À emporter,CA,,1
2322,6,96.5,87.72727272,2017-05-24,3 - Après-midi,3 - Mercredi,Livraison,CA,Foodora,1
2323,9,128.4,116.72727273,2017-05-24,3 - Après-midi,3 - Mercredi,Livraison,CA,KM LIVRAISON,1
2324,1,10.5,9.54545455,2017-05-24,3 - Après-midi,3 - Mercredi,Sur place,CA,,1
2325,15,168.1,152.81818184,2017-05-24,4 - Soir,3 - Mercredi,À emporter,CA,,8
2326,18,283.4,257.6363636,2017-05-24,4 - Soir,3 - Mercredi,Livraison,CA,AlloResto,1
2327,22,349.4,317.6363636,2017-05-24,4 - Soir,3 - Mercredi,Livraison,CA,Deliveroo,1
2328,31,488.9,444.45454541,2017-05-24,4 - Soir,3 - Mercredi,Livraison,CA,Foodora,1
2329,26,278.1,252.81818179,2017-05-24,4 - Soir,3 - Mercredi,Livraison,CA,KM LIVRAISON,1
2330,31,493.0,448.18181812,2017-05-24,4 - Soir,3 - Mercredi,Livraison,CA,UberEats,2
2331,24,308.8,280.27424243,2017-05-24,4 - Soir,3 - Mercredi,Sur place,CA,,13
2334,2,25.0,22.72727274,2017-05-25,2 - Midi,4 - Jeudi,À emporter,CA,,2
2335,12,205.8,187.09090906,2017-05-25,2 - Midi,4 - Jeudi,Livraison,CA,Deliveroo,1
2336,24,370.4,336.72727268,2017-05-25,2 - Midi,4 - Jeudi,Livraison,CA,Foodora,1
2337,4,53.0,48.18181817,2017-05-25,2 - Midi,4 - Jeudi,Livraison,CA,KM CLICK & COLLECT,1
2338,2,24.5,22.27272728,2017-05-25,2 - Midi,4 - Jeudi,Livraison,CA,KM LIVRAISON,1
2339,8,130.5,118.63636362,2017-05-25,2 - Midi,4 - Jeudi,Livraison,CA,UberEats,1
2340,36,510.5,461.83484852,2017-05-25,2 - Midi,4 - Jeudi,Sur place,CA,,26
2341,0,8.7,7.90909092,2017-05-25,3 - Après-midi,4 - Jeudi,Sur place,CA,,1
2342,13,170.7,155.1818182,2017-05-25,4 - Soir,4 - Jeudi,À emporter,CA,,7
2343,12,185.6,168.72727268,2017-05-25,4 - Soir,4 - Jeudi,Livraison,CA,AlloResto,1
2344,22,338.4,307.63636358,2017-05-25,4 - Soir,4 - Jeudi,Livraison,CA,Deliveroo,1
2345,28,416.5,378.63636358,2017-05-25,4 - Soir,4 - Jeudi,Livraison,CA,Foodora,1
2346,9,115.0,104.54545452,2017-05-25,4 - Soir,4 - Jeudi,Livraison,CA,KM LIVRAISON,1
2347,25,395.4,359.45454541,2017-05-25,4 - Soir,4 - Jeudi,Livraison,CA,UberEats,1
2348,35,462.8,418.99545458,2017-05-25,4 - Soir,4 - Jeudi,Sur place,CA,,23
2351,5,57.5,52.27272728,2017-05-26,2 - Midi,5 - Vendredi,À emporter,CA,,4
2352,1,16.45,14.95454545,2017-05-26,2 - Midi,5 - Vendredi,Livraison,CA,AlloResto,1
2353,4,68.5,62.27272728,2017-05-26,2 - Midi,5 - Vendredi,Livraison,CA,Deliveroo,1
2354,13,203.9,185.36363634,2017-05-26,2 - Midi,5 - Vendredi,Livraison,CA,Foodora,1
2355,3,35.0,31.81818182,2017-05-26,2 - Midi,5 - Vendredi,Livraison,CA,KM CLICK & COLLECT,1
2356,2,25.8,23.45454545,2017-05-26,2 - Midi,5 - Vendredi,Livraison,CA,KM LIVRAISON,1
2357,4,67.4,61.27272727,2017-05-26,2 - Midi,5 - Vendredi,Livraison,CA,UberEats,1
2358,60,801.15,725.8606061,2017-05-26,2 - Midi,5 - Vendredi,Sur place,CA,,49
2359,1,20.5,18.63636363,2017-05-26,3 - Après-midi,5 - Vendredi,Livraison,CA,Deliveroo,1
2360,8,97.2,88.36363638,2017-05-26,4 - Soir,5 - Vendredi,À emporter,CA,,6
2361,11,179.5,163.18181816,2017-05-26,4 - Soir,5 - Vendredi,Livraison,CA,AlloResto,2
2362,13,200.0,181.8181818,2017-05-26,4 - Soir,5 - Vendredi,Livraison,CA,Deliveroo,2
2363,17,257.5,234.09090906,2017-05-26,4 - Soir,5 - Vendredi,Livraison,CA,Foodora,2
2364,2,27.0,24.54545454,2017-05-26,4 - Soir,5 - Vendredi,Livraison,CA,Foodora Click&Collect,1
2365,2,21.75,19.77272727,2017-05-26,4 - Soir,5 - Vendredi,Livraison,CA,KM CLICK & COLLECT,1
2366,9,109.59,99.6272727,2017-05-26,4 - Soir,5 - Vendredi,Livraison,CA,KM LIVRAISON,1
2367,21,309.4,281.27272721,2017-05-26,4 - Soir,5 - Vendredi,Livraison,CA,UberEats,1
2368,41,591.4,532.08712122,2017-05-26,4 - Soir,5 - Vendredi,Sur place,CA,,30
2371,2,31.0,28.18181818,2017-05-27,1 - Matin,6 - Samedi,Sur place,CA,,1
2372,11,170.0,154.54545453,2017-05-27,2 - Midi,6 - Samedi,À emporter,CA,,3
2373,4,54.23,49.29999998,2017-05-27,2 - Midi,6 - Samedi,Livraison,CA,KM LIVRAISON,1
2374,25,347.33,313.52878792,2017-05-27,2 - Midi,6 - Samedi,Sur place,CA,,23
2375,13,205.4,186.7272727,2017-05-27,3 - Après-midi,6 - Samedi,Livraison,CA,Foodora,2
2376,14,211.9,192.63636363,2017-05-27,3 - Après-midi,6 - Samedi,Livraison,CA,UberEats,2
2377,0,5.0,4.28030303,2017-05-27,3 - Après-midi,6 - Samedi,Sur place,CA,,2
2379,10,116.3,105.72727278,2017-05-27,4 - Soir,6 - Samedi,À emporter,CA,,24
2380,13,208.15,189.22727268,2017-05-27,4 - Soir,6 - Samedi,Livraison,CA,AlloResto,1
2381,34,515.4,468.54545451,2017-05-27,4 - Soir,6 - Samedi,Livraison,CA,Deliveroo,2
2382,25,428.1,389.18181815,2017-05-27,4 - Soir,6 - Samedi,Livraison,CA,Foodora,1
2383,5,62.9,57.18181818,2017-05-27,4 - Soir,6 - Samedi,Livraison,CA,KM CLICK & COLLECT,1
2384,24,286.38,260.34545449,2017-05-27,4 - Soir,6 - Samedi,Livraison,CA,KM LIVRAISON,1
2385,13,227.1,206.45454547,2017-05-27,4 - Soir,6 - Samedi,Livraison,CA,UberEats,1
2386,15,232.6,209.14090911,2017-05-27,4 - Soir,6 - Samedi,Sur place,CA,,25
2388,3,40.5,36.81818183,2017-05-28,3 - Après-midi,7 - Dimanche,Sur place,CA,,2
2389,13,158.1,143.72727275,2017-05-28,4 - Soir,7 - Dimanche,À emporter,CA,,8
2390,13,196.65,178.77272723,2017-05-28,4 - Soir,7 - Dimanche,Livraison,CA,AlloResto,1
2391,36,564.5,513.18181814,2017-05-28,4 - Soir,7 - Dimanche,Livraison,CA,Deliveroo,1
2392,56,843.5,766.81818173,2017-05-28,4 - Soir,7 - Dimanche,Livraison,CA,Foodora,1
2393,20,280.57,255.06363627,2017-05-28,4 - Soir,7 - Dimanche,Livraison,CA,KM LIVRAISON,1
2394,46,734.2,667.45454542,2017-05-28,4 - Soir,7 - Dimanche,Livraison,CA,UberEats,1
2395,40,539.9,486.70227276,2017-05-28,4 - Soir,7 - Dimanche,Sur place,CA,,32
2398,2,28.0,25.45454546,2017-05-29,2 - Midi,1 - Lundi,À emporter,CA,,4
2399,1,16.45,14.95454545,2017-05-29,2 - Midi,1 - Lundi,Livraison,CA,AlloResto,1
2400,1,17.9,16.27272727,2017-05-29,2 - Midi,1 - Lundi,Livraison,CA,Deliveroo,1
2401,4,66.0,59.99999999,2017-05-29,2 - Midi,1 - Lundi,Livraison,CA,Foodora,1
2402,3,45.5,41.36363636,2017-05-29,2 - Midi,1 - Lundi,Livraison,CA,UberEats,1
2403,55,754.17,684.15227277,2017-05-29,2 - Midi,1 - Lundi,Sur place,CA,,50
2404,2,35.0,30.8189394,2017-05-29,3 - Après-midi,1 - Lundi,Sur place,CA,,9
2405,7,109.0,99.09090908,2017-05-29,4 - Soir,1 - Lundi,À emporter,CA,,6
2406,8,130.35,118.49999998,2017-05-29,4 - Soir,1 - Lundi,Livraison,CA,AlloResto,1
2407,19,297.4,270.36363634,2017-05-29,4 - Soir,1 - Lundi,Livraison,CA,Deliveroo,1
2408,27,415.8,377.99999999,2017-05-29,4 - Soir,1 - Lundi,Livraison,CA,Foodora,1
2409,23,267.85,243.49999995,2017-05-29,4 - Soir,1 - Lundi,Livraison,CA,KM LIVRAISON,1
2410,23,341.0,309.99999999,2017-05-29,4 - Soir,1 - Lundi,Livraison,CA,UberEats,1
2411,14,207.9,186.2878788,2017-05-29,4 - Soir,1 - Lundi,Sur place,CA,,13
2414,7,98.7,89.72727274,2017-05-30,2 - Midi,2 - Mardi,À emporter,CA,,9
2415,2,25.95,23.59090909,2017-05-30,2 - Midi,2 - Mardi,Livraison,CA,AlloResto,1
2416,1,18.0,16.36363636,2017-05-30,2 - Midi,2 - Mardi,Livraison,CA,Deliveroo,1
2417,2,31.0,28.18181818,2017-05-30,2 - Midi,2 - Mardi,Livraison,CA,Foodora,1
2418,4,62.0,56.36363636,2017-05-30,2 - Midi,2 - Mardi,Livraison,CA,UberEats,2
2419,38,521.6,474.02424245,2017-05-30,2 - Midi,2 - Mardi,Sur place,CA,,34
2420,1,11.5,10.45454545,2017-05-30,3 - Après-midi,2 - Mardi,Livraison,CA,UberEats,1
2421,8,110.2,100.18181819,2017-05-30,4 - Soir,2 - Mardi,À emporter,CA,,6
2422,11,183.15,166.49999995,2017-05-30,4 - Soir,2 - Mardi,Livraison,CA,AlloResto,1
2423,28,432.5,393.18181816,2017-05-30,4 - Soir,2 - Mardi,Livraison,CA,Deliveroo,1
2424,26,396.5,360.45454542,2017-05-30,4 - Soir,2 - Mardi,Livraison,CA,Foodora,1
2425,12,143.86,130.78181818,2017-05-30,4 - Soir,2 - Mardi,Livraison,CA,KM LIVRAISON,1
2426,19,280.5,254.99999998,2017-05-30,4 - Soir,2 - Mardi,Livraison,CA,UberEats,1
2427,7,100.5,91.05909092,2017-05-30,4 - Soir,2 - Mardi,Sur place,CA,,6
2430,2,25.5,23.18181817,2017-05-31,2 - Midi,3 - Mercredi,À emporter,CA,,2
2431,6,74.4,67.63636365,2017-05-31,2 - Midi,3 - Mercredi,À emporter,CA,,4
2432,5,77.5,70.15757575,2017-05-31,2 - Midi,3 - Mercredi,Sur place,CA,,7
2434,26,353.9,321.05151514,2017-05-31,2 - Midi,3 - Mercredi,Sur place,CA,,36
2435,12,147.25,133.86363637,2017-05-31,4 - Soir,3 - Mercredi,À emporter,CA,,10
2436,19,303.85,276.22727268,2017-05-31,4 - Soir,3 - Mercredi,Livraison,CA,AlloResto,2
2437,21,334.3,303.90909087,2017-05-31,4 - Soir,3 - Mercredi,Livraison,CA,Deliveroo,2
2438,35,517.7,470.63636361,2017-05-31,4 - Soir,3 - Mercredi,Livraison,CA,Foodora,2
2439,2,22.4,20.36363636,2017-05-31,4 - Soir,3 - Mercredi,Livraison,CA,KM CLICK & COLLECT,1
2440,31,424.05,385.49999992,2017-05-31,4 - Soir,3 - Mercredi,Livraison,CA,KM LIVRAISON,1
2441,24,349.3,317.54545453,2017-05-31,4 - Soir,3 - Mercredi,Livraison,CA,UberEats,2
2442,24,362.0,325.65,2017-05-31,4 - Soir,3 - Mercredi,Sur place,CA,,16
2445,4,56.0,50.9090909,2017-06-01,2 - Midi,4 - Jeudi,À emporter,CA,,5
2446,53,759.41,688.25075751,2017-06-01,2 - Midi,4 - Jeudi,Sur place,CA,,58
2447,2,28.0,25.45454545,2017-06-01,3 - Après-midi,4 - Jeudi,Sur place,CA,,1
2448,12,184.5,167.7272727,2017-06-01,4 - Soir,4 - Jeudi,À emporter,CA,,9
2449,20,307.7,279.72727267,2017-06-01,4 - Soir,4 - Jeudi,Livraison,CA,AlloResto,2
2450,20,322.5,293.18181811,2017-06-01,4 - Soir,4 - Jeudi,Livraison,CA,Deliveroo,2
2451,33,520.9,473.54545449,2017-06-01,4 - Soir,4 - Jeudi,Livraison,CA,Foodora,1
2452,2,39.6,36.0,2017-06-01,4 - Soir,4 - Jeudi,Livraison,CA,KM CLICK & COLLECT,1
2453,25,353.57,321.42727267,2017-06-01,4 - Soir,4 - Jeudi,Livraison,CA,KM LIVRAISON,1
2454,56,844.0,767.27272716,2017-06-01,4 - Soir,4 - Jeudi,Livraison,CA,UberEats,2
2455,24,314.3,283.83636361,2017-06-01,4 - Soir,4 - Jeudi,Sur place,CA,,24
2459,7,88.5,80.45454544,2017-06-02,2 - Midi,5 - Vendredi,À emporter,CA,,7
2460,4,64.9,59.0,2017-06-02,2 - Midi,5 - Vendredi,Livraison,CA,Deliveroo,2
2461,10,148.0,134.54545451,2017-06-02,2 - Midi,5 - Vendredi,Livraison,CA,Foodora,1
2462,9,109.4,99.45454544,2017-06-02,2 - Midi,5 - Vendredi,Livraison,CA,KM CLICK & COLLECT,1
2463,8,109.92,99.92727271,2017-06-02,2 - Midi,5 - Vendredi,Livraison,CA,KM LIVRAISON,1
2464,6,113.5,103.18181819,2017-06-02,2 - Midi,5 - Vendredi,Livraison,CA,UberEats,2
2465,36,549.0,496.65303029,2017-06-02,2 - Midi,5 - Vendredi,Sur place,CA,,45
2466,0,4.5,4.09090909,2017-06-02,3 - Après-midi,5 - Vendredi,Sur place,CA,,1
2467,18,242.8,220.72727272,2017-06-02,4 - Soir,5 - Vendredi,À emporter,CA,,10
2468,19,293.9,267.18181811,2017-06-02,4 - Soir,5 - Vendredi,Livraison,CA,AlloResto,2
2469,18,285.5,259.54545449,2017-06-02,4 - Soir,5 - Vendredi,Livraison,CA,Deliveroo,3
2470,22,348.3,316.63636362,2017-06-02,4 - Soir,5 - Vendredi,Livraison,CA,Foodora,2
2471,19,247.4,224.90909091,2017-06-02,4 - Soir,5 - Vendredi,Livraison,CA,KM LIVRAISON,1
2472,26,408.6,371.45454545,2017-06-02,4 - Soir,5 - Vendredi,Livraison,CA,UberEats,1
2473,28,386.35,350.93030297,2017-06-02,4 - Soir,5 - Vendredi,Sur place,CA,,21
2476,12,153.9,139.9090909,2017-06-03,2 - Midi,6 - Samedi,À emporter,CA,,7
2477,9,143.5,130.45454544,2017-06-03,2 - Midi,6 - Samedi,Livraison,CA,Deliveroo,1
2478,80,1114.3,1010.7742423,2017-06-03,2 - Midi,6 - Samedi,Sur place,CA,,52
2479,2,28.0,25.45454545,2017-06-03,3 - Après-midi,6 - Samedi,À emporter,CA,,3
2480,8,117.2,106.54545453,2017-06-03,3 - Après-midi,6 - Samedi,Livraison,CA,AlloResto,1
2481,5,73.5,66.81818181,2017-06-03,3 - Après-midi,6 - Samedi,Livraison,CA,Deliveroo,1
2482,11,168.9,153.54545455,2017-06-03,3 - Après-midi,6 - Samedi,Livraison,CA,Foodora,2
2483,2,23.85,21.68181818,2017-06-03,3 - Après-midi,6 - Samedi,Livraison,CA,KM LIVRAISON,1
2484,13,224.9,204.45454546,2017-06-03,3 - Après-midi,6 - Samedi,Livraison,CA,UberEats,2
2485,4,71.0,63.18030304,2017-06-03,3 - Après-midi,6 - Samedi,Sur place,CA,,7
2486,14,175.45,159.49999998,2017-06-03,4 - Soir,6 - Samedi,À emporter,CA,,10
2488,21,331.25,301.13636361,2017-06-03,4 - Soir,6 - Samedi,Livraison,CA,AlloResto,2
2489,73,1152.2,1047.45454536,2017-06-03,4 - Soir,6 - Samedi,Livraison,CA,Deliveroo,2
2490,38,497.03,451.84545448,2017-06-03,4 - Soir,6 - Samedi,Livraison,CA,KM LIVRAISON,1
2491,39,621.0,564.54545453,2017-06-03,4 - Soir,6 - Samedi,Livraison,CA,UberEats,1
2492,23,330.0,298.04999994,2017-06-03,4 - Soir,6 - Samedi,Sur place,CA,,14
2493,4,50.4,45.81818182,2017-06-04,3 - Après-midi,7 - Dimanche,À emporter,CA,,4
2494,4,48.2,43.81818182,2017-06-04,3 - Après-midi,7 - Dimanche,Sur place,CA,,2
2495,27,350.3,318.45454545,2017-06-04,4 - Soir,7 - Dimanche,À emporter,CA,,14
2496,22,354.25,322.04545449,2017-06-04,4 - Soir,7 - Dimanche,Livraison,CA,AlloResto,1
2497,59,865.3,786.63636353,2017-06-04,4 - Soir,7 - Dimanche,Livraison,CA,Deliveroo,2
2498,34,528.9,480.81818177,2017-06-04,4 - Soir,7 - Dimanche,Livraison,CA,Foodora,1
2499,2,34.0,30.90909091,2017-06-04,4 - Soir,7 - Dimanche,Livraison,CA,Foodora Click&Collect,1
2500,6,78.69,71.53636361,2017-06-04,4 - Soir,7 - Dimanche,Livraison,CA,KM CLICK & COLLECT,1
2501,49,620.24,563.85454537,2017-06-04,4 - Soir,7 - Dimanche,Livraison,CA,KM LIVRAISON,1
2502,20,297.9,270.81818178,2017-06-04,4 - Soir,7 - Dimanche,Livraison,CA,UberEats,2
2503,30,393.7,357.30757572,2017-06-04,4 - Soir,7 - Dimanche,Sur place,CA,,23
2506,6,81.0,73.63636362,2017-06-05,2 - Midi,1 - Lundi,À emporter,CA,,5
2507,14,198.0,179.99999996,2017-06-05,2 - Midi,1 - Lundi,Livraison,CA,Deliveroo,1
2508,17,276.0,250.90909087,2017-06-05,2 - Midi,1 - Lundi,Livraison,CA,Foodora,1
2509,2,21.35,19.40909092,2017-06-05,2 - Midi,1 - Lundi,Livraison,CA,KM LIVRAISON,1
2510,10,181.0,164.54545453,2017-06-05,2 - Midi,1 - Lundi,Livraison,CA,UberEats,1
2511,50,658.2,597.83484845,2017-06-05,2 - Midi,1 - Lundi,Sur place,CA,,51
2512,3,37.5,34.09090908,2017-06-05,3 - Après-midi,1 - Lundi,Sur place,CA,,3
2513,8,101.0,91.8181818,2017-06-05,4 - Soir,1 - Lundi,À emporter,CA,,6
2514,24,393.55,357.7727272,2017-06-05,4 - Soir,1 - Lundi,Livraison,CA,AlloResto,1
2515,48,763.9,694.45454536,2017-06-05,4 - Soir,1 - Lundi,Livraison,CA,Deliveroo,1
2516,39,658.5,598.63636356,2017-06-05,4 - Soir,1 - Lundi,Livraison,CA,Foodora,1
2517,7,116.5,105.90909091,2017-06-05,4 - Soir,1 - Lundi,Livraison,CA,KM CLICK & COLLECT,1
2518,24,362.92,329.92727264,2017-06-05,4 - Soir,1 - Lundi,Livraison,CA,KM LIVRAISON,1
2519,38,573.4,521.27272717,2017-06-05,4 - Soir,1 - Lundi,Livraison,CA,UberEats,1
2520,41,574.2,518.24696965,2017-06-05,4 - Soir,1 - Lundi,Sur place,CA,,26
2523,4,57.0,51.81818182,2017-06-06,3 - Après-midi,2 - Mardi,À emporter,CA,,2
2524,9,125.33,113.93636362,2017-06-06,4 - Soir,2 - Mardi,À emporter,CA,,8
2525,8,125.3,113.90909089,2017-06-06,4 - Soir,2 - Mardi,Livraison,CA,AlloResto,1
2526,6,99.5,90.45454544,2017-06-06,4 - Soir,2 - Mardi,Livraison,CA,Deliveroo,1
2527,31,491.2,446.54545453,2017-06-06,4 - Soir,2 - Mardi,Livraison,CA,Foodora,1
2528,1,16.65,15.13636365,2017-06-06,4 - Soir,2 - Mardi,Livraison,CA,KM CLICK & COLLECT,1
2529,34,479.85,436.2272727,2017-06-06,4 - Soir,2 - Mardi,Livraison,CA,KM LIVRAISON,1
2530,3,47.0,42.72727272,2017-06-06,4 - Soir,2 - Mardi,Livraison,CA,UberEats,1
2531,25,295.94,268.1992424,2017-06-06,4 - Soir,2 - Mardi,Sur place,CA,,16
2534,6,91.0,82.72727273,2017-06-07,2 - Midi,3 - Mercredi,À emporter,CA,,6
2535,42,582.9,527.45681808,2017-06-07,2 - Midi,3 - Mercredi,Sur place,CA,,39
2536,2,40.9,37.18181817,2017-06-07,3 - Après-midi,3 - Mercredi,Livraison,CA,AlloResto,1
2537,11,184.0,167.27272724,2017-06-07,3 - Après-midi,3 - Mercredi,Livraison,CA,Deliveroo,1
2538,2,23.0,20.9090909,2017-06-07,3 - Après-midi,3 - Mercredi,Livraison,CA,Foodora,1
2539,2,22.3,20.27272729,2017-06-07,3 - Après-midi,3 - Mercredi,Livraison,CA,KM LIVRAISON,1
2540,2,32.0,29.09090909,2017-06-07,3 - Après-midi,3 - Mercredi,Livraison,CA,UberEats,1
2541,5,68.5,62.27272727,2017-06-07,4 - Soir,3 - Mercredi,À emporter,CA,,10
2543,6,85.85,78.04545451,2017-06-07,4 - Soir,3 - Mercredi,Livraison,CA,AlloResto,2
2544,33,501.5,455.90909083,2017-06-07,4 - Soir,3 - Mercredi,Livraison,CA,Deliveroo,2
2545,35,545.3,495.72727272,2017-06-07,4 - Soir,3 - Mercredi,Livraison,CA,Foodora,1
2546,15,210.67,191.5181818,2017-06-07,4 - Soir,3 - Mercredi,Livraison,CA,KM LIVRAISON,4
2547,12,188.4,171.27272722,2017-06-07,4 - Soir,3 - Mercredi,Livraison,CA,UberEats,2
2548,24,327.8,295.83409091,2017-06-07,4 - Soir,3 - Mercredi,Sur place,CA,,22
2550,9,119.5,108.63636361,2017-06-08,2 - Midi,4 - Jeudi,À emporter,CA,,9
2551,68,895.15,811.94848467,2017-06-08,2 - Midi,4 - Jeudi,Sur place,CA,,53
2553,19,261.5,237.72727269,2017-06-08,4 - Soir,4 - Jeudi,À emporter,CA,,11
2554,12,177.17,161.06363635,2017-06-08,4 - Soir,4 - Jeudi,Livraison,CA,AlloResto,1
2555,17,263.2,239.27272726,2017-06-08,4 - Soir,4 - Jeudi,Livraison,CA,Deliveroo,1
2556,23,360.7,327.90909088,2017-06-08,4 - Soir,4 - Jeudi,Livraison,CA,Foodora,1
2557,4,55.06,50.05454546,2017-06-08,4 - Soir,4 - Jeudi,Livraison,CA,KM CLICK & COLLECT,1
2558,24,331.58,301.43636361,2017-06-08,4 - Soir,4 - Jeudi,Livraison,CA,KM LIVRAISON,1
2559,20,304.3,276.63636359,2017-06-08,4 - Soir,4 - Jeudi,Livraison,CA,UberEats,1
2560,17,234.05,212.01515146,2017-06-08,4 - Soir,4 - Jeudi,Sur place,CA,,17
2563,8,107.5,97.7272727,2017-06-09,2 - Midi,5 - Vendredi,À emporter,CA,,6
2564,6,97.0,88.18181817,2017-06-09,2 - Midi,5 - Vendredi,Livraison,CA,Deliveroo,1
2565,4,58.5,53.18181817,2017-06-09,2 - Midi,5 - Vendredi,Livraison,CA,Foodora,1
2566,2,26.15,23.77272726,2017-06-09,2 - Midi,5 - Vendredi,Livraison,CA,KM LIVRAISON,1
2567,2,39.5,35.90909091,2017-06-09,2 - Midi,5 - Vendredi,Livraison,CA,UberEats,1
2568,65,887.0,804.40075748,2017-06-09,2 - Midi,5 - Vendredi,Sur place,CA,,55
2569,2,31.0,28.18181818,2017-06-09,3 - Après-midi,5 - Vendredi,À emporter,CA,,1
2570,9,118.4,107.63636363,2017-06-09,4 - Soir,5 - Vendredi,À emporter,CA,,6
2572,16,244.9,222.63636356,2017-06-09,4 - Soir,5 - Vendredi,Livraison,CA,AlloResto,1
2573,21,327.8,297.99999999,2017-06-09,4 - Soir,5 - Vendredi,Livraison,CA,Deliveroo,2
2574,46,737.0,669.99999991,2017-06-09,4 - Soir,5 - Vendredi,Livraison,CA,Foodora,1
2575,1,20.0,18.18181818,2017-06-09,4 - Soir,5 - Vendredi,Livraison,CA,KM CLICK & COLLECT,1
2576,22,335.85,305.31818181,2017-06-09,4 - Soir,5 - Vendredi,Livraison,CA,KM LIVRAISON,1
2577,17,268.8,244.36363635,2017-06-09,4 - Soir,5 - Vendredi,Livraison,CA,UberEats,1
2578,22,331.56,301.41818178,2017-06-09,4 - Soir,5 - Vendredi,Sur place,CA,,18
2581,5,71.5,64.99999999,2017-06-10,2 - Midi,6 - Samedi,À emporter,CA,,3
2582,5,74.7,67.9090909,2017-06-10,2 - Midi,6 - Samedi,Livraison,CA,AlloResto,1
2583,7,100.8,91.63636364,2017-06-10,2 - Midi,6 - Samedi,Livraison,CA,Deliveroo,1
2584,5,93.5,84.99999998,2017-06-10,2 - Midi,6 - Samedi,Livraison,CA,Foodora,1
2585,4,43.59,39.62727272,2017-06-10,2 - Midi,6 - Samedi,Livraison,CA,KM CLICK & COLLECT,1
2586,8,122.0,110.90909087,2017-06-10,2 - Midi,6 - Samedi,Livraison,CA,KM LIVRAISON,1
2587,6,95.5,86.81818181,2017-06-10,2 - Midi,6 - Samedi,Livraison,CA,UberEats,1
2588,52,747.8,679.36818172,2017-06-10,2 - Midi,6 - Samedi,Sur place,CA,,46
2589,5,87.5,79.54545454,2017-06-10,3 - Après-midi,6 - Samedi,Livraison,CA,Deliveroo,1
2590,4,62.0,56.36363636,2017-06-10,3 - Après-midi,6 - Samedi,Livraison,CA,Foodora,1
2591,3,40.85,37.13636365,2017-06-10,3 - Après-midi,6 - Samedi,Livraison,CA,KM LIVRAISON,1
2592,7,111.5,101.36363635,2017-06-10,3 - Après-midi,6 - Samedi,Livraison,CA,UberEats,1
2593,3,94.65,83.54545454,2017-06-10,3 - Après-midi,6 - Samedi,Sur place,CA,,12
2594,13,169.0,153.63636361,2017-06-10,4 - Soir,6 - Samedi,À emporter,CA,,10
2595,15,245.4,223.09090905,2017-06-10,4 - Soir,6 - Samedi,Livraison,CA,AlloResto,1
2596,31,471.5,428.63636358,2017-06-10,4 - Soir,6 - Samedi,Livraison,CA,Deliveroo,1
2597,33,526.9,478.99999997,2017-06-10,4 - Soir,6 - Samedi,Livraison,CA,Foodora,1
2598,8,103.5,94.09090911,2017-06-10,4 - Soir,6 - Samedi,Livraison,CA,KM CLICK & COLLECT,1
2599,32,455.76,414.32727266,2017-06-10,4 - Soir,6 - Samedi,Livraison,CA,KM LIVRAISON,1
2600,9,138.0,125.45454544,2017-06-10,4 - Soir,6 - Samedi,Livraison,CA,UberEats,1
2601,17,227.22,206.25984845,2017-06-10,4 - Soir,6 - Samedi,Sur place,CA,,10
2603,0,12.0,10.37878788,2017-06-11,3 - Après-midi,7 - Dimanche,Sur place,CA,,2
2604,19,245.5,223.18181815,2017-06-11,4 - Soir,7 - Dimanche,À emporter,CA,,16
2605,25,382.45,347.68181807,2017-06-11,4 - Soir,7 - Dimanche,Livraison,CA,AlloResto,1
2606,35,536.5,487.72727267,2017-06-11,4 - Soir,7 - Dimanche,Livraison,CA,Deliveroo,1
2607,41,647.9,588.99999994,2017-06-11,4 - Soir,7 - Dimanche,Livraison,CA,Foodora,1
2608,6,65.0,59.09090908,2017-06-11,4 - Soir,7 - Dimanche,Livraison,CA,KM CLICK & COLLECT,1
2609,20,267.83,243.48181819,2017-06-11,4 - Soir,7 - Dimanche,Livraison,CA,KM LIVRAISON,1
2610,34,532.3,483.90909084,2017-06-11,4 - Soir,7 - Dimanche,Livraison,CA,UberEats,1
2611,29,334.57,302.68181817,2017-06-11,4 - Soir,7 - Dimanche,Sur place,CA,,25
2615,4,61.4,55.81818184,2017-06-12,2 - Midi,1 - Lundi,À emporter,CA,,3
2616,2,31.4,28.54545453,2017-06-12,2 - Midi,1 - Lundi,Livraison,CA,AlloResto,1
2617,4,74.5,67.72727273,2017-06-12,2 - Midi,1 - Lundi,Livraison,CA,Deliveroo,1
2618,10,163.5,148.63636362,2017-06-12,2 - Midi,1 - Lundi,Livraison,CA,Foodora,1
2619,2,22.69,20.62727272,2017-06-12,2 - Midi,1 - Lundi,Livraison,CA,KM LIVRAISON,1
2620,1,15.5,14.09090909,2017-06-12,2 - Midi,1 - Lundi,Livraison,CA,UberEats,1
2622,43,600.56,543.4340909,2017-06-12,2 - Midi,1 - Lundi,Sur place,CA,,48
2623,2,25.4,23.09090909,2017-06-12,3 - Après-midi,1 - Lundi,Sur place,CA,,2
2624,8,97.0,88.18181819,2017-06-12,4 - Soir,1 - Lundi,À emporter,CA,,6
2625,9,130.0,118.18181815,2017-06-12,4 - Soir,1 - Lundi,Livraison,CA,AlloResto,1
2626,12,197.0,179.09090907,2017-06-12,4 - Soir,1 - Lundi,Livraison,CA,Deliveroo,1
2627,25,382.3,347.54545451,2017-06-12,4 - Soir,1 - Lundi,Livraison,CA,Foodora,1
2628,16,222.42,202.19999995,2017-06-12,4 - Soir,1 - Lundi,Livraison,CA,KM LIVRAISON,2
2629,8,124.5,113.18181816,2017-06-12,4 - Soir,1 - Lundi,Livraison,CA,UberEats,1
2630,26,391.55,354.81515148,2017-06-12,4 - Soir,1 - Lundi,Sur place,CA,,17
2633,7,96.5,87.72727272,2017-06-13,2 - Midi,2 - Mardi,À emporter,CA,,7
2634,1,22.95,20.86363636,2017-06-13,2 - Midi,2 - Mardi,Livraison,CA,AlloResto,1
2635,4,58.0,52.72727272,2017-06-13,2 - Midi,2 - Mardi,Livraison,CA,Deliveroo,1
2636,3,44.5,40.45454545,2017-06-13,2 - Midi,2 - Mardi,Livraison,CA,Foodora,1
2637,50,678.85,616.75909081,2017-06-13,2 - Midi,2 - Mardi,Sur place,CA,,42
2638,15,205.3,186.63636363,2017-06-13,4 - Soir,2 - Mardi,À emporter,CA,,9
2639,17,258.55,235.04545447,2017-06-13,4 - Soir,2 - Mardi,Livraison,CA,AlloResto,1
2640,18,288.4,262.18181816,2017-06-13,4 - Soir,2 - Mardi,Livraison,CA,Deliveroo,1
2641,4,60.5,54.99999999,2017-06-13,4 - Soir,2 - Mardi,Livraison,CA,Foodora,1
2642,19,277.5,252.27272722,2017-06-13,4 - Soir,2 - Mardi,Livraison,CA,KM LIVRAISON,1
2643,7,136.0,123.63636361,2017-06-13,4 - Soir,2 - Mardi,Livraison,CA,UberEats,1
2644,10,123.2,111.31666665,2017-06-13,4 - Soir,2 - Mardi,Sur place,CA,,8
2648,3,26.0,23.63636363,2017-06-14,2 - Midi,3 - Mercredi,À emporter,CA,,2
2649,65,781.3,709.2840908,2017-06-14,2 - Midi,3 - Mercredi,Sur place,CA,,51
2650,1,20.0,18.18181818,2017-06-14,3 - Après-midi,3 - Mercredi,À emporter,CA,,2
2651,19,292.25,265.68181809,2017-06-14,3 - Après-midi,3 - Mercredi,Livraison,CA,AlloResto,1
2652,36,541.5,492.27272718,2017-06-14,3 - Après-midi,3 - Mercredi,Livraison,CA,Deliveroo,1
2653,40,647.8,588.90909085,2017-06-14,3 - Après-midi,3 - Mercredi,Livraison,CA,Foodora,1
2654,4,38.5,35.0,2017-06-14,3 - Après-midi,3 - Mercredi,Livraison,CA,KM CLICK & COLLECT,1
2655,23,351.4,319.4545454,2017-06-14,3 - Après-midi,3 - Mercredi,Livraison,CA,UberEats,1
2656,4,38.5,34.69621211,2017-06-14,3 - Après-midi,3 - Mercredi,Sur place,CA,,3
2658,38,500.22,454.74545446,2017-06-14,4 - Soir,3 - Mercredi,Livraison,CA,KM LIVRAISON,1
2659,30,392.8,356.06515148,2017-06-14,4 - Soir,3 - Mercredi,Sur place,CA,,17
2661,5,64.5,58.63636362,2017-06-15,2 - Midi,4 - Jeudi,À emporter,CA,,4
2662,53,826.65,750.42727262,2017-06-15,2 - Midi,4 - Jeudi,Sur place,CA,,48
2664,13,209.85,190.77272724,2017-06-15,3 - Après-midi,4 - Jeudi,Livraison,CA,AlloResto,1
2665,26,411.0,373.63636356,2017-06-15,3 - Après-midi,4 - Jeudi,Livraison,CA,Deliveroo,1
2666,41,670.0,609.09090898,2017-06-15,3 - Après-midi,4 - Jeudi,Livraison,CA,Foodora,1
2667,26,362.58,329.61818182,2017-06-15,3 - Après-midi,4 - Jeudi,Livraison,CA,KM LIVRAISON,1
2668,24,371.4,337.63636359,2017-06-15,3 - Après-midi,4 - Jeudi,Livraison,CA,UberEats,1
2669,14,178.0,161.81818178,2017-06-15,4 - Soir,4 - Jeudi,À emporter,CA,,10
2670,29,396.65,358.08939391,2017-06-15,4 - Soir,4 - Jeudi,Sur place,CA,,24
2673,7,99.5,90.45454544,2017-06-16,2 - Midi,5 - Vendredi,À emporter,CA,,4
2674,6,84.65,76.95454544,2017-06-16,2 - Midi,5 - Vendredi,Livraison,CA,AlloResto,1
2675,6,103.0,93.63636361,2017-06-16,2 - Midi,5 - Vendredi,Livraison,CA,Deliveroo,1
2676,3,47.0,42.72727272,2017-06-16,2 - Midi,5 - Vendredi,Livraison,CA,KM CLICK & COLLECT,1
2677,4,55.5,50.45454544,2017-06-16,2 - Midi,5 - Vendredi,Livraison,CA,UberEats,1
2678,78,1003.1,908.27954535,2017-06-16,2 - Midi,5 - Vendredi,Sur place,CA,,65
2679,3,38.5,34.99999999,2017-06-16,3 - Après-midi,5 - Vendredi,Sur place,CA,,1
2680,17,216.5,196.81818179,2017-06-16,4 - Soir,5 - Vendredi,À emporter,CA,,15
2681,17,271.2,246.54545449,2017-06-16,4 - Soir,5 - Vendredi,Livraison,CA,AlloResto,1
2682,44,650.7,591.54545445,2017-06-16,4 - Soir,5 - Vendredi,Livraison,CA,Deliveroo,2
2683,29,430.0,390.90909084,2017-06-16,4 - Soir,5 - Vendredi,Livraison,CA,Foodora,1
2684,24,409.3,372.09090903,2017-06-16,4 - Soir,5 - Vendredi,Livraison,CA,UberEats,1
2685,41,586.65,530.80681811,2017-06-16,4 - Soir,5 - Vendredi,Sur place,CA,,28
2688,0,10.0,8.82575757,2017-06-17,1 - Matin,6 - Samedi,Sur place,CA,,1
2689,5,67.5,61.36363635,2017-06-17,2 - Midi,6 - Samedi,À emporter,CA,,3
2690,35,444.05,403.45378787,2017-06-17,2 - Midi,6 - Samedi,Sur place,CA,,21
2691,3,45.3,41.18181817,2017-06-17,3 - Après-midi,6 - Samedi,Livraison,CA,AlloResto,1
2692,9,138.0,125.45454544,2017-06-17,3 - Après-midi,6 - Samedi,Livraison,CA,Deliveroo,1
2693,7,113.5,103.18181817,2017-06-17,3 - Après-midi,6 - Samedi,Livraison,CA,Foodora,1
2694,5,84.0,76.36363634,2017-06-17,3 - Après-midi,6 - Samedi,Livraison,CA,UberEats,1
2695,6,95.3,86.63636362,2017-06-17,3 - Après-midi,6 - Samedi,Sur place,CA,,8
2696,11,125.4,114.00000001,2017-06-17,4 - Soir,6 - Samedi,À emporter,CA,,5
2698,14,216.55,196.86363632,2017-06-17,4 - Soir,6 - Samedi,Livraison,CA,AlloResto,1
2699,40,639.5,581.36363625,2017-06-17,4 - Soir,6 - Samedi,Livraison,CA,Deliveroo,1
2700,21,308.2,280.18181816,2017-06-17,4 - Soir,6 - Samedi,Livraison,CA,Foodora,1
2701,3,30.07,27.33636365,2017-06-17,4 - Soir,6 - Samedi,Livraison,CA,KM CLICK & COLLECT,1
2702,29,394.8,358.90909085,2017-06-17,4 - Soir,6 - Samedi,Livraison,CA,KM LIVRAISON,1
2703,20,330.5,300.45454541,2017-06-17,4 - Soir,6 - Samedi,Livraison,CA,UberEats,1
2704,20,376.4,334.41590901,2017-06-17,4 - Soir,6 - Samedi,Sur place,CA,,29
2705,4,57.5,52.27272726,2017-06-18,3 - Après-midi,7 - Dimanche,À emporter,CA,,2
2706,2,28.0,25.45454544,2017-06-18,3 - Après-midi,7 - Dimanche,Sur place,CA,,3
2708,23,292.0,265.45454541,2017-06-18,4 - Soir,7 - Dimanche,À emporter,CA,,14
2709,30,452.45,411.3181817,2017-06-18,4 - Soir,7 - Dimanche,Livraison,CA,AlloResto,1
2710,37,571.5,519.54545444,2017-06-18,4 - Soir,7 - Dimanche,Livraison,CA,Deliveroo,1
2711,35,568.9,517.18181811,2017-06-18,4 - Soir,7 - Dimanche,Livraison,CA,Foodora,1
2712,3,37.5,34.0909091,2017-06-18,4 - Soir,7 - Dimanche,Livraison,CA,KM CLICK & COLLECT,1
2713,25,347.41,315.8272727,2017-06-18,4 - Soir,7 - Dimanche,Livraison,CA,KM LIVRAISON,1
2714,17,262.5,238.6363636,2017-06-18,4 - Soir,7 - Dimanche,Livraison,CA,UberEats,1
2715,30,431.5,390.310606,2017-06-18,4 - Soir,7 - Dimanche,Sur place,CA,,29
2718,3,33.5,30.45454545,2017-06-19,2 - Midi,1 - Lundi,À emporter,CA,,3
2719,4,58.0,52.72727271,2017-06-19,2 - Midi,1 - Lundi,Livraison,CA,Deliveroo,1
2720,5,79.0,71.81818181,2017-06-19,2 - Midi,1 - Lundi,Livraison,CA,Foodora,1
2721,2,29.5,26.81818183,2017-06-19,2 - Midi,1 - Lundi,Livraison,CA,KM LIVRAISON,1
2722,8,116.8,106.1818182,2017-06-19,2 - Midi,1 - Lundi,Livraison,CA,UberEats,1
2723,38,596.15,539.60075748,2017-06-19,2 - Midi,1 - Lundi,Sur place,CA,,41
2724,2,34.5,31.36363635,2017-06-19,3 - Après-midi,1 - Lundi,À emporter,CA,,2
2725,7,80.4,73.0909091,2017-06-19,4 - Soir,1 - Lundi,À emporter,CA,,13
2726,9,121.5,110.45454542,2017-06-19,4 - Soir,1 - Lundi,Livraison,CA,AlloResto,1
2727,19,295.9,268.99999997,2017-06-19,4 - Soir,1 - Lundi,Livraison,CA,Deliveroo,1
2728,21,335.5,304.99999998,2017-06-19,4 - Soir,1 - Lundi,Livraison,CA,Foodora,1
2729,20,313.79,285.26363633,2017-06-19,4 - Soir,1 - Lundi,Livraison,CA,KM LIVRAISON,1
2730,22,354.5,322.27272722,2017-06-19,4 - Soir,1 - Lundi,Livraison,CA,UberEats,1
2731,19,291.0,263.71060602,2017-06-19,4 - Soir,1 - Lundi,Sur place,CA,,16
2734,0,4.0,3.63636363,2017-06-20,1 - Matin,2 - Mardi,Sur place,CA,,1
2735,9,115.0,104.54545452,2017-06-20,2 - Midi,2 - Mardi,À emporter,CA,,9
2736,39,534.15,484.54545449,2017-06-20,2 - Midi,2 - Mardi,Sur place,CA,,33
2738,8,128.55,116.86363633,2017-06-20,3 - Après-midi,2 - Mardi,Livraison,CA,AlloResto,1
2739,25,378.4,343.99999992,2017-06-20,3 - Après-midi,2 - Mardi,Livraison,CA,Deliveroo,1
2740,12,186.9,169.90909089,2017-06-20,3 - Après-midi,2 - Mardi,Livraison,CA,Foodora,1
2741,21,336.4,305.81818178,2017-06-20,3 - Après-midi,2 - Mardi,Livraison,CA,UberEats,1
2742,10,140.5,127.72727271,2017-06-20,4 - Soir,2 - Mardi,À emporter,CA,,11
2743,2,23.97,21.79090908,2017-06-20,4 - Soir,2 - Mardi,Livraison,CA,KM CLICK & COLLECT,1
2744,23,332.33,302.11818178,2017-06-20,4 - Soir,2 - Mardi,Livraison,CA,KM LIVRAISON,1
2745,29,421.7,381.0522727,2017-06-20,4 - Soir,2 - Mardi,Sur place,CA,,25
2748,8,84.5,76.8181818,2017-06-21,2 - Midi,3 - Mercredi,À emporter,CA,,7
2749,4,65.5,59.54545453,2017-06-21,2 - Midi,3 - Mercredi,Livraison,CA,Deliveroo,1
2750,4,57.5,52.27272726,2017-06-21,2 - Midi,3 - Mercredi,Livraison,CA,Foodora,1
2751,2,25.5,23.18181817,2017-06-21,2 - Midi,3 - Mercredi,Livraison,CA,KM LIVRAISON,1
2752,3,36.4,33.0909091,2017-06-21,2 - Midi,3 - Mercredi,Livraison,CA,UberEats,1
2753,38,484.6,439.75454549,2017-06-21,2 - Midi,3 - Mercredi,Sur place,CA,,34
2754,0,4.5,4.09090909,2017-06-21,3 - Après-midi,3 - Mercredi,À emporter,CA,,1
2755,7,105.0,93.82803031,2017-06-21,3 - Après-midi,3 - Mercredi,Sur place,CA,,5
2756,13,161.94,147.21818181,2017-06-21,4 - Soir,3 - Mercredi,À emporter,CA,,9
2757,5,85.75,77.95454543,2017-06-21,4 - Soir,3 - Mercredi,Livraison,CA,AlloResto,1
2758,22,367.6,334.18181816,2017-06-21,4 - Soir,3 - Mercredi,Livraison,CA,Deliveroo,1
2759,25,395.8,359.81818178,2017-06-21,4 - Soir,3 - Mercredi,Livraison,CA,Foodora,1
2760,23,325.76,296.14545452,2017-06-21,4 - Soir,3 - Mercredi,Livraison,CA,KM LIVRAISON,1
2761,11,172.0,156.36363635,2017-06-21,4 - Soir,3 - Mercredi,Livraison,CA,UberEats,1
2762,31,411.4,372.4462121,2017-06-21,4 - Soir,3 - Mercredi,Sur place,CA,,25
2765,5,66.5,60.45454546,2017-06-22,2 - Midi,4 - Jeudi,À emporter,CA,,5
2766,9,142.0,129.09090905,2017-06-22,2 - Midi,4 - Jeudi,Livraison,CA,Deliveroo,1
2767,7,90.5,82.27272727,2017-06-22,2 - Midi,4 - Jeudi,Livraison,CA,KM CLICK & COLLECT,1
2768,5,66.5,60.45454542,2017-06-22,2 - Midi,4 - Jeudi,Livraison,CA,KM LIVRAISON,1
2769,2,32.5,29.54545454,2017-06-22,2 - Midi,4 - Jeudi,Livraison,CA,UberEats,1
2770,6,78.4,71.27272727,2017-06-22,2 - Midi,4 - Jeudi,Sur place,CA,,4
2771,34,423.96,384.96212114,2017-06-22,2 - Midi,4 - Jeudi,Sur place,CA,,33
2772,2,32.0,29.09090908,2017-06-22,3 - Après-midi,4 - Jeudi,À emporter,CA,,1
2773,2,26.0,23.63636363,2017-06-22,3 - Après-midi,4 - Jeudi,Sur place,CA,,3
2774,13,175.0,159.09090907,2017-06-22,4 - Soir,4 - Jeudi,À emporter,CA,,10
2776,9,119.7,108.81818179,2017-06-22,4 - Soir,4 - Jeudi,Livraison,CA,AlloResto,1
2777,29,461.4,419.45454536,2017-06-22,4 - Soir,4 - Jeudi,Livraison,CA,Deliveroo,1
2778,19,304.5,276.8181818,2017-06-22,4 - Soir,4 - Jeudi,Livraison,CA,Foodora,1
2779,30,417.05,379.13636361,2017-06-22,4 - Soir,4 - Jeudi,Livraison,CA,KM LIVRAISON,1
2780,18,295.8,268.90909085,2017-06-22,4 - Soir,4 - Jeudi,Livraison,CA,UberEats,1
2781,21,296.5,268.93787874,2017-06-22,4 - Soir,4 - Jeudi,Sur place,CA,,18
2783,3,41.5,37.72727274,2017-06-23,2 - Midi,5 - Vendredi,À emporter,CA,,1
2784,6,85.5,77.72727273,2017-06-23,2 - Midi,5 - Vendredi,À emporter,CA,,6
2785,2,28.0,25.45454545,2017-06-23,2 - Midi,5 - Vendredi,Sur place,CA,,2
2786,47,606.05,548.3795454,2017-06-23,2 - Midi,5 - Vendredi,Sur place,CA,,36
2787,1,11.5,10.45454546,2017-06-23,3 - Après-midi,5 - Vendredi,À emporter,CA,,1
2788,5,68.5,62.27272726,2017-06-23,3 - Après-midi,5 - Vendredi,Sur place,CA,,3
2789,9,131.5,119.54545454,2017-06-23,4 - Soir,5 - Vendredi,À emporter,CA,,6
2790,13,177.35,161.22727268,2017-06-23,4 - Soir,5 - Vendredi,Livraison,CA,AlloResto,1
2791,30,456.3,414.81818179,2017-06-23,4 - Soir,5 - Vendredi,Livraison,CA,Deliveroo,1
2792,17,280.4,254.90909087,2017-06-23,4 - Soir,5 - Vendredi,Livraison,CA,Foodora,1
2793,40,528.39,480.35454534,2017-06-23,4 - Soir,5 - Vendredi,Livraison,CA,KM LIVRAISON,1
2794,29,462.2,420.18181814,2017-06-23,4 - Soir,5 - Vendredi,Livraison,CA,UberEats,1
2795,41,624.41,565.12196964,2017-06-23,4 - Soir,5 - Vendredi,Sur place,CA,,30
2797,4,52.5,47.72727271,2017-06-24,2 - Midi,6 - Samedi,À emporter,CA,,4
2798,55,758.1,688.04924231,2017-06-24,2 - Midi,6 - Samedi,Sur place,CA,,33
2799,10,152.5,137.72348484,2017-06-24,3 - Après-midi,6 - Samedi,Sur place,CA,,5
2800,9,113.28,102.9818182,2017-06-24,4 - Soir,6 - Samedi,À emporter,CA,,7
2801,23,356.6,324.18181813,2017-06-24,4 - Soir,6 - Samedi,Livraison,CA,AlloResto,1
2802,31,475.9,432.63636356,2017-06-24,4 - Soir,6 - Samedi,Livraison,CA,Deliveroo,2
2803,45,676.2,614.72727266,2017-06-24,4 - Soir,6 - Samedi,Livraison,CA,Foodora,2
2804,2,29.0,26.36363636,2017-06-24,4 - Soir,6 - Samedi,Livraison,CA,Foodora Click&Collect,1
2805,3,40.5,36.81818181,2017-06-24,4 - Soir,6 - Samedi,Livraison,CA,KM CLICK & COLLECT,1
2806,23,349.04,317.30909083,2017-06-24,4 - Soir,6 - Samedi,Livraison,CA,KM LIVRAISON,1
2807,26,439.0,399.09090903,2017-06-24,4 - Soir,6 - Samedi,Livraison,CA,UberEats,1
2808,15,257.3,231.33257572,2017-06-24,4 - Soir,6 - Samedi,Sur place,CA,,14
2810,4,72.4,64.60606061,2017-06-25,3 - Après-midi,7 - Dimanche,Sur place,CA,,7
2811,26,357.5,324.99999996,2017-06-25,4 - Soir,7 - Dimanche,À emporter,CA,,13
2813,23,367.7,334.27272718,2017-06-25,4 - Soir,7 - Dimanche,Livraison,CA,AlloResto,1
2814,37,559.3,508.45454538,2017-06-25,4 - Soir,7 - Dimanche,Livraison,CA,Deliveroo,1
2815,44,684.2,621.99999994,2017-06-25,4 - Soir,7 - Dimanche,Livraison,CA,Foodora,1
2816,8,101.44,92.21818179,2017-06-25,4 - Soir,7 - Dimanche,Livraison,CA,KM CLICK & COLLECT,1
2817,42,559.27,508.42727267,2017-06-25,4 - Soir,7 - Dimanche,Livraison,CA,KM LIVRAISON,1
2818,39,626.4,569.45454536,2017-06-25,4 - Soir,7 - Dimanche,Livraison,CA,UberEats,1
2819,47,660.58,593.31893936,2017-06-25,4 - Soir,7 - Dimanche,Sur place,CA,,43
2822,4,46.0,41.81818181,2017-06-26,2 - Midi,1 - Lundi,À emporter,CA,,3
2823,53,742.41,673.25681808,2017-06-26,2 - Midi,1 - Lundi,Sur place,CA,,40
2824,1,11.0,10.0,2017-06-26,3 - Après-midi,1 - Lundi,À emporter,CA,,1
2825,5,74.25,66.74242423,2017-06-26,3 - Après-midi,1 - Lundi,Sur place,CA,,6
2827,8,106.0,96.36363634,2017-06-26,4 - Soir,1 - Lundi,À emporter,CA,,7
2829,25,353.07,320.97272718,2017-06-26,4 - Soir,1 - Lundi,Livraison,CA,AlloResto,1
2830,42,664.4,603.99999992,2017-06-26,4 - Soir,1 - Lundi,Livraison,CA,Deliveroo,1
2831,18,274.4,249.45454543,2017-06-26,4 - Soir,1 - Lundi,Livraison,CA,Foodora,1
2832,2,20.0,18.18181818,2017-06-26,4 - Soir,1 - Lundi,Livraison,CA,KM CLICK & COLLECT,1
2833,24,326.9,297.18181815,2017-06-26,4 - Soir,1 - Lundi,Livraison,CA,KM LIVRAISON,1
2834,34,550.9,500.81818175,2017-06-26,4 - Soir,1 - Lundi,Livraison,CA,UberEats,1
2835,5,70.5,64.09090907,2017-06-26,4 - Soir,1 - Lundi,Sur place,CA,,6
2839,0,1.5,1.36363636,2017-06-27,1 - Matin,2 - Mardi,Sur place,CA,,4
2840,8,87.0,79.09090908,2017-06-27,2 - Midi,2 - Mardi,À emporter,CA,,8
2841,1,18.95,17.22727272,2017-06-27,2 - Midi,2 - Mardi,Livraison,CA,AlloResto,1
2842,6,91.0,82.72727269,2017-06-27,2 - Midi,2 - Mardi,Livraison,CA,Deliveroo,1
2843,3,45.4,41.27272728,2017-06-27,2 - Midi,2 - Mardi,Livraison,CA,Foodora,1
2844,3,46.5,42.27272727,2017-06-27,2 - Midi,2 - Mardi,Livraison,CA,UberEats,1
2845,34,477.34,432.42348478,2017-06-27,2 - Midi,2 - Mardi,Sur place,CA,,31
2846,1,11.5,10.45454546,2017-06-27,3 - Après-midi,2 - Mardi,À emporter,CA,,2
2847,11,151.9,138.09090908,2017-06-27,4 - Soir,2 - Mardi,À emporter,CA,,13
2848,23,342.4,311.2727272,2017-06-27,4 - Soir,2 - Mardi,Livraison,CA,AlloResto,1
2849,22,346.0,314.54545451,2017-06-27,4 - Soir,2 - Mardi,Livraison,CA,Deliveroo,1
2850,3,49.5,45.0,2017-06-27,4 - Soir,2 - Mardi,Livraison,CA,Foodora,1
2851,6,54.0,49.0909091,2017-06-27,4 - Soir,2 - Mardi,Livraison,CA,KM CLICK & COLLECT,1
2852,12,159.11,144.64545451,2017-06-27,4 - Soir,2 - Mardi,Livraison,CA,KM LIVRAISON,1
2853,34,538.4,489.45454535,2017-06-27,4 - Soir,2 - Mardi,Livraison,CA,UberEats,1
2854,35,459.2,417.15075749,2017-06-27,4 - Soir,2 - Mardi,Sur place,CA,,23
2857,9,126.3,114.81818183,2017-06-28,2 - Midi,3 - Mercredi,À emporter,CA,,9
2858,59,784.02,711.68787867,2017-06-28,2 - Midi,3 - Mercredi,Sur place,CA,,42
2859,49,738.5,671.36363626,2017-06-28,4 - Soir,3 - Mercredi,À emporter,CA,,16
2860,14,205.0,186.36363628,2017-06-28,4 - Soir,3 - Mercredi,Livraison,CA,AlloResto,1
2861,3,44.5,40.45454544,2017-06-28,4 - Soir,3 - Mercredi,Livraison,CA,Deliveroo,1
2862,28,457.5,415.90909085,2017-06-28,4 - Soir,3 - Mercredi,Livraison,CA,Foodora,1
2863,5,20.5,18.63636363,2017-06-28,4 - Soir,3 - Mercredi,Livraison,CA,KM CLICK & COLLECT,1
2864,20,320.23,291.11818178,2017-06-28,4 - Soir,3 - Mercredi,Livraison,CA,KM LIVRAISON,1
2865,6,89.0,80.9090909,2017-06-28,4 - Soir,3 - Mercredi,Livraison,CA,UberEats,1
2866,23,368.27,330.65909088,2017-06-28,4 - Soir,3 - Mercredi,Sur place,CA,,24
2869,16,204.7,186.09090909,2017-06-29,2 - Midi,4 - Jeudi,À emporter,CA,,15
2870,3,42.8,38.9090909,2017-06-29,2 - Midi,4 - Jeudi,Livraison,CA,AlloResto,1
2871,3,50.5,45.90909089,2017-06-29,2 - Midi,4 - Jeudi,Livraison,CA,Deliveroo,1
2872,19,318.0,289.09090905,2017-06-29,2 - Midi,4 - Jeudi,Livraison,CA,Foodora,1
2873,3,56.5,51.36363634,2017-06-29,2 - Midi,4 - Jeudi,Livraison,CA,UberEats,1
2874,76,1013.93,920.72878781,2017-06-29,2 - Midi,4 - Jeudi,Sur place,CA,,59
2875,2,32.0,28.78636364,2017-06-29,3 - Après-midi,4 - Jeudi,Sur place,CA,,1
2876,8,102.3,93.00000002,2017-06-29,4 - Soir,4 - Jeudi,À emporter,CA,,5
2877,15,216.0,196.3636363,2017-06-29,4 - Soir,4 - Jeudi,Livraison,CA,AlloResto,1
2878,16,266.0,241.81818177,2017-06-29,4 - Soir,4 - Jeudi,Livraison,CA,Deliveroo,1
2879,23,384.0,349.09090903,2017-06-29,4 - Soir,4 - Jeudi,Livraison,CA,Foodora,1
2880,3,37.5,34.09090908,2017-06-29,4 - Soir,4 - Jeudi,Livraison,CA,KM CLICK & COLLECT,1
2881,23,339.04,308.21818173,2017-06-29,4 - Soir,4 - Jeudi,Livraison,CA,KM LIVRAISON,1
2882,18,281.0,255.45454542,2017-06-29,4 - Soir,4 - Jeudi,Livraison,CA,UberEats,1
2883,39,563.04,508.93106055,2017-06-29,4 - Soir,4 - Jeudi,Sur place,CA,,37
2886,33,443.7,403.3636363,2017-06-30,2 - Midi,5 - Vendredi,À emporter,CA,,30
2887,10,154.9,140.81818181,2017-06-30,2 - Midi,5 - Vendredi,Livraison,CA,Foodora,1
2888,70,895.89,812.34696965,2017-06-30,2 - Midi,5 - Vendredi,Sur place,CA,,66
2889,-1,-16.5,-14.99999999,2017-06-30,3 - Après-midi,5 - Vendredi,À emporter,CA,,1
2890,11,196.5,178.63636361,2017-06-30,3 - Après-midi,5 - Vendredi,Livraison,CA,Deliveroo,1
2891,12,182.5,165.90909088,2017-06-30,3 - Après-midi,5 - Vendredi,Livraison,CA,UberEats,1
2892,7,91.37,82.48484849,2017-06-30,3 - Après-midi,5 - Vendredi,Sur place,CA,,3
2893,55,781.65,710.59090898,2017-06-30,4 - Soir,5 - Vendredi,À emporter,CA,,14
2894,2,40.1,36.45454545,2017-06-30,4 - Soir,5 - Vendredi,Livraison,CA,AlloResto,1
2895,1,20.0,18.18181818,2017-06-30,4 - Soir,5 - Vendredi,Livraison,CA,Deliveroo,1
2896,20,319.5,290.45454543,2017-06-30,4 - Soir,5 - Vendredi,Livraison,CA,Foodora,1
2897,3,39.5,35.9090909,2017-06-30,4 - Soir,5 - Vendredi,Livraison,CA,KM CLICK & COLLECT,1
2898,33,497.03,451.84545447,2017-06-30,4 - Soir,5 - Vendredi,Livraison,CA,KM LIVRAISON,1
2899,19,294.4,267.63636362,2017-06-30,4 - Soir,5 - Vendredi,Livraison,CA,UberEats,1
2900,55,818.6,742.2378787,2017-06-30,4 - Soir,5 - Vendredi,Sur place,CA,,34
2902,9,111.5,101.36363634,2017-07-01,2 - Midi,6 - Samedi,À emporter,CA,,5
2903,73,965.81,875.65378775,2017-07-01,2 - Midi,6 - Samedi,Sur place,CA,,46
2904,2,31.0,28.18181818,2017-07-01,3 - Après-midi,6 - Samedi,À emporter,CA,,2
2905,2,29.5,26.81818181,2017-07-01,3 - Après-midi,6 - Samedi,Sur place,CA,,3
2906,21,242.1,220.09090909,2017-07-01,4 - Soir,6 - Samedi,À emporter,CA,,11
2907,13,221.9,201.72727266,2017-07-01,4 - Soir,6 - Samedi,Livraison,CA,AlloResto,1
2908,29,476.0,432.72727262,2017-07-01,4 - Soir,6 - Samedi,Livraison,CA,Deliveroo,1
2909,39,622.4,565.81818176,2017-07-01,4 - Soir,6 - Samedi,Livraison,CA,Foodora,1
2910,6,65.0,59.09090908,2017-07-01,4 - Soir,6 - Samedi,Livraison,CA,KM CLICK & COLLECT,1
2911,37,536.22,487.4727272,2017-07-01,4 - Soir,6 - Samedi,Livraison,CA,KM LIVRAISON,1
2912,30,475.0,431.81818175,2017-07-01,4 - Soir,6 - Samedi,Livraison,CA,UberEats,1
2913,38,531.65,481.84393935,2017-07-01,4 - Soir,6 - Samedi,Sur place,CA,,27
2915,4,56.4,51.27272725,2017-07-02,3 - Après-midi,7 - Dimanche,Sur place,CA,,2
2916,13,165.9,150.8181818,2017-07-02,4 - Soir,7 - Dimanche,À emporter,CA,,8
2917,24,386.26,351.14545446,2017-07-02,4 - Soir,7 - Dimanche,Livraison,CA,AlloResto,1
2918,58,894.5,813.18181797,2017-07-02,4 - Soir,7 - Dimanche,Livraison,CA,Deliveroo,1
2919,46,726.4,660.36363627,2017-07-02,4 - Soir,7 - Dimanche,Livraison,CA,Foodora,1
2920,4,54.5,49.54545453,2017-07-02,4 - Soir,7 - Dimanche,Livraison,CA,KM CLICK & COLLECT,1
2921,20,287.55,261.40909081,2017-07-02,4 - Soir,7 - Dimanche,Livraison,CA,KM LIVRAISON,1
2922,24,397.0,360.90909086,2017-07-02,4 - Soir,7 - Dimanche,Livraison,CA,UberEats,1
2923,21,329.5,297.76515145,2017-07-02,4 - Soir,7 - Dimanche,Sur place,CA,,21
2926,6,79.5,72.27272726,2017-07-03,2 - Midi,1 - Lundi,À emporter,CA,,5
2927,73,968.95,879.54090902,2017-07-03,2 - Midi,1 - Lundi,Sur place,CA,,53
2928,1,12.5,11.36363636,2017-07-03,3 - Après-midi,1 - Lundi,À emporter,CA,,2
2930,0,6.5,5.64393939,2017-07-03,3 - Après-midi,1 - Lundi,Sur place,CA,,3
2932,15,183.17,166.51818184,2017-07-03,4 - Soir,1 - Lundi,À emporter,CA,,6
2933,19,267.0,242.72727263,2017-07-03,4 - Soir,1 - Lundi,Livraison,CA,AlloResto,1
2934,23,380.0,345.45454538,2017-07-03,4 - Soir,1 - Lundi,Livraison,CA,Deliveroo,1
2935,26,418.0,379.99999994,2017-07-03,4 - Soir,1 - Lundi,Livraison,CA,Foodora,1
2936,3,23.5,21.36363636,2017-07-03,4 - Soir,1 - Lundi,Livraison,CA,KM CLICK & COLLECT,1
2937,25,394.83,358.93636361,2017-07-03,4 - Soir,1 - Lundi,Livraison,CA,KM LIVRAISON,1
2938,26,413.0,375.45454541,2017-07-03,4 - Soir,1 - Lundi,Livraison,CA,UberEats,1
2939,18,254.0,230.08181816,2017-07-03,4 - Soir,1 - Lundi,Sur place,CA,,17
2943,3,39.5,35.9090909,2017-07-04,2 - Midi,2 - Mardi,À emporter,CA,,3
2944,85,1162.0,1053.03636362,2017-07-04,2 - Midi,2 - Mardi,Sur place,CA,,73
2946,2,23.9,21.72727273,2017-07-04,3 - Après-midi,2 - Mardi,Sur place,CA,,2
2947,10,141.0,128.18181816,2017-07-04,4 - Soir,2 - Mardi,À emporter,CA,,6
2948,6,97.15,88.31818179,2017-07-04,4 - Soir,2 - Mardi,Livraison,CA,AlloResto,1
2949,22,346.0,314.5454545,2017-07-04,4 - Soir,2 - Mardi,Livraison,CA,Deliveroo,1
2950,25,399.3,362.99999997,2017-07-04,4 - Soir,2 - Mardi,Livraison,CA,Foodora,1
2951,1,21.5,19.54545454,2017-07-04,4 - Soir,2 - Mardi,Livraison,CA,Foodora Click&Collect,1
2952,1,7.4,6.72727273,2017-07-04,4 - Soir,2 - Mardi,Livraison,CA,KM CLICK & COLLECT,1
2953,17,241.9,219.90909085,2017-07-04,4 - Soir,2 - Mardi,Livraison,CA,KM LIVRAISON,1
2954,15,249.0,226.36363635,2017-07-04,4 - Soir,2 - Mardi,Livraison,CA,UberEats,1
2955,32,484.5,436.25075756,2017-07-04,4 - Soir,2 - Mardi,Sur place,CA,,22
2958,12,158.4,143.99999998,2017-07-05,2 - Midi,3 - Mercredi,À emporter,CA,,9
2959,63,800.34,725.88106053,2017-07-05,2 - Midi,3 - Mercredi,Sur place,CA,,52
2961,1,12.5,11.36363636,2017-07-05,3 - Après-midi,3 - Mercredi,À emporter,CA,,1
2962,16,243.35,221.22727264,2017-07-05,3 - Après-midi,3 - Mercredi,Livraison,CA,AlloResto,1
2963,26,424.9,386.27272724,2017-07-05,3 - Après-midi,3 - Mercredi,Livraison,CA,Deliveroo,1
2964,15,219.9,199.90909088,2017-07-05,3 - Après-midi,3 - Mercredi,Livraison,CA,Foodora,1
2965,3,45.71,41.55454545,2017-07-05,3 - Après-midi,3 - Mercredi,Livraison,CA,KM CLICK & COLLECT,1
2966,4,63.5,57.72727272,2017-07-05,3 - Après-midi,3 - Mercredi,Livraison,CA,UberEats,1
2967,0,9.6,8.72727271,2017-07-05,3 - Après-midi,3 - Mercredi,Sur place,CA,,2
2968,4,50.0,45.45454544,2017-07-05,4 - Soir,3 - Mercredi,À emporter,CA,,3
2969,22,295.05,268.2272727,2017-07-05,4 - Soir,3 - Mercredi,Livraison,CA,KM LIVRAISON,1
2970,27,440.4,400.36363632,2017-07-05,4 - Soir,3 - Mercredi,Livraison,CA,UberEats,2
2971,69,1005.6,907.42348482,2017-07-05,4 - Soir,3 - Mercredi,Sur place,CA,,47
2974,16,210.5,191.36363634,2017-07-06,2 - Midi,4 - Jeudi,À emporter,CA,,12
2975,71,925.19,838.04621205,2017-07-06,2 - Midi,4 - Jeudi,Sur place,CA,,57
2976,20,283.1,257.36363625,2017-07-06,3 - Après-midi,4 - Jeudi,Livraison,CA,AlloResto,1
2977,34,537.4,488.54545446,2017-07-06,3 - Après-midi,4 - Jeudi,Livraison,CA,Deliveroo,1
2978,14,229.5,208.63636361,2017-07-06,3 - Après-midi,4 - Jeudi,Livraison,CA,Foodora,1
2979,0,3.5,2.91666667,2017-07-06,3 - Après-midi,4 - Jeudi,Sur place,CA,,1
2981,16,204.42,185.8363636,2017-07-06,4 - Soir,4 - Jeudi,À emporter,CA,,10
2982,2,22.0,20.00000001,2017-07-06,4 - Soir,4 - Jeudi,Livraison,CA,KM CLICK & COLLECT,1
2983,12,170.68,155.16363632,2017-07-06,4 - Soir,4 - Jeudi,Livraison,CA,KM LIVRAISON,1
2984,20,312.4,283.99999998,2017-07-06,4 - Soir,4 - Jeudi,Livraison,CA,UberEats,2
2985,25,338.5,305.16212117,2017-07-06,4 - Soir,4 - Jeudi,Sur place,CA,,22
2988,7,80.4,73.0909091,2017-07-07,2 - Midi,5 - Vendredi,À emporter,CA,,4
2989,8,100.5,91.36363636,2017-07-07,2 - Midi,5 - Vendredi,À emporter,CA,,7
2990,1,16.45,14.95454545,2017-07-07,2 - Midi,5 - Vendredi,Livraison,CA,AlloResto,1
2991,4,68.5,62.27272727,2017-07-07,2 - Midi,5 - Vendredi,Livraison,CA,Foodora,1
2992,2,37.5,34.09090908,2017-07-07,2 - Midi,5 - Vendredi,Livraison,CA,KM LIVRAISON,1
2993,4,61.5,55.9090909,2017-07-07,2 - Midi,5 - Vendredi,Livraison,CA,UberEats,1
2994,15,226.5,204.69090908,2017-07-07,2 - Midi,5 - Vendredi,Sur place,CA,,16
2995,46,606.5,549.96893935,2017-07-07,2 - Midi,5 - Vendredi,Sur place,CA,,36
2996,1,15.5,14.09090909,2017-07-07,3 - Après-midi,5 - Vendredi,À emporter,CA,,2
2997,4,65.0,59.09090908,2017-07-07,3 - Après-midi,5 - Vendredi,Livraison,CA,Deliveroo,1
2998,1,19.5,17.1969697,2017-07-07,3 - Après-midi,5 - Vendredi,Sur place,CA,,2
2999,9,111.5,101.36363634,2017-07-07,4 - Soir,5 - Vendredi,À emporter,CA,,7
3000,10,159.55,145.0454545,2017-07-07,4 - Soir,5 - Vendredi,Livraison,CA,AlloResto,1
3001,20,331.4,301.27272722,2017-07-07,4 - Soir,5 - Vendredi,Livraison,CA,Deliveroo,1
3002,27,421.7,383.36363632,2017-07-07,4 - Soir,5 - Vendredi,Livraison,CA,Foodora,1
3003,3,37.5,34.09090908,2017-07-07,4 - Soir,5 - Vendredi,Livraison,CA,KM CLICK & COLLECT,1
3004,32,422.94,384.49090907,2017-07-07,4 - Soir,5 - Vendredi,Livraison,CA,KM LIVRAISON,1
3005,24,352.8,320.72727268,2017-07-07,4 - Soir,5 - Vendredi,Livraison,CA,UberEats,1
3006,24,379.9,342.34015149,2017-07-07,4 - Soir,5 - Vendredi,Sur place,CA,,16
3009,3,43.5,39.54545454,2017-07-08,2 - Midi,6 - Samedi,À emporter,CA,,3
3010,51,686.2,623.55303025,2017-07-08,2 - Midi,6 - Samedi,Sur place,CA,,36
3011,1,17.0,15.45454545,2017-07-08,3 - Après-midi,6 - Samedi,À emporter,CA,,1
3012,10,196.5,176.28484845,2017-07-08,3 - Après-midi,6 - Samedi,Sur place,CA,,15
3013,13,166.5,151.36363635,2017-07-08,4 - Soir,6 - Samedi,À emporter,CA,,6
3014,26,386.95,351.77272719,2017-07-08,4 - Soir,6 - Samedi,Livraison,CA,AlloResto,1
3015,37,601.5,546.81818169,2017-07-08,4 - Soir,6 - Samedi,Livraison,CA,Deliveroo,1
3016,19,308.9,280.81818179,2017-07-08,4 - Soir,6 - Samedi,Livraison,CA,Foodora,1
3017,24,335.73,305.20909091,2017-07-08,4 - Soir,6 - Samedi,Livraison,CA,KM LIVRAISON,1
3018,22,347.5,315.90909084,2017-07-08,4 - Soir,6 - Samedi,Livraison,CA,UberEats,1
3019,24,333.38,302.77575755,2017-07-08,4 - Soir,6 - Samedi,Sur place,CA,,20
3021,3,36.5,33.18181818,2017-07-09,3 - Après-midi,7 - Dimanche,Sur place,CA,,9
3022,14,216.5,196.81818182,2017-07-09,4 - Soir,7 - Dimanche,À emporter,CA,,9
3023,17,255.5,232.27272721,2017-07-09,4 - Soir,7 - Dimanche,Livraison,CA,AlloResto,1
3024,41,634.8,577.09090897,2017-07-09,4 - Soir,7 - Dimanche,Livraison,CA,Deliveroo,1
3025,34,558.4,507.63636356,2017-07-09,4 - Soir,7 - Dimanche,Livraison,CA,Foodora,1
3026,4,44.15,40.13636364,2017-07-09,4 - Soir,7 - Dimanche,Livraison,CA,KM CLICK & COLLECT,1
3027,27,397.33,361.20909089,2017-07-09,4 - Soir,7 - Dimanche,Livraison,CA,KM LIVRAISON,1
3028,36,573.0,520.90909078,2017-07-09,4 - Soir,7 - Dimanche,Livraison,CA,UberEats,1
3029,18,274.5,247.2742424,2017-07-09,4 - Soir,7 - Dimanche,Sur place,CA,,22
3032,3,39.0,35.45454544,2017-07-10,2 - Midi,1 - Lundi,À emporter,CA,,3
3033,3,47.5,43.18181818,2017-07-10,2 - Midi,1 - Lundi,Livraison,CA,Deliveroo,1
3034,4,58.5,53.18181816,2017-07-10,2 - Midi,1 - Lundi,Livraison,CA,Foodora,1
3035,4,67.5,61.36363635,2017-07-10,2 - Midi,1 - Lundi,Livraison,CA,UberEats,1
3036,65,916.6,830.59015147,2017-07-10,2 - Midi,1 - Lundi,Sur place,CA,,49
3037,2,20.24,18.4,2017-07-10,3 - Après-midi,1 - Lundi,Sur place,CA,,1
3038,15,198.4,180.36363633,2017-07-10,4 - Soir,1 - Lundi,À emporter,CA,,8
3039,14,202.45,184.04545449,2017-07-10,4 - Soir,1 - Lundi,Livraison,CA,AlloResto,1
3040,19,279.5,254.09090905,2017-07-10,4 - Soir,1 - Lundi,Livraison,CA,Deliveroo,1
3041,32,482.3,438.4545454,2017-07-10,4 - Soir,1 - Lundi,Livraison,CA,Foodora,1
3042,2,20.0,18.18181818,2017-07-10,4 - Soir,1 - Lundi,Livraison,CA,KM CLICK & COLLECT,1
3043,23,330.63,300.57272724,2017-07-10,4 - Soir,1 - Lundi,Livraison,CA,KM LIVRAISON,1
3044,12,197.5,179.54545452,2017-07-10,4 - Soir,1 - Lundi,Livraison,CA,UberEats,1
3045,40,556.5,500.73030297,2017-07-10,4 - Soir,1 - Lundi,Sur place,CA,,27
3048,13,171.9,156.27272725,2017-07-11,2 - Midi,2 - Mardi,À emporter,CA,,14
3049,8,120.75,109.77272725,2017-07-11,2 - Midi,2 - Mardi,Livraison,CA,AlloResto,1
3050,2,35.0,31.81818182,2017-07-11,2 - Midi,2 - Mardi,Livraison,CA,Deliveroo,1
3051,4,62.0,56.36363636,2017-07-11,2 - Midi,2 - Mardi,Livraison,CA,Foodora,1
3052,6,86.0,78.18181818,2017-07-11,2 - Midi,2 - Mardi,Livraison,CA,KM CLICK & COLLECT,1
3053,5,80.5,73.18181818,2017-07-11,2 - Midi,2 - Mardi,Livraison,CA,UberEats,1
3054,63,856.83,778.17651509,2017-07-11,2 - Midi,2 - Mardi,Sur place,CA,,46
3055,0,5.5,4.99999999,2017-07-11,3 - Après-midi,2 - Mardi,Sur place,CA,,1
3056,10,113.5,103.18181816,2017-07-11,4 - Soir,2 - Mardi,À emporter,CA,,5
3057,14,194.21,176.55454541,2017-07-11,4 - Soir,2 - Mardi,Livraison,CA,AlloResto,2
3058,20,290.7,264.27272726,2017-07-11,4 - Soir,2 - Mardi,Livraison,CA,Deliveroo,1
3059,10,194.0,176.36363634,2017-07-11,4 - Soir,2 - Mardi,Livraison,CA,Foodora,1
3060,9,121.68,110.61818179,2017-07-11,4 - Soir,2 - Mardi,Livraison,CA,KM LIVRAISON,1
3061,26,395.0,359.09090904,2017-07-11,4 - Soir,2 - Mardi,Livraison,CA,UberEats,2
3062,35,502.8,453.30757568,2017-07-11,4 - Soir,2 - Mardi,Sur place,CA,,27
3065,4,50.5,45.9090909,2017-07-12,2 - Midi,3 - Mercredi,À emporter,CA,,4
3066,70,935.6,846.67499993,2017-07-12,2 - Midi,3 - Mercredi,Sur place,CA,,60
3068,25,395.9,359.90909087,2017-07-12,3 - Après-midi,3 - Mercredi,Livraison,CA,Deliveroo,1
3069,26,412.2,374.72727269,2017-07-12,3 - Après-midi,3 - Mercredi,Livraison,CA,Foodora,1
3070,7,91.3,83.00000002,2017-07-12,3 - Après-midi,3 - Mercredi,Sur place,CA,,8
3071,7,97.5,88.63636363,2017-07-12,4 - Soir,3 - Mercredi,À emporter,CA,,5
3072,8,125.75,114.31818178,2017-07-12,4 - Soir,3 - Mercredi,Livraison,CA,AlloResto,1
3073,5,40.0,36.36363635,2017-07-12,4 - Soir,3 - Mercredi,Livraison,CA,KM CLICK & COLLECT,1
3074,19,272.95,248.13636358,2017-07-12,4 - Soir,3 - Mercredi,Livraison,CA,KM LIVRAISON,1
3075,21,347.0,315.45454541,2017-07-12,4 - Soir,3 - Mercredi,Livraison,CA,UberEats,1
3076,42,584.2,528.74469695,2017-07-12,4 - Soir,3 - Mercredi,Sur place,CA,,29
3081,17,221.4,201.27272724,2017-07-13,2 - Midi,4 - Jeudi,À emporter,CA,,16
3082,58,822.05,745.87803021,2017-07-13,2 - Midi,4 - Jeudi,Sur place,CA,,56
3083,0,1.5,1.36363636,2017-07-13,3 - Après-midi,4 - Jeudi,Sur place,CA,,1
3084,6,81.5,74.09090909,2017-07-13,4 - Soir,4 - Jeudi,À emporter,CA,,4
3085,13,186.6,169.63636357,2017-07-13,4 - Soir,4 - Jeudi,Livraison,CA,AlloResto,1
3086,30,463.9,421.72727264,2017-07-13,4 - Soir,4 - Jeudi,Livraison,CA,Deliveroo,1
3087,35,542.0,492.72727268,2017-07-13,4 - Soir,4 - Jeudi,Livraison,CA,Foodora,1
3088,1,15.54,14.12727273,2017-07-13,4 - Soir,4 - Jeudi,Livraison,CA,Foodora Click&Collect,1
3089,37,529.48,481.34545445,2017-07-13,4 - Soir,4 - Jeudi,Livraison,CA,KM LIVRAISON,1
3090,24,352.0,319.99999997,2017-07-13,4 - Soir,4 - Jeudi,Livraison,CA,UberEats,1
3091,46,690.3,622.21969692,2017-07-13,4 - Soir,4 - Jeudi,Sur place,CA,,38
3094,1,15.5,14.09090909,2017-07-14,2 - Midi,5 - Vendredi,À emporter,CA,,1
3095,2,26.5,24.09090909,2017-07-14,2 - Midi,5 - Vendredi,À emporter,CA,,2
3096,5,64.9,58.70606059,2017-07-14,2 - Midi,5 - Vendredi,Sur place,CA,,5
3097,32,421.7,379.66439397,2017-07-14,2 - Midi,5 - Vendredi,Sur place,CA,,20
3099,9,138.5,125.90909088,2017-07-14,3 - Après-midi,5 - Vendredi,Livraison,CA,Deliveroo,1
3100,12,173.9,158.09090908,2017-07-14,3 - Après-midi,5 - Vendredi,Livraison,CA,Foodora,1
3101,4,50.5,45.90909089,2017-07-14,3 - Après-midi,5 - Vendredi,Livraison,CA,KM LIVRAISON,1
3102,7,106.0,96.36363635,2017-07-14,3 - Après-midi,5 - Vendredi,Livraison,CA,UberEats,1
3103,21,291.9,265.36363636,2017-07-14,4 - Soir,5 - Vendredi,À emporter,CA,,11
3104,14,184.35,167.59090903,2017-07-14,4 - Soir,5 - Vendredi,Livraison,CA,AlloResto,1
3105,28,456.3,414.81818173,2017-07-14,4 - Soir,5 - Vendredi,Livraison,CA,Deliveroo,1
3106,18,259.5,235.90909086,2017-07-14,4 - Soir,5 - Vendredi,Livraison,CA,Foodora,1
3107,3,42.2,38.36363635,2017-07-14,4 - Soir,5 - Vendredi,Livraison,CA,KM CLICK & COLLECT,1
3108,16,249.77,227.06363631,2017-07-14,4 - Soir,5 - Vendredi,Livraison,CA,KM LIVRAISON,1
3109,20,303.0,275.4545454,2017-07-14,4 - Soir,5 - Vendredi,Livraison,CA,UberEats,2
3110,33,480.71,435.49090901,2017-07-14,4 - Soir,5 - Vendredi,Sur place,CA,,22
3113,3,42.95,39.04545454,2017-07-15,2 - Midi,6 - Samedi,À emporter,CA,,3
3114,31,438.95,397.6098484,2017-07-15,2 - Midi,6 - Samedi,Sur place,CA,,19
3115,1,16.45,14.95454545,2017-07-15,3 - Après-midi,6 - Samedi,Livraison,CA,AlloResto,1
3116,11,144.5,131.36363632,2017-07-15,3 - Après-midi,6 - Samedi,Livraison,CA,Deliveroo,1
3117,10,165.5,150.45454544,2017-07-15,3 - Après-midi,6 - Samedi,Livraison,CA,Foodora,1
3118,10,162.12,147.38181815,2017-07-15,3 - Après-midi,6 - Samedi,Livraison,CA,KM LIVRAISON,1
3119,7,117.5,106.81818181,2017-07-15,3 - Après-midi,6 - Samedi,Livraison,CA,UberEats,1
3120,4,94.0,84.35606057,2017-07-15,3 - Après-midi,6 - Samedi,Sur place,CA,,8
3121,6,82.0,74.54545453,2017-07-15,4 - Soir,6 - Samedi,À emporter,CA,,4
3122,16,230.55,209.59090903,2017-07-15,4 - Soir,6 - Samedi,Livraison,CA,AlloResto,1
3123,11,182.0,165.45454541,2017-07-15,4 - Soir,6 - Samedi,Livraison,CA,Deliveroo,1
3124,21,312.0,283.63636357,2017-07-15,4 - Soir,6 - Samedi,Livraison,CA,Foodora,1
3125,5,58.0,52.72727273,2017-07-15,4 - Soir,6 - Samedi,Livraison,CA,KM CLICK & COLLECT,1
3126,10,162.79,147.99090905,2017-07-15,4 - Soir,6 - Samedi,Livraison,CA,KM LIVRAISON,1
3127,3,46.0,41.81818181,2017-07-15,4 - Soir,6 - Samedi,Livraison,CA,UberEats,1
3128,34,480.6,432.74318185,2017-07-15,4 - Soir,6 - Samedi,Sur place,CA,,16
3130,6,81.0,73.63636364,2017-07-16,3 - Après-midi,7 - Dimanche,Sur place,CA,,6
3131,5,77.5,70.45454545,2017-07-16,4 - Soir,7 - Dimanche,À emporter,CA,,4
3132,16,240.6,218.72727266,2017-07-16,4 - Soir,7 - Dimanche,Livraison,CA,AlloResto,2
3133,24,361.0,328.18181814,2017-07-16,4 - Soir,7 - Dimanche,Livraison,CA,Deliveroo,1
3134,46,730.0,663.63636356,2017-07-16,4 - Soir,7 - Dimanche,Livraison,CA,Foodora,1
3135,2,17.4,15.81818182,2017-07-16,4 - Soir,7 - Dimanche,Livraison,CA,KM CLICK & COLLECT,1
3136,31,406.39,369.44545452,2017-07-16,4 - Soir,7 - Dimanche,Livraison,CA,KM LIVRAISON,1
3137,32,528.0,479.99999992,2017-07-16,4 - Soir,7 - Dimanche,Livraison,CA,UberEats,1
3138,22,297.95,270.55984842,2017-07-16,4 - Soir,7 - Dimanche,Sur place,CA,,19
3141,10,128.0,116.36363633,2017-07-17,2 - Midi,1 - Lundi,À emporter,CA,,5
3142,3,37.76,34.32727273,2017-07-17,2 - Midi,1 - Lundi,Livraison,CA,AlloResto,1
3143,5,73.5,66.8181818,2017-07-17,2 - Midi,1 - Lundi,Livraison,CA,Foodora,1
3144,2,25.0,22.72727272,2017-07-17,2 - Midi,1 - Lundi,Livraison,CA,KM CLICK & COLLECT,1
3145,6,109.0,99.09090908,2017-07-17,2 - Midi,1 - Lundi,Livraison,CA,UberEats,1
3146,51,689.3,624.47727264,2017-07-17,2 - Midi,1 - Lundi,Sur place,CA,,40
3147,4,58.0,52.72727272,2017-07-17,3 - Après-midi,1 - Lundi,Livraison,CA,Deliveroo,1
3148,2,26.0,23.63636364,2017-07-17,3 - Après-midi,1 - Lundi,Sur place,CA,,1
3149,3,46.5,42.27272727,2017-07-17,4 - Soir,1 - Lundi,À emporter,CA,,2
3150,19,268.15,243.77272718,2017-07-17,4 - Soir,1 - Lundi,Livraison,CA,AlloResto,1
3151,15,247.9,225.36363632,2017-07-17,4 - Soir,1 - Lundi,Livraison,CA,Deliveroo,1
3152,13,199.5,181.36363633,2017-07-17,4 - Soir,1 - Lundi,Livraison,CA,Foodora,1
3153,24,344.6,313.27272722,2017-07-17,4 - Soir,1 - Lundi,Livraison,CA,KM LIVRAISON,2
3154,28,447.0,406.36363633,2017-07-17,4 - Soir,1 - Lundi,Livraison,CA,UberEats,1
3155,37,542.6,487.02651513,2017-07-17,4 - Soir,1 - Lundi,Sur place,CA,,23
3158,5,60.0,54.54545453,2017-07-18,2 - Midi,2 - Mardi,À emporter,CA,,5
3159,1,20.45,18.59090909,2017-07-18,2 - Midi,2 - Mardi,Livraison,CA,AlloResto,1
3160,2,31.0,28.18181818,2017-07-18,2 - Midi,2 - Mardi,Livraison,CA,Deliveroo,1
3161,5,91.0,82.7272727,2017-07-18,2 - Midi,2 - Mardi,Livraison,CA,Foodora,1
3162,2,30.13,27.39090908,2017-07-18,2 - Midi,2 - Mardi,Livraison,CA,KM LIVRAISON,1
3163,5,81.4,74.0,2017-07-18,2 - Midi,2 - Mardi,Livraison,CA,UberEats,1
3164,59,891.85,807.6333332,2017-07-18,2 - Midi,2 - Mardi,Sur place,CA,,56
3165,2,34.5,31.36363636,2017-07-18,3 - Après-midi,2 - Mardi,Livraison,CA,Foodora,1
3166,7,99.0,89.99999998,2017-07-18,4 - Soir,2 - Mardi,À emporter,CA,,4
3167,8,108.75,98.86363633,2017-07-18,4 - Soir,2 - Mardi,Livraison,CA,AlloResto,1
3168,19,301.0,273.63636358,2017-07-18,4 - Soir,2 - Mardi,Livraison,CA,Deliveroo,1
3169,10,177.0,160.90909089,2017-07-18,4 - Soir,2 - Mardi,Livraison,CA,Foodora,1
3170,9,93.6,85.09090908,2017-07-18,4 - Soir,2 - Mardi,Livraison,CA,KM CLICK & COLLECT,1
3171,11,162.94,148.12727269,2017-07-18,4 - Soir,2 - Mardi,Livraison,CA,KM LIVRAISON,1
3172,5,82.5,75.0,2017-07-18,4 - Soir,2 - Mardi,Livraison,CA,UberEats,1
3173,29,410.0,368.7674242,2017-07-18,4 - Soir,2 - Mardi,Sur place,CA,,27
3176,7,95.5,86.8181818,2017-07-19,2 - Midi,3 - Mercredi,À emporter,CA,,7
3177,68,941.9,854.60075746,2017-07-19,2 - Midi,3 - Mercredi,Sur place,CA,,62
3179,13,151.0,137.27272727,2017-07-19,4 - Soir,3 - Mercredi,À emporter,CA,,8
3180,8,142.2,129.27272725,2017-07-19,4 - Soir,3 - Mercredi,Livraison,CA,AlloResto,1
3181,17,260.4,236.72727269,2017-07-19,4 - Soir,3 - Mercredi,Livraison,CA,Deliveroo,1
3182,33,514.9,468.09090899,2017-07-19,4 - Soir,3 - Mercredi,Livraison,CA,Foodora,1
3183,16,227.3,206.6363636,2017-07-19,4 - Soir,3 - Mercredi,Livraison,CA,KM LIVRAISON,1
3184,31,515.5,468.63636354,2017-07-19,4 - Soir,3 - Mercredi,Livraison,CA,UberEats,1
3186,33,430.0,390.60530297,2017-07-19,4 - Soir,3 - Mercredi,Sur place,CA,,21
3189,12,164.1,149.18181817,2017-07-20,2 - Midi,4 - Jeudi,À emporter,CA,,12
3190,64,893.51,810.76969687,2017-07-20,2 - Midi,4 - Jeudi,Sur place,CA,,56
3191,16,240.9,218.99999993,2017-07-20,3 - Après-midi,4 - Jeudi,Livraison,CA,AlloResto,1
3192,30,493.3,448.45454539,2017-07-20,3 - Après-midi,4 - Jeudi,Livraison,CA,Deliveroo,1
3193,28,440.4,400.36363631,2017-07-20,3 - Après-midi,4 - Jeudi,Livraison,CA,Foodora,1
3194,108,1377.9,1252.63636314,2017-07-20,3 - Après-midi,4 - Jeudi,Livraison,CA,UberEats,1
3195,3,36.0,32.31060607,2017-07-20,3 - Après-midi,4 - Jeudi,Sur place,CA,,2
3196,8,118.5,107.72727271,2017-07-20,4 - Soir,4 - Jeudi,À emporter,CA,,9
3197,2,26.5,24.09090909,2017-07-20,4 - Soir,4 - Jeudi,Livraison,CA,KM CLICK & COLLECT,1
3198,11,151.42,137.65454545,2017-07-20,4 - Soir,4 - Jeudi,Livraison,CA,KM LIVRAISON,1
3199,37,494.06,447.28409088,2017-07-20,4 - Soir,4 - Jeudi,Sur place,CA,,25
3203,8,98.4,89.45454546,2017-07-21,2 - Midi,5 - Vendredi,À emporter,CA,,7
3204,2,31.0,28.18181818,2017-07-21,2 - Midi,5 - Vendredi,Livraison,CA,Deliveroo,1
3205,6,86.7,78.81818182,2017-07-21,2 - Midi,5 - Vendredi,Livraison,CA,Foodora,1
3206,3,59.95,54.49999998,2017-07-21,2 - Midi,5 - Vendredi,Livraison,CA,KM LIVRAISON,1
3207,24,304.5,276.81818172,2017-07-21,2 - Midi,5 - Vendredi,Livraison,CA,UberEats,1
3208,3,40.5,35.92045455,2017-07-21,2 - Midi,5 - Vendredi,Sur place,CA,,1
3209,96,1386.4,1255.81439374,2017-07-21,2 - Midi,5 - Vendredi,Sur place,CA,,77
3210,3,45.0,40.90909089,2017-07-21,3 - Après-midi,5 - Vendredi,Livraison,CA,UberEats,1
3212,6,76.0,69.09090908,2017-07-21,4 - Soir,5 - Vendredi,À emporter,CA,,4
3213,14,218.5,198.63636356,2017-07-21,4 - Soir,5 - Vendredi,Livraison,CA,AlloResto,1
3214,21,338.0,307.27272723,2017-07-21,4 - Soir,5 - Vendredi,Livraison,CA,Deliveroo,1
3215,19,288.4,262.18181815,2017-07-21,4 - Soir,5 - Vendredi,Livraison,CA,Foodora,1
3216,4,45.51,41.37272727,2017-07-21,4 - Soir,5 - Vendredi,Livraison,CA,KM CLICK & COLLECT,1
3217,16,254.14,231.03636357,2017-07-21,4 - Soir,5 - Vendredi,Livraison,CA,KM LIVRAISON,1
3218,120,1466.0,1332.72727219,2017-07-21,4 - Soir,5 - Vendredi,Livraison,CA,UberEats,1
3219,57,772.4,698.93712116,2017-07-21,4 - Soir,5 - Vendredi,Sur place,CA,,38
3222,10,128.5,116.8181818,2017-07-22,2 - Midi,6 - Samedi,À emporter,CA,,3
3223,3,51.5,46.8181818,2017-07-22,2 - Midi,6 - Samedi,Livraison,CA,AlloResto,1
3224,10,187.5,170.45454543,2017-07-22,2 - Midi,6 - Samedi,Livraison,CA,Deliveroo,1
3225,3,56.5,51.36363635,2017-07-22,2 - Midi,6 - Samedi,Livraison,CA,Foodora,1
3226,10,137.63,125.11818178,2017-07-22,2 - Midi,6 - Samedi,Livraison,CA,KM LIVRAISON,1
3227,59,766.8,695.96363632,2017-07-22,2 - Midi,6 - Samedi,Sur place,CA,,36
3228,4,53.0,48.18181818,2017-07-22,3 - Après-midi,6 - Samedi,À emporter,CA,,2
3229,44,526.5,478.63636342,2017-07-22,3 - Après-midi,6 - Samedi,Livraison,CA,UberEats,1
3230,4,58.45,53.2121212,2017-07-22,3 - Après-midi,6 - Samedi,Sur place,CA,,6
3231,7,97.0,88.18181817,2017-07-22,4 - Soir,6 - Samedi,À emporter,CA,,4
3232,19,286.0,259.99999994,2017-07-22,4 - Soir,6 - Samedi,Livraison,CA,AlloResto,1
3233,24,367.4,333.99999996,2017-07-22,4 - Soir,6 - Samedi,Livraison,CA,Deliveroo,1
3234,14,241.5,219.54545453,2017-07-22,4 - Soir,6 - Samedi,Livraison,CA,Foodora,1
3235,3,39.71,36.09999999,2017-07-22,4 - Soir,6 - Samedi,Livraison,CA,KM CLICK & COLLECT,1
3236,12,195.5,177.7272727,2017-07-22,4 - Soir,6 - Samedi,Livraison,CA,KM LIVRAISON,1
3237,90,1114.4,1013.0909087,2017-07-22,4 - Soir,6 - Samedi,Livraison,CA,UberEats,1
3239,50,691.4,625.85227264,2017-07-22,4 - Soir,6 - Samedi,Sur place,CA,,36
3241,3,43.0,39.09090909,2017-07-23,3 - Après-midi,7 - Dimanche,À emporter,CA,,2
3242,1,16.0,14.54545454,2017-07-23,3 - Après-midi,7 - Dimanche,Sur place,CA,,3
3243,7,99.5,90.45454544,2017-07-23,4 - Soir,7 - Dimanche,À emporter,CA,,4
3244,18,277.05,251.8636363,2017-07-23,4 - Soir,7 - Dimanche,Livraison,CA,AlloResto,1
3245,34,524.4,476.72727264,2017-07-23,4 - Soir,7 - Dimanche,Livraison,CA,Deliveroo,1
3246,45,753.5,684.99999992,2017-07-23,4 - Soir,7 - Dimanche,Livraison,CA,Foodora,1
3247,3,41.93,38.11818181,2017-07-23,4 - Soir,7 - Dimanche,Livraison,CA,KM CLICK & COLLECT,1
3248,16,209.2,190.18181812,2017-07-23,4 - Soir,7 - Dimanche,Livraison,CA,KM LIVRAISON,1
3249,74,927.0,842.72727241,2017-07-23,4 - Soir,7 - Dimanche,Livraison,CA,UberEats,1
3250,26,360.5,327.46212113,2017-07-23,4 - Soir,7 - Dimanche,Sur place,CA,,20
3255,5,61.4,55.81818181,2017-07-24,2 - Midi,1 - Lundi,À emporter,CA,,5
3256,1,18.95,17.22727272,2017-07-24,2 - Midi,1 - Lundi,Livraison,CA,AlloResto,1
3257,6,96.5,87.72727272,2017-07-24,2 - Midi,1 - Lundi,Livraison,CA,Deliveroo,1
3258,4,54.0,49.09090908,2017-07-24,2 - Midi,1 - Lundi,Livraison,CA,Foodora,1
3259,2,18.0,16.36363636,2017-07-24,2 - Midi,1 - Lundi,Livraison,CA,KM CLICK & COLLECT,1
3260,1,23.5,21.36363636,2017-07-24,2 - Midi,1 - Lundi,Livraison,CA,KM LIVRAISON,1
3261,3,51.5,46.81818181,2017-07-24,2 - Midi,1 - Lundi,Livraison,CA,UberEats,1
3262,49,657.8,597.16363627,2017-07-24,2 - Midi,1 - Lundi,Sur place,CA,,39
3263,1,12.5,11.36363636,2017-07-24,3 - Après-midi,1 - Lundi,Sur place,CA,,1
3264,20,266.65,242.40909088,2017-07-24,4 - Soir,1 - Lundi,À emporter,CA,,13
3265,10,139.4,126.72727268,2017-07-24,4 - Soir,1 - Lundi,Livraison,CA,AlloResto,1
3266,30,468.5,425.90909084,2017-07-24,4 - Soir,1 - Lundi,Livraison,CA,Deliveroo,1
3267,14,235.5,214.09090907,2017-07-24,4 - Soir,1 - Lundi,Livraison,CA,Foodora,1
3268,5,62.0,56.36363638,2017-07-24,4 - Soir,1 - Lundi,Livraison,CA,KM CLICK & COLLECT,1
3269,9,123.89,112.62727272,2017-07-24,4 - Soir,1 - Lundi,Livraison,CA,KM LIVRAISON,1
3270,24,405.5,368.63636357,2017-07-24,4 - Soir,1 - Lundi,Livraison,CA,UberEats,1
3271,16,213.8,193.22651514,2017-07-24,4 - Soir,1 - Lundi,Sur place,CA,,13
3273,144,0.0,0.0,2017-07-25,,2 - Mardi,,CA,,0
3277,0,260.95,237.32,2017-07-25,2 - Midi,2 - Mardi,À emporter,CA,KM,5
3278,0,653.7,593.56,2017-07-25,2 - Midi,2 - Mardi,À emporter,CA,,37
3280,0,418.0,377.8,2017-07-25,2 - Midi,2 - Mardi,Sur place,CA,,22
3282,0,70.5,64.1,2017-07-25,3 - Après-midi,2 - Mardi,À emporter,CA,,2
3284,0,30.4,27.64,2017-07-25,3 - Après-midi,2 - Mardi,Sur place,CA,,2
3285,0,1307.35,1188.03,2017-07-25,4 - Soir,2 - Mardi,À emporter,CA,KM,6
3286,0,333.5,302.64,2017-07-25,4 - Soir,2 - Mardi,À emporter,CA,,21
3287,0,220.9,200.87,2017-07-25,4 - Soir,2 - Mardi,Sur place,CA,,13
3288,180,0.0,0.0,2017-07-26,,3 - Mercredi,,CA,,0
3290,0,490.4,445.96,2017-07-26,2 - Midi,3 - Mercredi,À emporter,CA,,24
3292,0,160.15,145.58,2017-07-26,2 - Midi,3 - Mercredi,Livraison,CA,KM,3
3294,0,422.5,383.97,2017-07-26,2 - Midi,3 - Mercredi,Sur place,CA,,22
3296,0,264.55,240.28,2017-07-26,4 - Soir,3 - Mercredi,À emporter,CA,,11
3298,0,1097.75,997.55,2017-07-26,4 - Soir,3 - Mercredi,Livraison,CA,KM,5
3299,0,170.6,155.03,2017-07-26,4 - Soir,3 - Mercredi,Sur place,CA,,7
3301,212,0.0,0.0,2017-07-27,,4 - Jeudi,,CA,,0
3303,0,555.3,504.77,2017-07-27,2 - Midi,4 - Jeudi,À emporter,CA,,34
3305,0,361.6,328.7,2017-07-27,2 - Midi,4 - Jeudi,Livraison,CA,KM,4
3306,0,315.5,286.72,2017-07-27,2 - Midi,4 - Jeudi,Sur place,CA,,22
3307,0,40.0,36.38,2017-07-27,3 - Après-midi,4 - Jeudi,Sur place,CA,,2
3308,0,77.0,69.93,2017-07-27,4 - Soir,4 - Jeudi,À emporter,CA,,4
3309,0,1379.71,1254.14,2017-07-27,4 - Soir,4 - Jeudi,Livraison,CA,KM,6
3310,0,90.0,81.82,2017-07-27,4 - Soir,4 - Jeudi,Sur place,CA,,4
3311,0,248.25,225.31,2017-07-27,4 - Soir,4 - Jeudi,Sur place,CA,,13
3313,252,0.0,0.0,2017-07-28,,5 - Vendredi,,CA,,0
3315,0,133.5,121.37,2017-07-28,2 - Midi,5 - Vendredi,À emporter,CA,,9
3316,0,417.74,379.55,2017-07-28,2 - Midi,5 - Vendredi,Livraison,CA,KM,7
3317,0,879.35,799.66,2017-07-28,2 - Midi,5 - Vendredi,Sur place,CA,,49
3318,0,28.0,25.46,2017-07-28,3 - Après-midi,5 - Vendredi,Sur place,CA,,1
3319,0,14.5,13.18,2017-07-28,4 - Soir,5 - Vendredi,À emporter,CA,,1
3320,0,210.5,190.89,2017-07-28,4 - Soir,5 - Vendredi,À emporter,CA,,8
3322,0,1400.8,1273.38,2017-07-28,4 - Soir,5 - Vendredi,Livraison,CA,KM,7
3323,0,44.5,40.47,2017-07-28,4 - Soir,5 - Vendredi,Sur place,CA,,2
3324,0,504.7,458.62,2017-07-28,4 - Soir,5 - Vendredi,Sur place,CA,,19
3325,202,0.0,0.0,2017-07-29,,6 - Samedi,,CA,,0
3327,0,139.5,126.85,2017-07-29,2 - Midi,6 - Samedi,À emporter,CA,,5
3328,0,579.4,517.26,2017-07-29,2 - Midi,6 - Samedi,Sur place,CA,,28
3330,0,18.5,16.82,2017-07-29,3 - Après-midi,6 - Samedi,À emporter,CA,,2
3331,0,379.25,344.72,2017-07-29,3 - Après-midi,6 - Samedi,Livraison,CA,KM,4
3332,0,50.0,43.77,2017-07-29,3 - Après-midi,6 - Samedi,Sur place,CA,,5
3333,0,170.9,155.34,2017-07-29,4 - Soir,6 - Samedi,À emporter,CA,,10
3334,0,1099.14,998.66,2017-07-29,4 - Soir,6 - Samedi,Livraison,CA,KM,5
3335,0,67.5,61.37,2017-07-29,4 - Soir,6 - Samedi,Sur place,CA,,2
3336,0,529.7,480.94,2017-07-29,4 - Soir,6 - Samedi,Sur place,CA,,20
3337,215,0.0,0.0,2017-07-30,,7 - Dimanche,,CA,,0
3339,0,19.5,17.73,2017-07-30,3 - Après-midi,7 - Dimanche,À emporter,CA,,1
3340,0,25.0,22.74,2017-07-30,3 - Après-midi,7 - Dimanche,Sur place,CA,,1
3341,0,46.0,41.83,2017-07-30,3 - Après-midi,7 - Dimanche,Sur place,CA,,3
3343,0,164.4,149.51,2017-07-30,4 - Soir,7 - Dimanche,À emporter,CA,,9
3344,0,2655.8,2412.83,2017-07-30,4 - Soir,7 - Dimanche,Livraison,CA,KM,8
3345,0,336.8,303.2,2017-07-30,4 - Soir,7 - Dimanche,Sur place,CA,,18
3347,207,0.0,0.0,2017-07-31,,1 - Lundi,,CA,,0
3350,0,6.5,5.66,2017-07-31,1 - Matin,1 - Lundi,Sur place,CA,,1
3351,0,235.0,213.22,2017-07-31,2 - Midi,1 - Lundi,À emporter,CA,,14
3352,0,645.1,584.83,2017-07-31,2 - Midi,1 - Lundi,Sur place,CA,,31
3355,0,459.6,417.27,2017-07-31,3 - Après-midi,1 - Lundi,Livraison,CA,KM,5
3356,0,-1.9,-1.9,2017-07-31,3 - Après-midi,1 - Lundi,Sur place,CA,,1
3357,0,86.5,78.65,2017-07-31,4 - Soir,1 - Lundi,À emporter,CA,,5
3358,0,1119.15,1017.08,2017-07-31,4 - Soir,1 - Lundi,Livraison,CA,KM,6
3360,0,541.45,491.42,2017-07-31,4 - Soir,1 - Lundi,Sur place,CA,,22
3362,224,0.0,0.0,2017-08-01,,2 - Mardi,,CA,,0
3364,0,117.4,106.68,2017-08-01,2 - Midi,2 - Mardi,À emporter,CA,,7
3365,0,217.95,198.14,2017-08-01,2 - Midi,2 - Mardi,Livraison,CA,KM,5
3366,0,156.6,142.39,2017-08-01,2 - Midi,2 - Mardi,Sur place,CA,,9
3367,0,848.45,770.0,2017-08-01,2 - Midi,2 - Mardi,Sur place,CA,,47
3369,0,15.5,14.09,2017-08-01,3 - Après-midi,2 - Mardi,Livraison,CA,KM,1
3370,0,11.5,10.46,2017-08-01,3 - Après-midi,2 - Mardi,Sur place,CA,,1
3372,0,3.0,2.73,2017-08-01,4 - Soir,2 - Mardi,À emporter,CA,,1
3373,0,153.5,139.42,2017-08-01,4 - Soir,2 - Mardi,À emporter,CA,,8
3374,0,1423.1,1291.23,2017-08-01,4 - Soir,2 - Mardi,Livraison,CA,KM,9
3375,0,99.0,89.95,2017-08-01,4 - Soir,2 - Mardi,Sur place,CA,,5
3376,0,237.7,216.42,2017-08-01,4 - Soir,2 - Mardi,Sur place,CA,,12
3377,184,0.0,0.0,2017-08-02,,3 - Mercredi,,CA,,0
3380,0,5.0,4.55,2017-08-02,1 - Matin,3 - Mercredi,Sur place,CA,,1
3381,0,35.0,31.82,2017-08-02,2 - Midi,3 - Mercredi,À emporter,CA,,3
3382,0,520.1,469.05,2017-08-02,2 - Midi,3 - Mercredi,Sur place,CA,,36
3385,0,324.95,295.41,2017-08-02,3 - Après-midi,3 - Mercredi,Livraison,CA,KM,5
3386,0,216.6,196.87,2017-08-02,4 - Soir,3 - Mercredi,À emporter,CA,KM,1
3387,0,121.5,110.46,2017-08-02,4 - Soir,3 - Mercredi,À emporter,CA,,8
3388,0,1270.6,1155.02,2017-08-02,4 - Soir,3 - Mercredi,Livraison,CA,KM,5
3390,0,267.9,242.8,2017-08-02,4 - Soir,3 - Mercredi,Sur place,CA,,15
3392,201,0.0,0.0,2017-08-03,,4 - Jeudi,,CA,,0
3395,0,25.0,22.74,2017-08-03,2 - Midi,4 - Jeudi,À emporter,CA,,2
3396,0,318.0,289.13,2017-08-03,2 - Midi,4 - Jeudi,À emporter,CA,,19
3397,0,31.0,28.18,2017-08-03,2 - Midi,4 - Jeudi,Sur place,CA,,2
3398,0,562.4,511.24,2017-08-03,2 - Midi,4 - Jeudi,Sur place,CA,,34
3399,0,233.1,211.87,2017-08-03,3 - Après-midi,4 - Jeudi,Livraison,CA,KM,3
3400,0,71.0,64.56,2017-08-03,4 - Soir,4 - Jeudi,À emporter,CA,,2
3401,0,1316.29,1195.53,2017-08-03,4 - Soir,4 - Jeudi,Livraison,CA,KM,7
3402,0,109.5,90.31,2017-08-03,4 - Soir,4 - Jeudi,Sur place,CA,,6
3403,0,307.0,278.11,2017-08-03,4 - Soir,4 - Jeudi,Sur place,CA,,16
3405,252,0.0,0.0,2017-08-04,,5 - Vendredi,,CA,,0
3407,0,50.0,45.47,2017-08-04,2 - Midi,5 - Vendredi,À emporter,CA,,2
3408,0,137.0,124.59,2017-08-04,2 - Midi,5 - Vendredi,À emporter,CA,,10
3409,0,159.9,145.1,2017-08-04,2 - Midi,5 - Vendredi,Livraison,CA,KM,2
3411,0,4.0,3.63,2017-08-04,2 - Midi,5 - Vendredi,Sur place,CA,,1
3412,0,241.5,219.54,2017-08-04,2 - Midi,5 - Vendredi,Sur place,CA,,9
3413,0,557.4,506.51,2017-08-04,2 - Midi,5 - Vendredi,Sur place,CA,,36
3414,0,245.5,223.16,2017-08-04,3 - Après-midi,5 - Vendredi,Livraison,CA,KM,2
3415,0,23.5,21.37,2017-08-04,4 - Soir,5 - Vendredi,À emporter,CA,,2
3416,0,163.0,148.21,2017-08-04,4 - Soir,5 - Vendredi,À emporter,CA,,7
3418,0,1866.5,1696.84,2017-08-04,4 - Soir,5 - Vendredi,Livraison,CA,KM,7
3420,0,125.5,114.05,2017-08-04,4 - Soir,5 - Vendredi,Sur place,CA,,4
3421,0,199.95,174.6,2017-08-04,4 - Soir,5 - Vendredi,Sur place,CA,,13
3423,226,0.0,0.0,2017-08-05,,6 - Samedi,,CA,,0
3425,0,103.0,93.66,2017-08-05,2 - Midi,6 - Samedi,À emporter,CA,,7
3426,0,578.79,525.67,2017-08-05,2 - Midi,6 - Samedi,Sur place,CA,,20
3427,0,15.5,14.09,2017-08-05,3 - Après-midi,6 - Samedi,À emporter,CA,,1
3429,0,517.0,469.98,2017-08-05,3 - Après-midi,6 - Samedi,Livraison,CA,KM,4
3430,0,144.5,131.15,2017-08-05,3 - Après-midi,6 - Samedi,Sur place,CA,,7
3431,0,30.5,27.73,2017-08-05,4 - Soir,6 - Samedi,À emporter,CA,KM,1
3432,0,138.75,126.19,2017-08-05,4 - Soir,6 - Samedi,À emporter,CA,,9
3433,0,1494.17,1358.2,2017-08-05,4 - Soir,6 - Samedi,Livraison,CA,KM,12
3434,0,325.15,288.98,2017-08-05,4 - Soir,6 - Samedi,Sur place,CA,,14
3436,182,0.0,0.0,2017-08-06,,7 - Dimanche,,CA,,0
3438,0,68.5,62.3,2017-08-06,3 - Après-midi,7 - Dimanche,Sur place,CA,,3
3440,0,36.5,33.19,2017-08-06,4 - Soir,7 - Dimanche,À emporter,CA,,2
3441,0,124.95,113.55,2017-08-06,4 - Soir,7 - Dimanche,À emporter,CA,,6
3442,0,2365.55,2147.27,2017-08-06,4 - Soir,7 - Dimanche,Livraison,CA,KM,5
3443,0,42.5,36.71,2017-08-06,4 - Soir,7 - Dimanche,Sur place,CA,,4
3444,0,206.5,183.0,2017-08-06,4 - Soir,7 - Dimanche,Sur place,CA,,9
3446,224,0.0,0.0,2017-08-07,,1 - Lundi,,CA,,0
3447,0,13.5,12.28,2017-08-07,2 - Midi,1 - Lundi,À emporter,CA,,1
3448,0,57.0,51.84,2017-08-07,2 - Midi,1 - Lundi,À emporter,CA,,5
3449,0,271.3,246.61,2017-08-07,2 - Midi,1 - Lundi,Livraison,CA,KM,5
3450,0,130.86,117.14,2017-08-07,2 - Midi,1 - Lundi,Sur place,CA,,11
3451,0,673.4,610.3,2017-08-07,2 - Midi,1 - Lundi,Sur place,CA,,47
3452,0,91.0,82.76,2017-08-07,4 - Soir,1 - Lundi,À emporter,CA,,5
3453,0,1195.8,1087.08,2017-08-07,4 - Soir,1 - Lundi,Livraison,CA,KM,5
3454,0,270.4,245.81,2017-08-07,4 - Soir,1 - Lundi,Sur place,CA,KM,1
3455,0,593.1,536.71,2017-08-07,4 - Soir,1 - Lundi,Sur place,CA,,28
3456,226,0.0,0.0,2017-08-08,,2 - Mardi,,CA,,0
3459,0,138.4,125.61,2017-08-08,2 - Midi,2 - Mardi,À emporter,CA,,10
3460,0,438.3,397.63,2017-08-08,2 - Midi,2 - Mardi,Livraison,CA,KM,4
3461,0,1155.8,1050.41,2017-08-08,2 - Midi,2 - Mardi,Sur place,CA,,73
3462,0,9.9,9.0,2017-08-08,3 - Après-midi,2 - Mardi,À emporter,CA,,1
3463,0,16.5,15.0,2017-08-08,3 - Après-midi,2 - Mardi,Sur place,CA,,1
3464,0,77.4,70.38,2017-08-08,4 - Soir,2 - Mardi,À emporter,CA,,3
3465,0,1232.45,1120.37,2017-08-08,4 - Soir,2 - Mardi,Livraison,CA,KM,5
3466,0,293.28,257.59,2017-08-08,4 - Soir,2 - Mardi,Sur place,CA,,13
3468,222,0.0,0.0,2017-08-09,,3 - Mercredi,,CA,,0
3470,0,3.0,2.72,2017-08-09,1 - Matin,3 - Mercredi,Sur place,CA,,2
3472,0,12.5,11.37,2017-08-09,2 - Midi,3 - Mercredi,À emporter,CA,,1
3473,0,244.0,221.89,2017-08-09,2 - Midi,3 - Mercredi,À emporter,CA,,17
3474,0,39.5,35.93,2017-08-09,2 - Midi,3 - Mercredi,Sur place,CA,,1
3475,0,1115.2,1009.95,2017-08-09,2 - Midi,3 - Mercredi,Sur place,CA,,66
3477,0,1357.43,1233.55,2017-08-09,3 - Après-midi,3 - Mercredi,Livraison,CA,KM,5
3478,0,44.5,40.38,2017-08-09,3 - Après-midi,3 - Mercredi,Sur place,CA,,2
3479,0,190.9,173.58,2017-08-09,4 - Soir,3 - Mercredi,À emporter,CA,,9
3480,0,40.0,26.92,2017-08-09,4 - Soir,3 - Mercredi,Sur place,CA,,3
3481,0,180.0,162.35,2017-08-09,4 - Soir,3 - Mercredi,Sur place,CA,,11
3483,229,0.0,0.0,2017-08-10,,4 - Jeudi,,CA,,0
3485,0,3.0,2.73,2017-08-10,1 - Matin,4 - Jeudi,Sur place,CA,,1
3486,0,27.5,25.0,2017-08-10,2 - Midi,4 - Jeudi,À emporter,CA,,3
3487,0,188.73,171.62,2017-08-10,2 - Midi,4 - Jeudi,À emporter,CA,,13
3488,0,772.5,702.22,2017-08-10,2 - Midi,4 - Jeudi,Livraison,CA,KM,2
3489,0,266.0,241.78,2017-08-10,2 - Midi,4 - Jeudi,Sur place,CA,,19
3490,0,796.7,722.98,2017-08-10,2 - Midi,4 - Jeudi,Sur place,CA,,47
3492,0,20.0,18.19,2017-08-10,3 - Après-midi,4 - Jeudi,À emporter,CA,,1
3493,0,460.0,418.1,2017-08-10,3 - Après-midi,4 - Jeudi,Livraison,CA,KM,1
3494,0,33.0,29.62,2017-08-10,3 - Après-midi,4 - Jeudi,Sur place,CA,,1
3495,0,25.0,22.74,2017-08-10,4 - Soir,4 - Jeudi,À emporter,CA,,1
3496,0,75.5,68.15,2017-08-10,4 - Soir,4 - Jeudi,À emporter,CA,,4
3498,0,486.64,441.67,2017-08-10,4 - Soir,4 - Jeudi,Livraison,CA,KM,2
3499,0,114.5,103.52,2017-08-10,4 - Soir,4 - Jeudi,Sur place,CA,,4
3500,0,113.0,93.5,2017-08-10,4 - Soir,4 - Jeudi,Sur place,CA,,5
3502,304,0.0,0.0,2017-08-11,,5 - Vendredi,,CA,,0
3505,0,182.9,166.3,2017-08-11,2 - Midi,5 - Vendredi,À emporter,CA,,12
3506,0,654.35,594.81,2017-08-11,2 - Midi,5 - Vendredi,Livraison,CA,KM,6
3507,0,1084.75,983.18,2017-08-11,2 - Midi,5 - Vendredi,Sur place,CA,,65
3510,0,15.5,14.09,2017-08-11,3 - Après-midi,5 - Vendredi,À emporter,CA,,1
3512,0,58.5,53.17,2017-08-11,4 - Soir,5 - Vendredi,À emporter,CA,,2
3513,0,200.0,181.27,2017-08-11,4 - Soir,5 - Vendredi,À emporter,CA,,8
3515,0,2012.45,1829.38,2017-08-11,4 - Soir,5 - Vendredi,Livraison,CA,KM,6
3516,0,67.0,60.83,2017-08-11,4 - Soir,5 - Vendredi,Sur place,CA,,4
3517,0,245.4,213.68,2017-08-11,4 - Soir,5 - Vendredi,Sur place,CA,,13
3519,220,0.0,0.0,2017-08-12,,6 - Samedi,,CA,,0
3521,0,22.4,20.37,2017-08-12,2 - Midi,6 - Samedi,À emporter,CA,,1
3522,0,70.0,63.65,2017-08-12,2 - Midi,6 - Samedi,À emporter,CA,,3
3524,0,2037.44,1850.34,2017-08-12,2 - Midi,6 - Samedi,Livraison,CA,KM,5
3526,0,78.5,71.38,2017-08-12,2 - Midi,6 - Samedi,Sur place,CA,,2
3527,0,408.0,370.3,2017-08-12,2 - Midi,6 - Samedi,Sur place,CA,,19
3528,0,15.5,14.09,2017-08-12,3 - Après-midi,6 - Samedi,À emporter,CA,,1
3529,0,3.0,2.73,2017-08-12,3 - Après-midi,6 - Samedi,Sur place,CA,,1
3530,0,31.0,28.18,2017-08-12,3 - Après-midi,6 - Samedi,Sur place,CA,,2
3531,0,100.5,90.28,2017-08-12,3 - Après-midi,6 - Samedi,Sur place,CA,,7
3532,0,33.9,30.82,2017-08-12,4 - Soir,6 - Samedi,À emporter,CA,,2
3533,0,65.0,59.09,2017-08-12,4 - Soir,6 - Samedi,À emporter,CA,,3
3534,0,139.0,117.9,2017-08-12,4 - Soir,6 - Samedi,Sur place,CA,,8
3535,0,287.2,260.38,2017-08-12,4 - Soir,6 - Samedi,Sur place,CA,,10
3537,187,0.0,0.0,2017-08-13,,7 - Dimanche,,CA,,0
3539,0,30.0,27.28,2017-08-13,3 - Après-midi,7 - Dimanche,À emporter,CA,,1
3540,0,19.5,17.54,2017-08-13,3 - Après-midi,7 - Dimanche,Sur place,CA,,1
3541,0,153.0,138.91,2017-08-13,4 - Soir,7 - Dimanche,À emporter,CA,,7
3543,0,62.5,56.85,2017-08-13,4 - Soir,7 - Dimanche,Livraison,CA,KM,1
3544,0,2415.18,2193.58,2017-08-13,4 - Soir,7 - Dimanche,Livraison,CA,KM,5
3545,0,60.5,54.94,2017-08-13,4 - Soir,7 - Dimanche,Sur place,CA,,2
3546,0,259.8,229.68,2017-08-13,4 - Soir,7 - Dimanche,Sur place,CA,,18
3548,208,0.0,0.0,2017-08-14,,1 - Lundi,,CA,,0
3551,0,3.0,2.73,2017-08-14,1 - Matin,1 - Lundi,Sur place,CA,,1
3552,0,53.0,48.2,2017-08-14,2 - Midi,1 - Lundi,À emporter,CA,,2
3553,0,48.5,44.11,2017-08-14,2 - Midi,1 - Lundi,À emporter,CA,,4
3555,0,1899.0,1725.99,2017-08-14,2 - Midi,1 - Lundi,Livraison,CA,KM,6
3556,0,50.5,45.91,2017-08-14,2 - Midi,1 - Lundi,Sur place,CA,,3
3557,0,798.6,726.21,2017-08-14,2 - Midi,1 - Lundi,Sur place,CA,,37
3558,0,15.5,14.09,2017-08-14,3 - Après-midi,1 - Lundi,Sur place,CA,,1
3559,0,48.9,44.47,2017-08-14,4 - Soir,1 - Lundi,À emporter,CA,,2
3560,0,156.95,135.61,2017-08-14,4 - Soir,1 - Lundi,Sur place,CA,,9
3563,247,0.0,0.0,2017-08-15,,2 - Mardi,,CA,,0
3565,0,111.9,101.75,2017-08-15,2 - Midi,2 - Mardi,À emporter,CA,,7
3567,0,2547.88,2314.29,2017-08-15,2 - Midi,2 - Mardi,Livraison,CA,KM,5
3568,0,9.0,8.18,2017-08-15,2 - Midi,2 - Mardi,Sur place,CA,,1
3569,0,148.9,135.39,2017-08-15,2 - Midi,2 - Mardi,Sur place,CA,,8
3570,0,245.7,223.41,2017-08-15,2 - Midi,2 - Mardi,Sur place,CA,,11
3571,0,12.5,11.37,2017-08-15,3 - Après-midi,2 - Mardi,Sur place,CA,,1
3572,0,25.5,23.18,2017-08-15,4 - Soir,2 - Mardi,À emporter,CA,,1
3573,0,96.0,87.2,2017-08-15,4 - Soir,2 - Mardi,À emporter,CA,,6
3574,0,51.5,46.56,2017-08-15,4 - Soir,2 - Mardi,Livraison,CA,KM,1
3575,0,1.5,1.36,2017-08-15,4 - Soir,2 - Mardi,Sur place,CA,,1
3576,0,74.5,60.0,2017-08-15,4 - Soir,2 - Mardi,Sur place,CA,,3
3577,0,431.5,391.39,2017-08-15,4 - Soir,2 - Mardi,Sur place,CA,,20
3579,183,0.0,0.0,2017-08-16,,3 - Mercredi,,CA,,0
3581,0,26.5,24.09,2017-08-16,2 - Midi,3 - Mercredi,À emporter,CA,,1
3582,0,47.5,43.18,2017-08-16,2 - Midi,3 - Mercredi,À emporter,CA,,3
3583,0,204.4,185.53,2017-08-16,2 - Midi,3 - Mercredi,Sur place,CA,,14
3584,0,415.9,377.93,2017-08-16,2 - Midi,3 - Mercredi,Sur place,CA,,21
3585,0,1460.33,1327.28,2017-08-16,3 - Après-midi,3 - Mercredi,Livraison,CA,KM,6
3586,0,117.9,106.42,2017-08-16,4 - Soir,3 - Mercredi,À emporter,CA,,9
3587,0,431.0,380.95,2017-08-16,4 - Soir,3 - Mercredi,Sur place,CA,,13
3589,289,0.0,0.0,2017-08-17,,4 - Jeudi,,CA,,0
3592,0,63.75,57.72,2017-08-17,2 - Midi,4 - Jeudi,À emporter,CA,,5
3593,0,166.5,151.34,2017-08-17,2 - Midi,4 - Jeudi,À emporter,CA,,10
3595,0,1620.95,1473.42,2017-08-17,2 - Midi,4 - Jeudi,Livraison,CA,KM,5
3596,0,62.5,56.76,2017-08-17,2 - Midi,4 - Jeudi,Sur place,CA,,3
3597,0,254.5,231.41,2017-08-17,2 - Midi,4 - Jeudi,Sur place,CA,,16
3598,0,885.61,805.19,2017-08-17,2 - Midi,4 - Jeudi,Sur place,CA,,45
3599,0,75.5,68.66,2017-08-17,4 - Soir,4 - Jeudi,À emporter,CA,,4
3600,0,220.0,199.97,2017-08-17,4 - Soir,4 - Jeudi,À emporter,CA,,11
3601,0,177.47,161.37,2017-08-17,4 - Soir,4 - Jeudi,Livraison,CA,KM,1
3604,0,653.7,593.18,2017-08-17,4 - Soir,4 - Jeudi,Sur place,CA,,26
3606,289,0.0,0.0,2017-08-18,,5 - Vendredi,,CA,,0
3609,0,208.5,189.6,2017-08-18,2 - Midi,5 - Vendredi,À emporter,CA,,13
3610,0,1348.85,1226.11,2017-08-18,2 - Midi,5 - Vendredi,Livraison,CA,KM,3
3611,0,63.0,57.29,2017-08-18,2 - Midi,5 - Vendredi,Sur place,CA,,1
3612,0,991.6,899.4,2017-08-18,2 - Midi,5 - Vendredi,Sur place,CA,,58
3614,0,19.5,17.73,2017-08-18,3 - Après-midi,5 - Vendredi,Sur place,CA,,2
3615,0,161.0,146.34,2017-08-18,4 - Soir,5 - Vendredi,À emporter,CA,,3
3616,0,79.15,71.98,2017-08-18,4 - Soir,5 - Vendredi,À emporter,CA,,4
3618,0,787.29,715.6,2017-08-18,4 - Soir,5 - Vendredi,Livraison,CA,KM,3
3619,0,53.0,48.2,2017-08-18,4 - Soir,5 - Vendredi,Sur place,CA,,3
3620,0,101.5,92.31,2017-08-18,4 - Soir,5 - Vendredi,Sur place,CA,,5
3621,0,319.49,277.08,2017-08-18,4 - Soir,5 - Vendredi,Sur place,CA,,22
3624,287,0.0,0.0,2017-08-19,,6 - Samedi,,CA,,0
3627,0,35.9,32.65,2017-08-19,2 - Midi,6 - Samedi,À emporter,CA,,1
3628,0,126.5,115.03,2017-08-19,2 - Midi,6 - Samedi,À emporter,CA,,4
3629,0,59.9,54.45,2017-08-19,2 - Midi,6 - Samedi,Livraison,CA,KM,1
3630,0,119.9,109.01,2017-08-19,2 - Midi,6 - Samedi,Sur place,CA,,5
3631,0,983.85,891.94,2017-08-19,2 - Midi,6 - Samedi,Sur place,CA,,34
3633,0,15.5,14.1,2017-08-19,3 - Après-midi,6 - Samedi,À emporter,CA,,1
3634,0,1183.88,1076.13,2017-08-19,3 - Après-midi,6 - Samedi,Livraison,CA,KM,3
3635,0,77.0,70.01,2017-08-19,3 - Après-midi,6 - Samedi,Sur place,CA,,3
3636,0,87.0,79.01,2017-08-19,3 - Après-midi,6 - Samedi,Sur place,CA,,8
3637,0,164.0,149.12,2017-08-19,4 - Soir,6 - Samedi,À emporter,CA,,9
3638,0,788.5,716.71,2017-08-19,4 - Soir,6 - Samedi,Livraison,CA,KM,2
3640,0,611.2,554.86,2017-08-19,4 - Soir,6 - Samedi,Sur place,CA,,29
3642,236,0.0,0.0,2017-08-20,,7 - Dimanche,,CA,,0
3646,0,207.4,188.48,2017-08-20,4 - Soir,7 - Dimanche,À emporter,CA,,11
3647,0,2810.95,2554.27,2017-08-20,4 - Soir,7 - Dimanche,Livraison,CA,KM,6
3648,0,443.8,397.99,2017-08-20,4 - Soir,7 - Dimanche,Sur place,CA,,19
3650,198,0.0,0.0,2017-08-21,,1 - Lundi,,CA,,0
3653,0,55.75,50.61,2017-08-21,2 - Midi,1 - Lundi,À emporter,CA,,1
3654,0,38.77,35.25,2017-08-21,2 - Midi,1 - Lundi,À emporter,CA,,3
3655,0,63.5,57.76,2017-08-21,2 - Midi,1 - Lundi,À emporter,CA,,4
3657,0,1539.56,1398.31,2017-08-21,2 - Midi,1 - Lundi,Livraison,CA,KM,5
3658,0,37.37,33.1,2017-08-21,2 - Midi,1 - Lundi,Sur place,CA,,4
3659,0,131.0,119.12,2017-08-21,2 - Midi,1 - Lundi,Sur place,CA,,8
3660,0,353.3,321.28,2017-08-21,2 - Midi,1 - Lundi,Sur place,CA,,25
3661,0,15.5,14.09,2017-08-21,3 - Après-midi,1 - Lundi,À emporter,CA,,1
3662,0,-7.0,-7.0,2017-08-21,3 - Après-midi,1 - Lundi,Sur place,CA,,1
3663,0,149.0,135.49,2017-08-21,4 - Soir,1 - Lundi,À emporter,CA,,8
3664,0,159.46,145.0,2017-08-21,4 - Soir,1 - Lundi,Livraison,CA,KM,1
3665,0,356.3,316.52,2017-08-21,4 - Soir,1 - Lundi,Sur place,CA,,17
3667,207,0.0,0.0,2017-08-22,,2 - Mardi,,CA,,0
3670,0,25.0,22.74,2017-08-22,2 - Midi,2 - Mardi,À emporter,CA,,1
3671,0,117.5,106.83,2017-08-22,2 - Midi,2 - Mardi,À emporter,CA,,8
3672,0,1650.77,1500.29,2017-08-22,2 - Midi,2 - Mardi,Livraison,CA,KM,5
3673,0,828.61,746.36,2017-08-22,2 - Midi,2 - Mardi,Sur place,CA,,51
3675,0,11.5,9.92,2017-08-22,3 - Après-midi,2 - Mardi,Sur place,CA,,1
3677,0,60.0,54.54,2017-08-22,4 - Soir,2 - Mardi,À emporter,CA,,3
3678,0,23.0,20.91,2017-08-22,4 - Soir,2 - Mardi,Livraison,CA,KM,1
3679,0,246.46,216.38,2017-08-22,4 - Soir,2 - Mardi,Sur place,CA,,15
3682,202,0.0,0.0,2017-08-23,,3 - Mercredi,,CA,,0
3684,0,2.5,2.27,2017-08-23,2 - Midi,3 - Mercredi,À emporter,CA,,1
3685,0,65.5,59.56,2017-08-23,2 - Midi,3 - Mercredi,À emporter,CA,,4
3687,0,1671.43,1517.97,2017-08-23,2 - Midi,3 - Mercredi,Livraison,CA,KM,5
3688,0,28.0,25.46,2017-08-23,2 - Midi,3 - Mercredi,Sur place,CA,,1
3689,0,43.4,39.46,2017-08-23,2 - Midi,3 - Mercredi,Sur place,CA,,2
3690,0,168.0,152.77,2017-08-23,2 - Midi,3 - Mercredi,Sur place,CA,,7
3691,0,530.3,481.39,2017-08-23,2 - Midi,3 - Mercredi,Sur place,CA,,34
3693,0,25.0,22.74,2017-08-23,4 - Soir,3 - Mercredi,À emporter,CA,,2
3694,0,37.3,33.91,2017-08-23,4 - Soir,3 - Mercredi,À emporter,CA,,3
3695,0,97.0,88.15,2017-08-23,4 - Soir,3 - Mercredi,À emporter,CA,,6
3696,0,103.9,94.46,2017-08-23,4 - Soir,3 - Mercredi,Sur place,CA,,3
3697,0,213.4,193.85,2017-08-23,4 - Soir,3 - Mercredi,Sur place,CA,,5
3698,205,0.0,0.0,2017-08-24,,4 - Jeudi,,CA,,0
3700,0,144.9,131.76,2017-08-24,2 - Midi,4 - Jeudi,À emporter,CA,,10
3701,0,910.9,824.63,2017-08-24,2 - Midi,4 - Jeudi,Sur place,CA,,51
3703,0,1422.6,1291.83,2017-08-24,3 - Après-midi,4 - Jeudi,Livraison,CA,KM,6
3704,0,52.5,47.23,2017-08-24,4 - Soir,4 - Jeudi,À emporter,CA,,1
3705,0,148.0,134.51,2017-08-24,4 - Soir,4 - Jeudi,À emporter,CA,,7
3707,0,56.0,50.92,2017-08-24,4 - Soir,4 - Jeudi,Sur place,CA,,2
3708,0,312.0,273.28,2017-08-24,4 - Soir,4 - Jeudi,Sur place,CA,,17
3710,239,0.0,0.0,2017-08-25,,5 - Vendredi,,CA,,0
3713,0,25.0,22.74,2017-08-25,2 - Midi,5 - Vendredi,À emporter,CA,,1
3714,0,53.0,48.2,2017-08-25,2 - Midi,5 - Vendredi,À emporter,CA,,4
3715,0,146.5,133.2,2017-08-25,2 - Midi,5 - Vendredi,À emporter,CA,,9
3716,0,89.5,81.4,2017-08-25,2 - Midi,5 - Vendredi,Sur place,CA,,6
3717,0,323.5,293.57,2017-08-25,2 - Midi,5 - Vendredi,Sur place,CA,,19
3718,0,442.3,402.03,2017-08-25,2 - Midi,5 - Vendredi,Sur place,CA,,28
3719,0,1103.0,1002.58,2017-08-25,3 - Après-midi,5 - Vendredi,Livraison,CA,KM,3
3720,0,32.5,29.54,2017-08-25,3 - Après-midi,5 - Vendredi,Sur place,CA,,2
3721,0,227.0,206.4,2017-08-25,4 - Soir,5 - Vendredi,À emporter,CA,,9
3722,0,681.05,618.59,2017-08-25,4 - Soir,5 - Vendredi,Livraison,CA,KM,3
3723,0,435.0,385.84,2017-08-25,4 - Soir,5 - Vendredi,Sur place,CA,,19
3725,190,0.0,0.0,2017-08-26,,6 - Samedi,,CA,,0
3728,0,48.0,43.66,2017-08-26,2 - Midi,6 - Samedi,À emporter,CA,,3
3729,0,1569.2,1425.66,2017-08-26,2 - Midi,6 - Samedi,Livraison,CA,KM,4
3730,0,297.4,270.35,2017-08-26,2 - Midi,6 - Samedi,Sur place,CA,,11
3731,0,47.0,42.58,2017-08-26,3 - Après-midi,6 - Samedi,À emporter,CA,,3
3733,0,394.2,358.34,2017-08-26,3 - Après-midi,6 - Samedi,Livraison,CA,KM,1
3734,0,19.5,17.73,2017-08-26,3 - Après-midi,6 - Samedi,Sur place,CA,,1
3735,0,66.55,60.49,2017-08-26,3 - Après-midi,6 - Samedi,Sur place,CA,,3
3738,0,51.0,46.38,2017-08-26,4 - Soir,6 - Samedi,À emporter,CA,,4
3739,0,276.0,243.19,2017-08-26,4 - Soir,6 - Samedi,Sur place,CA,,13
3741,209,0.0,0.0,2017-08-27,,7 - Dimanche,,CA,,0
3743,0,31.0,28.18,2017-08-27,3 - Après-midi,7 - Dimanche,À emporter,CA,,1
3744,0,30.5,27.73,2017-08-27,3 - Après-midi,7 - Dimanche,Sur place,CA,,2
3745,0,132.0,120.02,2017-08-27,4 - Soir,7 - Dimanche,À emporter,CA,,7
3746,0,2693.3,2447.89,2017-08-27,4 - Soir,7 - Dimanche,Livraison,CA,KM,7
3748,0,297.5,265.11,2017-08-27,4 - Soir,7 - Dimanche,Sur place,CA,,19
3750,214,0.0,0.0,2017-08-28,,1 - Lundi,,CA,,0
3753,0,53.5,48.64,2017-08-28,2 - Midi,1 - Lundi,À emporter,CA,,4
3754,0,39.5,35.91,2017-08-28,2 - Midi,1 - Lundi,Sur place,CA,,2
3755,0,607.9,552.71,2017-08-28,2 - Midi,1 - Lundi,Sur place,CA,,39
3756,0,1722.69,1565.91,2017-08-28,3 - Après-midi,1 - Lundi,Livraison,CA,KM,4
3757,0,105.0,95.48,2017-08-28,4 - Soir,1 - Lundi,À emporter,CA,,7
3758,0,179.31,163.03,2017-08-28,4 - Soir,1 - Lundi,Livraison,CA,KM,2
3759,0,432.15,384.55,2017-08-28,4 - Soir,1 - Lundi,Sur place,CA,,19
3762,208,0.0,0.0,2017-08-29,,2 - Mardi,,CA,,0
3764,0,22.4,20.37,2017-08-29,2 - Midi,2 - Mardi,À emporter,CA,,2
3765,0,1651.57,1500.94,2017-08-29,2 - Midi,2 - Mardi,Livraison,CA,KM,6
3766,0,736.75,668.22,2017-08-29,2 - Midi,2 - Mardi,Sur place,CA,,48
3768,0,15.5,14.09,2017-08-29,3 - Après-midi,2 - Mardi,À emporter,CA,,1
3769,0,105.0,95.46,2017-08-29,4 - Soir,2 - Mardi,À emporter,CA,,4
3770,0,505.8,451.47,2017-08-29,4 - Soir,2 - Mardi,Sur place,CA,,19
3772,217,0.0,0.0,2017-08-30,,3 - Mercredi,,CA,,0
3775,0,12.5,11.37,2017-08-30,2 - Midi,3 - Mercredi,À emporter,CA,,1
3776,0,129.75,117.99,2017-08-30,2 - Midi,3 - Mercredi,À emporter,CA,,5
3778,0,1301.7,1183.26,2017-08-30,2 - Midi,3 - Mercredi,Livraison,CA,KM,5
3780,0,68.9,62.64,2017-08-30,2 - Midi,3 - Mercredi,Sur place,CA,,2
3781,0,83.9,76.29,2017-08-30,2 - Midi,3 - Mercredi,Sur place,CA,,4
3782,0,339.5,308.38,2017-08-30,2 - Midi,3 - Mercredi,Sur place,CA,,14
3783,0,362.73,328.41,2017-08-30,2 - Midi,3 - Mercredi,Sur place,CA,,21
3784,0,34.9,31.73,2017-08-30,3 - Après-midi,3 - Mercredi,À emporter,CA,,1
3785,0,205.4,183.87,2017-08-30,4 - Soir,3 - Mercredi,À emporter,CA,,11
3787,0,83.0,75.48,2017-08-30,4 - Soir,3 - Mercredi,Livraison,CA,KM,1
3788,0,514.5,458.82,2017-08-30,4 - Soir,3 - Mercredi,Sur place,CA,,31
3790,265,0.0,0.0,2017-08-31,,4 - Jeudi,,CA,,0
3793,0,156.0,141.88,2017-08-31,2 - Midi,4 - Jeudi,À emporter,CA,,10
3795,0,1765.79,1603.79,2017-08-31,2 - Midi,4 - Jeudi,Livraison,CA,KM,5
3796,0,1079.4,981.21,2017-08-31,2 - Midi,4 - Jeudi,Sur place,CA,,58
3798,0,25.0,22.74,2017-08-31,3 - Après-midi,4 - Jeudi,À emporter,CA,,1
3799,0,64.0,58.11,2017-08-31,4 - Soir,4 - Jeudi,À emporter,CA,,3
3800,0,138.0,125.49,2017-08-31,4 - Soir,4 - Jeudi,À emporter,CA,,6
3801,0,248.55,225.95,2017-08-31,4 - Soir,4 - Jeudi,Livraison,CA,KM,1
3802,0,115.3,97.04,2017-08-31,4 - Soir,4 - Jeudi,Sur place,CA,,5
3803,0,215.4,195.01,2017-08-31,4 - Soir,4 - Jeudi,Sur place,CA,,11
3805,319,0.0,0.0,2017-09-01,,5 - Vendredi,,CA,,0
3808,0,213.4,194.07,2017-09-01,2 - Midi,5 - Vendredi,À emporter,CA,,15
3809,0,1179.6,1072.48,2017-09-01,2 - Midi,5 - Vendredi,Sur place,CA,,68
3810,0,46.5,42.27,2017-09-01,3 - Après-midi,5 - Vendredi,À emporter,CA,,2
3811,0,2222.05,2019.93,2017-09-01,3 - Après-midi,5 - Vendredi,Livraison,CA,KM,5
3812,0,15.5,14.09,2017-09-01,4 - Soir,5 - Vendredi,À emporter,CA,,1
3813,0,77.5,70.39,2017-09-01,4 - Soir,5 - Vendredi,À emporter,CA,,3
3815,0,243.95,221.76,2017-09-01,4 - Soir,5 - Vendredi,Livraison,CA,KM,1
3816,0,27.5,25.0,2017-09-01,4 - Soir,5 - Vendredi,Sur place,CA,,2
3817,0,540.0,482.28,2017-09-01,4 - Soir,5 - Vendredi,Sur place,CA,,23
3819,305,0.0,0.0,2017-09-02,,6 - Samedi,,CA,,0
3823,0,204.5,185.85,2017-09-02,2 - Midi,6 - Samedi,À emporter,CA,,6
3825,0,1175.1,1067.17,2017-09-02,2 - Midi,6 - Samedi,Sur place,CA,,49
3827,0,4.5,4.09,2017-09-02,3 - Après-midi,6 - Samedi,À emporter,CA,,1
3828,0,2354.75,2139.07,2017-09-02,3 - Après-midi,6 - Samedi,Livraison,CA,KM,6
3830,0,71.5,64.18,2017-09-02,3 - Après-midi,6 - Samedi,Sur place,CA,,4
3831,0,93.0,84.5,2017-09-02,3 - Après-midi,6 - Samedi,Sur place,CA,,5
3832,0,164.0,149.02,2017-09-02,4 - Soir,6 - Samedi,À emporter,CA,,9
3833,0,458.49,405.38,2017-09-02,4 - Soir,6 - Samedi,Sur place,CA,,23
3835,241,0.0,0.0,2017-09-03,,7 - Dimanche,,CA,,0
3836,0,15.5,14.09,2017-09-03,3 - Après-midi,7 - Dimanche,À emporter,CA,,1
3837,0,843.0,766.3,2017-09-03,3 - Après-midi,7 - Dimanche,Livraison,CA,KM,1
3838,0,40.5,36.83,2017-09-03,3 - Après-midi,7 - Dimanche,Sur place,CA,,2
3840,0,145.5,132.3,2017-09-03,4 - Soir,7 - Dimanche,À emporter,CA,,8
3841,0,1603.84,1454.72,2017-09-03,4 - Soir,7 - Dimanche,Livraison,CA,KM,5
3842,0,612.5,556.75,2017-09-03,4 - Soir,7 - Dimanche,Sur place,CA,KM,1
3843,0,405.9,369.02,2017-09-03,4 - Soir,7 - Dimanche,Sur place,CA,,21
3844,201,0.0,0.0,2017-09-04,,1 - Lundi,,CA,,0
3846,0,25.0,22.74,2017-09-04,2 - Midi,1 - Lundi,À emporter,CA,,2
3847,0,103.2,92.71,2017-09-04,2 - Midi,1 - Lundi,À emporter,CA,,5
3850,0,1811.74,1646.87,2017-09-04,2 - Midi,1 - Lundi,Livraison,CA,KM,5
3851,0,154.5,140.49,2017-09-04,2 - Midi,1 - Lundi,Sur place,CA,,8
3852,0,609.4,537.43,2017-09-04,2 - Midi,1 - Lundi,Sur place,CA,,32
3854,0,1.5,1.36,2017-09-04,3 - Après-midi,1 - Lundi,Sur place,CA,,1
3855,0,187.0,169.71,2017-09-04,4 - Soir,1 - Lundi,À emporter,CA,,9
3856,0,60.5,55.0,2017-09-04,4 - Soir,1 - Lundi,Sur place,CA,,3
3857,215,0.0,0.0,2017-09-05,,2 - Mardi,,CA,,0
3859,0,147.9,134.4,2017-09-05,2 - Midi,2 - Mardi,À emporter,CA,,8
3860,0,743.0,671.3,2017-09-05,2 - Midi,2 - Mardi,Sur place,CA,,48
3862,0,1389.39,1262.88,2017-09-05,3 - Après-midi,2 - Mardi,Livraison,CA,KM,4
3863,0,16.0,14.55,2017-09-05,3 - Après-midi,2 - Mardi,Sur place,CA,,2
3864,0,98.4,87.85,2017-09-05,4 - Soir,2 - Mardi,À emporter,CA,,8
3866,0,373.01,338.99,2017-09-05,4 - Soir,2 - Mardi,Livraison,CA,KM,2
3867,0,326.5,295.75,2017-09-05,4 - Soir,2 - Mardi,Sur place,CA,,21
3868,263,0.0,0.0,2017-09-06,,3 - Mercredi,,CA,,0
3871,0,179.5,163.22,2017-09-06,2 - Midi,3 - Mercredi,À emporter,CA,,13
3873,0,1922.6,1745.71,2017-09-06,2 - Midi,3 - Mercredi,Livraison,CA,KM,5
3874,0,1287.5,1163.17,2017-09-06,2 - Midi,3 - Mercredi,Sur place,CA,,78
3877,0,19.5,17.07,2017-09-06,3 - Après-midi,3 - Mercredi,Sur place,CA,,3
3878,0,196.4,178.55,2017-09-06,4 - Soir,3 - Mercredi,À emporter,CA,,9
3879,0,12.0,10.9,2017-09-06,4 - Soir,3 - Mercredi,Livraison,CA,KM,1
3880,0,277.9,237.87,2017-09-06,4 - Soir,3 - Mercredi,Sur place,CA,,17
3882,225,0.0,0.0,2017-09-07,,4 - Jeudi,,CA,,0
3886,0,110.5,100.47,2017-09-07,2 - Midi,4 - Jeudi,À emporter,CA,,8
3887,0,907.05,819.28,2017-09-07,2 - Midi,4 - Jeudi,Sur place,CA,,57
3890,0,1510.1,1371.53,2017-09-07,3 - Après-midi,4 - Jeudi,Livraison,CA,KM,4
3891,0,35.5,32.27,2017-09-07,3 - Après-midi,4 - Jeudi,Sur place,CA,,2
3892,0,137.7,125.05,2017-09-07,4 - Soir,4 - Jeudi,À emporter,CA,,7
3893,0,348.0,316.38,2017-09-07,4 - Soir,4 - Jeudi,Livraison,CA,KM,2
3894,0,298.8,260.25,2017-09-07,4 - Soir,4 - Jeudi,Sur place,CA,,20
3896,346,0.0,0.0,2017-09-08,,5 - Vendredi,,CA,,0
3899,0,36.0,32.57,2017-09-08,2 - Midi,5 - Vendredi,À emporter,CA,,1
3900,0,170.5,154.51,2017-09-08,2 - Midi,5 - Vendredi,À emporter,CA,,12
3902,0,2245.1,2040.8,2017-09-08,2 - Midi,5 - Vendredi,Livraison,CA,KM,4
3904,0,419.5,381.24,2017-09-08,2 - Midi,5 - Vendredi,Sur place,CA,,24
3905,0,498.75,451.94,2017-09-08,2 - Midi,5 - Vendredi,Sur place,CA,,35
3909,0,678.3,616.57,2017-09-08,3 - Après-midi,5 - Vendredi,Livraison,CA,KM,1
3910,0,-100.0,-100.46,2017-09-08,3 - Après-midi,5 - Vendredi,Sur place,CA,,2
3911,0,262.9,239.04,2017-09-08,4 - Soir,5 - Vendredi,À emporter,CA,,11
3912,0,219.4,199.48,2017-09-08,4 - Soir,5 - Vendredi,Livraison,CA,KM,1
3913,0,589.3,526.31,2017-09-08,4 - Soir,5 - Vendredi,Sur place,CA,,37
3915,289,0.0,0.0,2017-09-09,,6 - Samedi,,CA,,0
3918,0,77.9,70.84,2017-09-09,2 - Midi,6 - Samedi,À emporter,CA,,4
3920,0,2961.96,2691.5,2017-09-09,2 - Midi,6 - Samedi,Livraison,CA,KM,6
3921,0,524.65,476.63,2017-09-09,2 - Midi,6 - Samedi,Sur place,CA,,26
3923,0,296.5,268.77,2017-09-09,3 - Après-midi,6 - Samedi,Sur place,CA,,18
3926,0,138.0,122.65,2017-09-09,4 - Soir,6 - Samedi,À emporter,CA,,8
3929,0,335.0,293.95,2017-09-09,4 - Soir,6 - Samedi,Sur place,CA,,15
3931,198,0.0,0.0,2017-09-10,,7 - Dimanche,,CA,,0
3933,0,31.0,28.18,2017-09-10,3 - Après-midi,7 - Dimanche,À emporter,CA,,1
3934,0,35.0,31.82,2017-09-10,3 - Après-midi,7 - Dimanche,Sur place,CA,,2
3935,0,202.55,184.16,2017-09-10,4 - Soir,7 - Dimanche,À emporter,CA,,9
3936,0,2471.4,2246.53,2017-09-10,4 - Soir,7 - Dimanche,Livraison,CA,KM,6
3937,0,260.12,231.88,2017-09-10,4 - Soir,7 - Dimanche,Sur place,CA,,12
3939,208,0.0,0.0,2017-09-11,,1 - Lundi,,CA,,0
3942,0,140.0,127.33,2017-09-11,2 - Midi,1 - Lundi,À emporter,CA,,7
3943,0,1382.5,1256.65,2017-09-11,2 - Midi,1 - Lundi,Livraison,CA,KM,5
3945,0,838.49,762.3,2017-09-11,2 - Midi,1 - Lundi,Sur place,CA,,46
3947,0,32.3,29.37,2017-09-11,3 - Après-midi,1 - Lundi,À emporter,CA,,1
3948,0,232.5,211.39,2017-09-11,3 - Après-midi,1 - Lundi,Livraison,CA,KM,1
3949,0,143.5,129.14,2017-09-11,4 - Soir,1 - Lundi,À emporter,CA,,7
3950,0,365.2,324.06,2017-09-11,4 - Soir,1 - Lundi,Sur place,CA,,26
3953,180,0.0,0.0,2017-09-12,,2 - Mardi,,CA,,0
3956,0,15.5,14.09,2017-09-12,2 - Midi,2 - Mardi,À emporter,CA,,1
3957,0,185.85,168.0,2017-09-12,2 - Midi,2 - Mardi,À emporter,CA,,14
3960,0,919.0,834.05,2017-09-12,2 - Midi,2 - Mardi,Livraison,CA,KM,3
3962,0,97.0,87.65,2017-09-12,2 - Midi,2 - Mardi,Sur place,CA,,6
3963,0,572.0,519.83,2017-09-12,2 - Midi,2 - Mardi,Sur place,CA,,35
3965,0,96.5,87.37,2017-09-12,3 - Après-midi,2 - Mardi,Sur place,CA,,2
3966,0,59.0,53.14,2017-09-12,4 - Soir,2 - Mardi,À emporter,CA,,3
3969,0,462.6,420.58,2017-09-12,4 - Soir,2 - Mardi,Livraison,CA,KM,2
3970,0,296.0,261.61,2017-09-12,4 - Soir,2 - Mardi,Sur place,CA,,14
3972,243,0.0,0.0,2017-09-13,,3 - Mercredi,,CA,,0
3973,0,53.0,48.18,2017-09-13,2 - Midi,3 - Mercredi,À emporter,CA,,4
3974,0,1555.0,1413.28,2017-09-13,2 - Midi,3 - Mercredi,Livraison,CA,KM,4
3975,0,1123.25,1017.15,2017-09-13,2 - Midi,3 - Mercredi,Sur place,CA,,62
3976,0,3.0,2.73,2017-09-13,3 - Après-midi,3 - Mercredi,Sur place,CA,,1
3977,0,133.0,120.91,2017-09-13,4 - Soir,3 - Mercredi,À emporter,CA,,7
3978,0,290.1,263.72,2017-09-13,4 - Soir,3 - Mercredi,Livraison,CA,KM,2
3980,0,421.4,382.72,2017-09-13,4 - Soir,3 - Mercredi,Sur place,CA,,26
3981,263,0.0,0.0,2017-09-14,,4 - Jeudi,,CA,,0
3983,0,72.5,65.92,2017-09-14,2 - Midi,4 - Jeudi,À emporter,CA,,4
3984,0,87.5,79.55,2017-09-14,2 - Midi,4 - Jeudi,À emporter,CA,,7
3985,0,264.45,240.02,2017-09-14,2 - Midi,4 - Jeudi,Livraison,CA,KM,6
3987,0,169.0,153.67,2017-09-14,2 - Midi,4 - Jeudi,Sur place,CA,,11
3988,0,518.71,468.5,2017-09-14,2 - Midi,4 - Jeudi,Sur place,CA,,36
3991,0,102.9,93.57,2017-09-14,3 - Après-midi,4 - Jeudi,À emporter,CA,,5
3992,0,13.5,12.28,2017-09-14,3 - Après-midi,4 - Jeudi,Sur place,CA,,1
3994,0,117.5,106.85,2017-09-14,4 - Soir,4 - Jeudi,À emporter,CA,,6
3996,0,2044.5,1857.65,2017-09-14,4 - Soir,4 - Jeudi,Livraison,CA,KM,7
3997,0,422.9,382.15,2017-09-14,4 - Soir,4 - Jeudi,Sur place,CA,,24
3998,276,0.0,0.0,2017-09-15,,5 - Vendredi,,CA,,0
4000,0,68.2,61.93,2017-09-15,2 - Midi,5 - Vendredi,À emporter,CA,,5
4001,0,8.5,7.73,2017-09-15,2 - Midi,5 - Vendredi,Sur place,CA,,1
4002,0,766.4,693.82,2017-09-15,2 - Midi,5 - Vendredi,Sur place,CA,,53
4005,0,14.5,13.18,2017-09-15,3 - Après-midi,5 - Vendredi,À emporter,CA,,1
4006,0,2043.9,1857.55,2017-09-15,3 - Après-midi,5 - Vendredi,Livraison,CA,KM,4
4008,0,213.4,193.98,2017-09-15,4 - Soir,5 - Vendredi,À emporter,CA,,9
4009,0,376.5,342.23,2017-09-15,4 - Soir,5 - Vendredi,Livraison,CA,KM,4
4011,0,524.16,475.89,2017-09-15,4 - Soir,5 - Vendredi,Sur place,CA,,31
4012,371,0.0,0.0,2017-09-16,,6 - Samedi,,CA,,0
4014,0,129.0,117.25,2017-09-16,2 - Midi,6 - Samedi,À emporter,CA,,6
4015,0,2856.3,2595.73,2017-09-16,2 - Midi,6 - Samedi,Livraison,CA,KM,4
4016,0,1122.9,1018.66,2017-09-16,2 - Midi,6 - Samedi,Sur place,CA,,59
4018,0,62.5,56.73,2017-09-16,3 - Après-midi,6 - Samedi,À emporter,CA,,3
4019,0,337.0,306.32,2017-09-16,3 - Après-midi,6 - Samedi,Livraison,CA,KM,1
4021,0,187.3,170.24,2017-09-16,3 - Après-midi,6 - Samedi,Sur place,CA,,10
4022,0,242.5,220.42,2017-09-16,4 - Soir,6 - Samedi,À emporter,CA,,12
4023,0,6.0,5.45,2017-09-16,4 - Soir,6 - Samedi,Livraison,CA,KM,1
4026,0,490.4,434.64,2017-09-16,4 - Soir,6 - Samedi,Sur place,CA,,18
4028,222,0.0,0.0,2017-09-17,,7 - Dimanche,,CA,,0
4030,0,5.5,5.0,2017-09-17,3 - Après-midi,7 - Dimanche,À emporter,CA,,1
4031,0,15.5,14.09,2017-09-17,3 - Après-midi,7 - Dimanche,Sur place,CA,,1
4033,0,168.5,153.08,2017-09-17,4 - Soir,7 - Dimanche,À emporter,CA,,9
4034,0,2571.39,2337.32,2017-09-17,4 - Soir,7 - Dimanche,Livraison,CA,KM,6
4035,0,545.9,495.14,2017-09-17,4 - Soir,7 - Dimanche,Sur place,CA,,26
4037,198,0.0,0.0,2017-09-18,,1 - Lundi,,CA,,0
4039,0,142.9,129.89,2017-09-18,2 - Midi,1 - Lundi,À emporter,CA,,10
4041,0,1027.7,933.92,2017-09-18,2 - Midi,1 - Lundi,Livraison,CA,KM,4
4042,0,1168.8,1059.4,2017-09-18,2 - Midi,1 - Lundi,Sur place,CA,,70
4045,0,80.9,72.96,2017-09-18,4 - Soir,1 - Lundi,À emporter,CA,,5
4047,0,197.75,179.74,2017-09-18,4 - Soir,1 - Lundi,Livraison,CA,KM,2
4048,0,277.52,240.53,2017-09-18,4 - Soir,1 - Lundi,Sur place,CA,,14
4050,195,0.0,0.0,2017-09-19,,2 - Mardi,,CA,,0
4053,0,22.4,20.36,2017-09-19,2 - Midi,2 - Mardi,À emporter,CA,,1
4054,0,126.0,114.52,2017-09-19,2 - Midi,2 - Mardi,À emporter,CA,,8
4055,0,26.5,24.08,2017-09-19,2 - Midi,2 - Mardi,Sur place,CA,,2
4056,0,137.5,124.98,2017-09-19,2 - Midi,2 - Mardi,Sur place,CA,,7
4057,0,635.71,577.21,2017-09-19,2 - Midi,2 - Mardi,Sur place,CA,,41
4060,0,665.3,604.79,2017-09-19,3 - Après-midi,2 - Mardi,Livraison,CA,KM,2
4061,0,30.5,27.72,2017-09-19,3 - Après-midi,2 - Mardi,Sur place,CA,,3
4062,0,189.0,171.63,2017-09-19,4 - Soir,2 - Mardi,À emporter,CA,,8
4063,0,883.22,802.84,2017-09-19,4 - Soir,2 - Mardi,Livraison,CA,KM,4
4064,0,168.0,144.85,2017-09-19,4 - Soir,2 - Mardi,Sur place,CA,,10
4066,200,0.0,0.0,2017-09-20,,3 - Mercredi,,CA,,0
4069,0,209.3,190.25,2017-09-20,2 - Midi,3 - Mercredi,À emporter,CA,,12
4070,0,988.0,897.7,2017-09-20,2 - Midi,3 - Mercredi,Livraison,CA,KM,2
4071,0,710.3,645.19,2017-09-20,2 - Midi,3 - Mercredi,Sur place,CA,,41
4073,0,362.9,329.88,2017-09-20,3 - Après-midi,3 - Mercredi,Livraison,CA,KM,1
4074,0,154.5,140.42,2017-09-20,4 - Soir,3 - Mercredi,À emporter,CA,,7
4075,0,366.81,333.42,2017-09-20,4 - Soir,3 - Mercredi,Livraison,CA,KM,3
4076,0,156.5,133.92,2017-09-20,4 - Soir,3 - Mercredi,Sur place,CA,,8
4078,346,0.0,0.0,2017-09-21,,4 - Jeudi,,CA,,0
4081,0,106.0,96.34,2017-09-21,2 - Midi,4 - Jeudi,À emporter,CA,,7
4082,0,861.04,781.92,2017-09-21,2 - Midi,4 - Jeudi,Sur place,CA,,53
4083,0,3066.35,2785.12,2017-09-21,3 - Après-midi,4 - Jeudi,Livraison,CA,KM,4
4085,0,32.0,28.55,2017-09-21,3 - Après-midi,4 - Jeudi,Sur place,CA,,3
4086,0,217.5,197.62,2017-09-21,4 - Soir,4 - Jeudi,À emporter,CA,,9
4087,0,283.0,255.91,2017-09-21,4 - Soir,4 - Jeudi,Livraison,CA,KM,1
4088,0,414.5,375.91,2017-09-21,4 - Soir,4 - Jeudi,Sur place,CA,,22
4090,376,0.0,0.0,2017-09-22,,5 - Vendredi,,CA,,0
4093,0,3.0,2.72,2017-09-22,1 - Matin,5 - Vendredi,À emporter,CA,,2
4094,0,155.5,141.33,2017-09-22,2 - Midi,5 - Vendredi,À emporter,CA,,11
4095,0,799.07,725.21,2017-09-22,2 - Midi,5 - Vendredi,Livraison,CA,KM,2
4096,0,1631.6,1483.01,2017-09-22,2 - Midi,5 - Vendredi,Livraison,CA,,1
4097,0,1087.65,982.88,2017-09-22,2 - Midi,5 - Vendredi,Sur place,CA,,69
4100,0,26.0,23.55,2017-09-22,3 - Après-midi,5 - Vendredi,Sur place,CA,,1
4101,0,132.5,120.44,2017-09-22,4 - Soir,5 - Vendredi,À emporter,CA,,6
4102,0,1230.3,1117.72,2017-09-22,4 - Soir,5 - Vendredi,Livraison,CA,KM,3
4103,0,412.4,373.33,2017-09-22,4 - Soir,5 - Vendredi,Sur place,CA,,23
4105,402,0.0,0.0,2017-09-23,,6 - Samedi,,CA,,0
4108,0,93.0,84.54,2017-09-23,2 - Midi,6 - Samedi,À emporter,CA,,6
4109,0,1867.86,1697.51,2017-09-23,2 - Midi,6 - Samedi,Livraison,CA,KM,3
4110,0,2108.8,1916.69,2017-09-23,2 - Midi,6 - Samedi,Livraison,CA,,1
4111,0,807.2,733.13,2017-09-23,2 - Midi,6 - Samedi,Sur place,CA,,44
4113,0,34.0,30.92,2017-09-23,3 - Après-midi,6 - Samedi,À emporter,CA,,1
4114,0,24.5,22.27,2017-09-23,3 - Après-midi,6 - Samedi,À emporter,CA,,2
4115,0,-2.59,-5.87,2017-09-23,3 - Après-midi,6 - Samedi,Sur place,CA,,5
4116,0,133.6,121.9,2017-09-23,3 - Après-midi,6 - Samedi,Sur place,CA,,10
4119,0,239.9,217.75,2017-09-23,4 - Soir,6 - Samedi,À emporter,CA,,11
4120,0,419.4,381.23,2017-09-23,4 - Soir,6 - Samedi,Livraison,CA,KM,2
4121,0,94.75,80.13,2017-09-23,4 - Soir,6 - Samedi,Sur place,CA,,8
4124,266,0.0,0.0,2017-09-24,,7 - Dimanche,,CA,,0
4126,0,558.3,505.82,2017-09-24,3 - Après-midi,7 - Dimanche,Livraison,CA,KM,1
4128,0,36.0,30.9,2017-09-24,3 - Après-midi,7 - Dimanche,Sur place,CA,,3
4129,0,259.0,234.88,2017-09-24,4 - Soir,7 - Dimanche,À emporter,CA,,12
4130,0,1031.9,937.98,2017-09-24,4 - Soir,7 - Dimanche,Livraison,CA,KM,2
4131,0,1639.3,1490.03,2017-09-24,4 - Soir,7 - Dimanche,Livraison,CA,,2
4132,0,481.3,436.28,2017-09-24,4 - Soir,7 - Dimanche,Sur place,CA,,22
4133,215,0.0,0.0,2017-09-25,,1 - Lundi,,CA,,0
4135,0,176.65,160.56,2017-09-25,2 - Midi,1 - Lundi,À emporter,CA,,13
4137,0,633.35,576.52,2017-09-25,2 - Midi,1 - Lundi,Sur place,CA,,40
4139,0,11.0,10.0,2017-09-25,3 - Après-midi,1 - Lundi,À emporter,CA,,1
4140,-17,0.0,0.0,2017-09-25,4 - Soir,1 - Lundi,,CA,,0
4143,0,92.18,83.79,2017-09-25,4 - Soir,1 - Lundi,À emporter,CA,,5
4144,0,1728.05,1569.23,2017-09-25,4 - Soir,1 - Lundi,Livraison,CA,KM,7
4146,0,266.8,242.14,2017-09-25,4 - Soir,1 - Lundi,Sur place,CA,,17
4148,230,0.0,0.0,2017-09-26,,2 - Mardi,,CA,,0
4151,0,87.14,79.12,2017-09-26,2 - Midi,2 - Mardi,À emporter,CA,,6
4152,0,994.8,900.87,2017-09-26,2 - Midi,2 - Mardi,Sur place,CA,,63
4155,0,14.0,12.72,2017-09-26,3 - Après-midi,2 - Mardi,À emporter,CA,,1
4156,0,1530.55,1390.87,2017-09-26,3 - Après-midi,2 - Mardi,Livraison,CA,KM,5
4157,0,37.5,34.08,2017-09-26,3 - Après-midi,2 - Mardi,Sur place,CA,,1
4158,-14,0.0,0.0,2017-09-26,4 - Soir,2 - Mardi,,CA,,0
4161,0,117.0,105.9,2017-09-26,4 - Soir,2 - Mardi,À emporter,CA,,6
4162,0,106.9,97.17,2017-09-26,4 - Soir,2 - Mardi,Livraison,CA,KM,1
4163,0,275.54,252.94,2017-09-26,4 - Soir,2 - Mardi,Sur place,CA,,12
4165,259,0.0,0.0,2017-09-27,,3 - Mercredi,,CA,,0
4167,0,121.1,110.08,2017-09-27,2 - Midi,3 - Mercredi,À emporter,CA,,4
4168,0,1752.5,1592.74,2017-09-27,2 - Midi,3 - Mercredi,Livraison,CA,KM,4
4170,0,802.4,727.12,2017-09-27,2 - Midi,3 - Mercredi,Sur place,CA,,49
4171,0,12.5,11.36,2017-09-27,3 - Après-midi,3 - Mercredi,Sur place,CA,,1
4172,-12,0.0,0.0,2017-09-27,4 - Soir,3 - Mercredi,,CA,,0
4176,0,114.5,104.08,2017-09-27,4 - Soir,3 - Mercredi,À emporter,CA,,7
4177,0,604.15,549.18,2017-09-27,4 - Soir,3 - Mercredi,Livraison,CA,KM,2
4178,0,226.0,204.71,2017-09-27,4 - Soir,3 - Mercredi,Sur place,CA,,13
4180,279,0.0,0.0,2017-09-28,,4 - Jeudi,,CA,,0
4182,0,224.7,204.25,2017-09-28,2 - Midi,4 - Jeudi,À emporter,CA,,15
4183,0,2328.95,2115.62,2017-09-28,2 - Midi,4 - Jeudi,Livraison,CA,KM,6
4185,0,689.3,624.5,2017-09-28,2 - Midi,4 - Jeudi,Sur place,CA,,37
4186,0,15.5,14.09,2017-09-28,3 - Après-midi,4 - Jeudi,Sur place,CA,,1
4187,-12,0.0,0.0,2017-09-28,4 - Soir,4 - Jeudi,,CA,,0
4190,0,228.0,207.16,2017-09-28,4 - Soir,4 - Jeudi,À emporter,CA,,13
4192,0,486.55,440.36,2017-09-28,4 - Soir,4 - Jeudi,Sur place,CA,,26
4195,336,0.0,0.0,2017-09-29,,5 - Vendredi,,CA,,0
4198,0,221.5,201.12,2017-09-29,2 - Midi,5 - Vendredi,À emporter,CA,,13
4199,0,2354.98,2139.93,2017-09-29,2 - Midi,5 - Vendredi,Livraison,CA,KM,6
4201,0,901.6,818.77,2017-09-29,2 - Midi,5 - Vendredi,Sur place,CA,,63
4202,-14,0.0,0.0,2017-09-29,4 - Soir,5 - Vendredi,,CA,,0
4205,0,465.4,422.95,2017-09-29,4 - Soir,5 - Vendredi,À emporter,CA,,17
4206,0,637.8,578.69,2017-09-29,4 - Soir,5 - Vendredi,Sur place,CA,,30
4208,381,0.0,0.0,2017-09-30,,6 - Samedi,,CA,,0
4211,0,1077.85,978.24,2017-09-30,2 - Midi,6 - Samedi,Sur place,CA,,47
4213,0,67.5,61.37,2017-09-30,3 - Après-midi,6 - Samedi,À emporter,CA,,3
4214,0,3457.8,3139.45,2017-09-30,3 - Après-midi,6 - Samedi,Livraison,CA,KM,6
4216,0,164.0,149.05,2017-09-30,3 - Après-midi,6 - Samedi,Sur place,CA,,9
4217,-12,0.0,0.0,2017-09-30,4 - Soir,6 - Samedi,,CA,,0
4220,0,321.9,292.62,2017-09-30,4 - Soir,6 - Samedi,À emporter,CA,,12
4222,0,297.7,270.25,2017-09-30,4 - Soir,6 - Samedi,Sur place,CA,,16
4224,246,0.0,0.0,2017-10-01,,7 - Dimanche,,CA,,0
4227,0,25.0,22.72,2017-10-01,3 - Après-midi,7 - Dimanche,À emporter,CA,,1
4228,0,2343.0,2129.32,2017-10-01,3 - Après-midi,7 - Dimanche,Livraison,CA,KM,4
4229,0,32.5,29.55,2017-10-01,3 - Après-midi,7 - Dimanche,Sur place,CA,,1
4230,-6,0.0,0.0,2017-10-01,4 - Soir,7 - Dimanche,,CA,,0
4234,0,321.9,292.59,2017-10-01,4 - Soir,7 - Dimanche,À emporter,CA,,13
4235,0,585.9,532.56,2017-10-01,4 - Soir,7 - Dimanche,Livraison,CA,KM,2
4236,0,304.8,275.88,2017-10-01,4 - Soir,7 - Dimanche,Sur place,CA,,18
4239,205,0.0,0.0,2017-10-02,,1 - Lundi,,CA,,0
4242,0,1.5,1.36,2017-10-02,1 - Matin,1 - Lundi,Sur place,CA,,1
4243,0,69.3,63.0,2017-10-02,2 - Midi,1 - Lundi,À emporter,CA,,6
4244,0,1866.12,1695.28,2017-10-02,2 - Midi,1 - Lundi,Livraison,CA,KM,6
4246,0,438.7,398.67,2017-10-02,2 - Midi,1 - Lundi,Sur place,CA,,29
4247,0,-31.25,-31.25,2017-10-02,3 - Après-midi,1 - Lundi,Limonade,CA,,1
4248,-10,0.0,0.0,2017-10-02,4 - Soir,1 - Lundi,,CA,,0
4251,0,100.0,90.89,2017-10-02,4 - Soir,1 - Lundi,À emporter,CA,,3
4252,0,93.5,84.97,2017-10-02,4 - Soir,1 - Lundi,Limonade,CA,,6
4253,0,62.0,56.37,2017-10-02,4 - Soir,1 - Lundi,Livraison,CA,KM,2
4254,0,188.9,171.24,2017-10-02,4 - Soir,1 - Lundi,Sur place,CA,,10
4257,234,0.0,0.0,2017-10-03,,2 - Mardi,,CA,,0
4260,0,123.0,111.81,2017-10-03,2 - Midi,2 - Mardi,À emporter,CA,,9
4261,0,12.5,11.36,2017-10-03,2 - Midi,2 - Mardi,Limonade,CA,,1
4262,0,128.5,116.79,2017-10-03,2 - Midi,2 - Mardi,Limonade,CA,,9
4263,0,1605.5,1459.13,2017-10-03,2 - Midi,2 - Mardi,Livraison,CA,KM,4
4264,0,82.0,73.94,2017-10-03,2 - Midi,2 - Mardi,Sur place,CA,,6
4265,0,663.3,599.71,2017-10-03,2 - Midi,2 - Mardi,Sur place,CA,,44
4267,0,5.0,4.55,2017-10-03,3 - Après-midi,2 - Mardi,Limonade,CA,,1
4268,0,21.0,19.09,2017-10-03,3 - Après-midi,2 - Mardi,Sur place,CA,,1
4269,-12,0.0,0.0,2017-10-03,4 - Soir,2 - Mardi,,CA,,0
4272,0,115.0,104.54,2017-10-03,4 - Soir,2 - Mardi,À emporter,CA,,6
4273,0,44.5,40.44,2017-10-03,4 - Soir,2 - Mardi,Limonade,CA,,3
4274,0,265.95,241.22,2017-10-03,4 - Soir,2 - Mardi,Livraison,CA,KM,1
4275,0,128.75,116.86,2017-10-03,4 - Soir,2 - Mardi,Sur place,CA,,7
4277,250,0.0,0.0,2017-10-04,,3 - Mercredi,,CA,,0
4280,0,4.0,3.63,2017-10-04,1 - Matin,3 - Mercredi,Limonade,CA,,1
4281,0,184.3,167.53,2017-10-04,2 - Midi,3 - Mercredi,À emporter,CA,,10
4282,0,93.0,84.52,2017-10-04,2 - Midi,3 - Mercredi,Limonade,CA,,12
4284,0,1999.8,1816.39,2017-10-04,2 - Midi,3 - Mercredi,Livraison,CA,KM,5
4285,0,796.1,721.72,2017-10-04,2 - Midi,3 - Mercredi,Sur place,CA,,32
4287,-11,0.0,0.0,2017-10-04,4 - Soir,3 - Mercredi,,CA,,0
4290,0,68.8,62.54,2017-10-04,4 - Soir,3 - Mercredi,À emporter,CA,,3
4291,0,14.0,12.72,2017-10-04,4 - Soir,3 - Mercredi,Limonade,CA,,2
4292,0,223.65,203.3,2017-10-04,4 - Soir,3 - Mercredi,Livraison,CA,KM,1
4293,0,168.4,152.82,2017-10-04,4 - Soir,3 - Mercredi,Sur place,CA,,8
4295,277,0.0,0.0,2017-10-05,,4 - Jeudi,,CA,,0
4298,0,144.9,131.55,2017-10-05,2 - Midi,4 - Jeudi,À emporter,CA,,8
4299,0,57.5,52.26,2017-10-05,2 - Midi,4 - Jeudi,Limonade,CA,,6
4300,0,2209.35,2005.48,2017-10-05,2 - Midi,4 - Jeudi,Livraison,CA,KM,5
4301,0,13.5,12.19,2017-10-05,2 - Midi,4 - Jeudi,Sur place,CA,KM,1
4302,0,983.4,892.61,2017-10-05,2 - Midi,4 - Jeudi,Sur place,CA,,58
4304,0,12.5,11.36,2017-10-05,3 - Après-midi,4 - Jeudi,À emporter,CA,,1
4305,0,-9.76,-9.76,2017-10-05,3 - Après-midi,4 - Jeudi,Limonade,CA,,1
4306,0,38.5,34.99,2017-10-05,3 - Après-midi,4 - Jeudi,Sur place,CA,,2
4307,-11,0.0,0.0,2017-10-05,4 - Soir,4 - Jeudi,,CA,,0
4310,0,249.4,226.69,2017-10-05,4 - Soir,4 - Jeudi,À emporter,CA,,14
4311,0,53.0,48.09,2017-10-05,4 - Soir,4 - Jeudi,Limonade,CA,,5
4312,0,29.5,26.81,2017-10-05,4 - Soir,4 - Jeudi,Livraison,CA,KM,1
4313,0,172.0,156.18,2017-10-05,4 - Soir,4 - Jeudi,Sur place,CA,,7
4315,355,0.0,0.0,2017-10-06,,5 - Vendredi,,CA,,0
4318,0,50.25,45.67,2017-10-06,2 - Midi,5 - Vendredi,À emporter,CA,,3
4319,0,196.6,178.53,2017-10-06,2 - Midi,5 - Vendredi,Limonade,CA,,17
4320,0,631.65,573.82,2017-10-06,2 - Midi,5 - Vendredi,Livraison,CA,KM,5
4322,0,657.8,593.34,2017-10-06,2 - Midi,5 - Vendredi,Sur place,CA,,38
4323,0,11.5,10.45,2017-10-06,3 - Après-midi,5 - Vendredi,À emporter,CA,,1
4324,-12,0.0,0.0,2017-10-06,4 - Soir,5 - Vendredi,,CA,,0
4327,0,164.5,149.02,2017-10-06,4 - Soir,5 - Vendredi,À emporter,CA,,7
4329,0,62.5,56.8,2017-10-06,4 - Soir,5 - Vendredi,Limonade,CA,,4
4330,0,572.4,520.3,2017-10-06,4 - Soir,5 - Vendredi,Livraison,CA,KM,2
4331,0,2497.95,2269.27,2017-10-06,4 - Soir,5 - Vendredi,Livraison,CA,,4
4332,0,254.6,231.09,2017-10-06,4 - Soir,5 - Vendredi,Sur place,CA,,14
4334,404,0.0,0.0,2017-10-07,,6 - Samedi,,CA,,0
4337,0,181.5,164.98,2017-10-07,2 - Midi,6 - Samedi,À emporter,CA,,9
4338,0,159.0,144.5,2017-10-07,2 - Midi,6 - Samedi,Limonade,CA,,12
4339,0,1467.7,1333.74,2017-10-07,2 - Midi,6 - Samedi,Sur place,CA,,63
4340,0,69.5,63.17,2017-10-07,3 - Après-midi,6 - Samedi,Limonade,CA,,9
4341,0,3070.4,2790.22,2017-10-07,3 - Après-midi,6 - Samedi,Livraison,CA,KM,6
4342,0,49.0,44.53,2017-10-07,3 - Après-midi,6 - Samedi,Sur place,CA,,2
4343,-14,0.0,0.0,2017-10-07,4 - Soir,6 - Samedi,,CA,,0
4346,0,119.5,108.53,2017-10-07,4 - Soir,6 - Samedi,À emporter,CA,,4
4348,0,89.0,80.89,2017-10-07,4 - Soir,6 - Samedi,Limonade,CA,,8
4349,0,400.4,363.71,2017-10-07,4 - Soir,6 - Samedi,Sur place,CA,,16
4351,222,0.0,0.0,2017-10-08,,7 - Dimanche,,CA,,0
4353,0,22.0,20.01,2017-10-08,3 - Après-midi,7 - Dimanche,Limonade,CA,,2
4354,0,66.0,59.72,2017-10-08,3 - Après-midi,7 - Dimanche,Sur place,CA,,3
4355,-7,0.0,0.0,2017-10-08,4 - Soir,7 - Dimanche,,CA,,0
4358,0,200.9,182.62,2017-10-08,4 - Soir,7 - Dimanche,À emporter,CA,,8
4359,0,54.0,49.08,2017-10-08,4 - Soir,7 - Dimanche,Limonade,CA,,4
4360,0,2796.85,2541.4,2017-10-08,4 - Soir,7 - Dimanche,Livraison,CA,KM,6
4361,0,85.5,77.65,2017-10-08,4 - Soir,7 - Dimanche,Sur place,CA,,4
4363,209,0.0,0.0,2017-10-09,,1 - Lundi,,CA,,0
4365,0,57.25,52.04,2017-10-09,2 - Midi,1 - Lundi,À emporter,CA,,4
4366,0,56.0,50.89,2017-10-09,2 - Midi,1 - Lundi,Limonade,CA,,5
4367,0,246.9,224.45,2017-10-09,2 - Midi,1 - Lundi,Livraison,CA,KM,2
4369,0,656.7,596.04,2017-10-09,2 - Midi,1 - Lundi,Sur place,CA,,38
4371,0,62.76,62.76,2017-10-09,3 - Après-midi,1 - Lundi,Limonade,CA,,1
4372,0,232.4,211.26,2017-10-09,3 - Après-midi,1 - Lundi,Livraison,CA,KM,2
4373,0,32.0,29.09,2017-10-09,3 - Après-midi,1 - Lundi,Sur place,CA,,1
4374,0,75.0,68.09,2017-10-09,4 - Soir,1 - Lundi,À emporter,CA,,3
4375,0,3.0,2.73,2017-10-09,4 - Soir,1 - Lundi,Limonade,CA,,1
4376,0,1591.75,1446.5,2017-10-09,4 - Soir,1 - Lundi,Livraison,CA,KM,6
4377,0,156.4,142.15,2017-10-09,4 - Soir,1 - Lundi,Sur place,CA,,10
4378,266,0.0,0.0,2017-10-10,,2 - Mardi,,CA,,0
4382,0,34.9,31.73,2017-10-10,1 - Matin,2 - Mardi,Sur place,CA,,1
4383,0,87.0,79.07,2017-10-10,2 - Midi,2 - Mardi,À emporter,CA,,6
4384,0,110.0,99.96,2017-10-10,2 - Midi,2 - Mardi,Limonade,CA,,9
4385,0,363.9,330.78,2017-10-10,2 - Midi,2 - Mardi,Livraison,CA,KM,4
4387,0,705.55,640.56,2017-10-10,2 - Midi,2 - Mardi,Sur place,CA,,49
4390,0,13.5,12.27,2017-10-10,3 - Après-midi,2 - Mardi,À emporter,CA,,1
4391,0,11.5,10.45,2017-10-10,3 - Après-midi,2 - Mardi,Sur place,CA,,1
4392,0,37.5,34.08,2017-10-10,3 - Après-midi,2 - Mardi,Sur place,CA,,2
4394,-12,0.0,0.0,2017-10-10,4 - Soir,2 - Mardi,,CA,,0
4397,0,85.5,77.73,2017-10-10,4 - Soir,2 - Mardi,À emporter,CA,KM,2
4398,0,115.5,103.91,2017-10-10,4 - Soir,2 - Mardi,À emporter,CA,,6
4399,0,91.41,83.21,2017-10-10,4 - Soir,2 - Mardi,Limonade,CA,,8
4400,0,1772.95,1609.87,2017-10-10,4 - Soir,2 - Mardi,Livraison,CA,KM,5
4402,0,411.0,372.56,2017-10-10,4 - Soir,2 - Mardi,Sur place,CA,,22
4404,292,0.0,0.0,2017-10-11,,3 - Mercredi,,CA,,0
4407,0,131.25,118.17,2017-10-11,2 - Midi,3 - Mercredi,À emporter,CA,,9
4410,0,89.5,81.15,2017-10-11,2 - Midi,3 - Mercredi,Limonade,CA,,7
4411,0,552.6,502.27,2017-10-11,2 - Midi,3 - Mercredi,Livraison,CA,KM,3
4412,0,716.25,650.25,2017-10-11,2 - Midi,3 - Mercredi,Sur place,CA,,44
4414,0,59.0,53.63,2017-10-11,3 - Après-midi,3 - Mercredi,À emporter,CA,,3
4415,0,32.5,29.54,2017-10-11,3 - Après-midi,3 - Mercredi,Limonade,CA,,2
4416,0,14.4,12.75,2017-10-11,3 - Après-midi,3 - Mercredi,Sur place,CA,,1
4417,-11,0.0,0.0,2017-10-11,4 - Soir,3 - Mercredi,,CA,,0
4420,0,73.5,66.81,2017-10-11,4 - Soir,3 - Mercredi,À emporter,CA,KM,1
4421,0,224.9,204.25,2017-10-11,4 - Soir,3 - Mercredi,À emporter,CA,,11
4422,0,63.0,57.27,2017-10-11,4 - Soir,3 - Mercredi,Limonade,CA,,4
4423,0,1893.18,1717.0,2017-10-11,4 - Soir,3 - Mercredi,Livraison,CA,KM,5
4425,0,323.4,293.67,2017-10-11,4 - Soir,3 - Mercredi,Sur place,CA,,16
4427,258,0.0,0.0,2017-10-12,,4 - Jeudi,,CA,,0
4430,0,91.0,82.73,2017-10-12,2 - Midi,4 - Jeudi,À emporter,CA,,6
4431,0,159.0,142.72,2017-10-12,2 - Midi,4 - Jeudi,Limonade,CA,,14
4432,0,491.9,447.04,2017-10-12,2 - Midi,4 - Jeudi,Livraison,CA,KM,5
4433,0,815.25,737.84,2017-10-12,2 - Midi,4 - Jeudi,Sur place,CA,,43
4435,-10,0.0,0.0,2017-10-12,4 - Soir,4 - Jeudi,,CA,,0
4438,0,28.0,25.46,2017-10-12,4 - Soir,4 - Jeudi,À emporter,CA,KM,1
4439,0,64.95,59.03,2017-10-12,4 - Soir,4 - Jeudi,À emporter,CA,,4
4441,0,25.0,22.72,2017-10-12,4 - Soir,4 - Jeudi,Limonade,CA,,2
4442,0,1622.82,1474.73,2017-10-12,4 - Soir,4 - Jeudi,Livraison,CA,KM,5
4443,0,400.5,361.02,2017-10-12,4 - Soir,4 - Jeudi,Sur place,CA,,18
4446,373,0.0,0.0,2017-10-13,,5 - Vendredi,,CA,,0
4449,0,87.0,79.08,2017-10-13,2 - Midi,5 - Vendredi,À emporter,CA,,6
4450,0,125.4,113.94,2017-10-13,2 - Midi,5 - Vendredi,À emporter,CA,,9
4452,0,14.0,12.72,2017-10-13,2 - Midi,5 - Vendredi,Limonade,CA,,1
4453,0,85.0,76.64,2017-10-13,2 - Midi,5 - Vendredi,Limonade,CA,,9
4454,0,460.4,418.49,2017-10-13,2 - Midi,5 - Vendredi,Livraison,CA,KM,4
4455,0,1123.7,1018.9,2017-10-13,2 - Midi,5 - Vendredi,Sur place,CA,,36
4456,0,43.0,38.89,2017-10-13,3 - Après-midi,5 - Vendredi,Sur place,CA,,3
4457,0,27.5,24.99,2017-10-13,4 - Soir,5 - Vendredi,À emporter,CA,,1
4458,0,259.2,235.61,2017-10-13,4 - Soir,5 - Vendredi,À emporter,CA,,10
4459,0,72.0,65.44,2017-10-13,4 - Soir,5 - Vendredi,Limonade,CA,,6
4460,0,178.0,161.81,2017-10-13,4 - Soir,5 - Vendredi,Livraison,CA,KM,1
4461,0,766.82,695.9,2017-10-13,4 - Soir,5 - Vendredi,Livraison,CA,KM,2
4462,0,1552.9,1411.19,2017-10-13,4 - Soir,5 - Vendredi,Livraison,CA,,2
4463,0,666.5,603.79,2017-10-13,4 - Soir,5 - Vendredi,Sur place,CA,,23
4465,416,0.0,0.0,2017-10-14,,6 - Samedi,,CA,,0
4468,0,102.5,93.16,2017-10-14,2 - Midi,6 - Samedi,À emporter,CA,,3
4469,0,91.5,83.08,2017-10-14,2 - Midi,6 - Samedi,Limonade,CA,,11
4470,0,1087.2,987.58,2017-10-14,2 - Midi,6 - Samedi,Sur place,CA,,54
4471,0,12.5,11.36,2017-10-14,3 - Après-midi,6 - Samedi,À emporter,CA,KM,1
4472,0,16.5,15.0,2017-10-14,3 - Après-midi,6 - Samedi,À emporter,CA,,1
4473,0,26.5,24.09,2017-10-14,3 - Après-midi,6 - Samedi,À emporter,CA,,2
4475,0,65.63,59.38,2017-10-14,3 - Après-midi,6 - Samedi,Limonade,CA,,5
4477,0,738.35,671.02,2017-10-14,3 - Après-midi,6 - Samedi,Livraison,CA,KM,4
4478,0,753.6,685.0,2017-10-14,3 - Après-midi,6 - Samedi,Livraison,CA,,1
4479,0,50.4,45.81,2017-10-14,3 - Après-midi,6 - Samedi,Sur place,CA,,2
4480,0,66.4,60.35,2017-10-14,3 - Après-midi,6 - Samedi,Sur place,CA,,3
4481,0,474.9,431.17,2017-10-14,4 - Soir,6 - Samedi,À emporter,CA,,15
4483,0,14.5,13.18,2017-10-14,4 - Soir,6 - Samedi,Limonade,CA,,2
4484,0,416.3,378.36,2017-10-14,4 - Soir,6 - Samedi,Livraison,CA,KM,1
4485,0,1875.26,1703.92,2017-10-14,4 - Soir,6 - Samedi,Livraison,CA,,4
4486,0,366.3,308.28,2017-10-14,4 - Soir,6 - Samedi,Sur place,CA,,11
4488,236,0.0,0.0,2017-10-15,,7 - Dimanche,,CA,,0
4489,0,39.5,35.91,2017-10-15,3 - Après-midi,7 - Dimanche,À emporter,CA,,2
4490,0,851.1,773.43,2017-10-15,3 - Après-midi,7 - Dimanche,Livraison,CA,KM,1
4491,0,138.5,125.88,2017-10-15,3 - Après-midi,7 - Dimanche,Sur place,CA,,4
4492,0,82.0,74.53,2017-10-15,4 - Soir,7 - Dimanche,À emporter,CA,KM,1
4493,0,212.5,192.97,2017-10-15,4 - Soir,7 - Dimanche,À emporter,CA,,9
4494,0,913.3,830.17,2017-10-15,4 - Soir,7 - Dimanche,Livraison,CA,KM,3
4495,0,937.3,851.99,2017-10-15,4 - Soir,7 - Dimanche,Livraison,CA,,1
4496,0,493.4,448.15,2017-10-15,4 - Soir,7 - Dimanche,Sur place,CA,,16
4497,217,0.0,0.0,2017-10-16,,1 - Lundi,,CA,,0
4499,0,99.4,90.35,2017-10-16,2 - Midi,1 - Lundi,À emporter,CA,,6
4500,0,75.28,67.59,2017-10-16,2 - Midi,1 - Lundi,Limonade,CA,,9
4501,0,600.25,544.62,2017-10-16,2 - Midi,1 - Lundi,Sur place,CA,,38
4503,0,12.5,11.36,2017-10-16,3 - Après-midi,1 - Lundi,Limonade,CA,KM,1
4504,0,332.4,302.14,2017-10-16,3 - Après-midi,1 - Lundi,Livraison,CA,KM,3
4506,0,67.9,61.64,2017-10-16,3 - Après-midi,1 - Lundi,Sur place,CA,,3
4507,-8,0.0,0.0,2017-10-16,4 - Soir,1 - Lundi,,CA,,0
4511,0,35.0,31.81,2017-10-16,4 - Soir,1 - Lundi,À emporter,CA,,2
4512,0,30.5,27.73,2017-10-16,4 - Soir,1 - Lundi,Limonade,CA,KM,1
4513,0,48.5,44.08,2017-10-16,4 - Soir,1 - Lundi,Limonade,CA,,4
4514,0,1385.0,1258.52,2017-10-16,4 - Soir,1 - Lundi,Livraison,CA,KM,5
4515,0,374.4,339.79,2017-10-16,4 - Soir,1 - Lundi,Sur place,CA,,19
4517,270,0.0,0.0,2017-10-17,,2 - Mardi,,CA,,0
4520,0,44.5,40.45,2017-10-17,2 - Midi,2 - Mardi,À emporter,CA,KM,1
4521,0,66.5,60.45,2017-10-17,2 - Midi,2 - Mardi,À emporter,CA,,5
4522,0,65.2,59.25,2017-10-17,2 - Midi,2 - Mardi,Limonade,CA,,6
4524,0,341.7,310.61,2017-10-17,2 - Midi,2 - Mardi,Livraison,CA,KM,5
4525,0,751.2,682.78,2017-10-17,2 - Midi,2 - Mardi,Sur place,CA,,49
4526,0,19.5,17.73,2017-10-17,3 - Après-midi,2 - Mardi,À emporter,CA,,1
4527,0,30.0,26.88,2017-10-17,3 - Après-midi,2 - Mardi,Sur place,CA,,1
4528,-14,0.0,0.0,2017-10-17,4 - Soir,2 - Mardi,,CA,,0
4531,0,217.0,197.25,2017-10-17,4 - Soir,2 - Mardi,À emporter,CA,,11
4532,0,53.5,48.09,2017-10-17,4 - Soir,2 - Mardi,Limonade,CA,,6
4533,0,1999.65,1817.38,2017-10-17,4 - Soir,2 - Mardi,Livraison,CA,KM,5
4534,0,223.5,202.51,2017-10-17,4 - Soir,2 - Mardi,Sur place,CA,,10
4536,307,0.0,0.0,2017-10-18,,3 - Mercredi,,CA,,0
4539,0,1.5,1.36,2017-10-18,1 - Matin,3 - Mercredi,Limonade,CA,,1
4540,-3,0.0,0.0,2017-10-18,2 - Midi,3 - Mercredi,,CA,,0
4543,0,65.9,59.4,2017-10-18,2 - Midi,3 - Mercredi,À emporter,CA,,5
4545,0,116.75,103.99,2017-10-18,2 - Midi,3 - Mercredi,Limonade,CA,,14
4547,0,56.5,51.37,2017-10-18,2 - Midi,3 - Mercredi,Livraison,CA,KM,1
4548,0,171.92,156.27,2017-10-18,2 - Midi,3 - Mercredi,Livraison,CA,KM,3
4549,0,435.4,395.71,2017-10-18,2 - Midi,3 - Mercredi,Livraison,CA,,1
4550,0,824.05,744.14,2017-10-18,2 - Midi,3 - Mercredi,Sur place,CA,,46
4554,0,114.5,104.06,2017-10-18,4 - Soir,3 - Mercredi,À emporter,CA,,5
4555,0,13.5,12.27,2017-10-18,4 - Soir,3 - Mercredi,Limonade,CA,,1
4557,0,344.8,313.22,2017-10-18,4 - Soir,3 - Mercredi,Livraison,CA,KM,1
4558,0,2168.7,1969.24,2017-10-18,4 - Soir,3 - Mercredi,Livraison,CA,,5
4560,0,295.0,251.39,2017-10-18,4 - Soir,3 - Mercredi,Sur place,CA,,15
4562,355,0.0,0.0,2017-10-19,,4 - Jeudi,,CA,,0
4565,0,28.0,25.45,2017-10-19,2 - Midi,4 - Jeudi,À emporter,CA,,2
4566,0,106.0,96.35,2017-10-19,2 - Midi,4 - Jeudi,À emporter,CA,,7
4567,0,195.0,174.43,2017-10-19,2 - Midi,4 - Jeudi,Limonade,CA,,18
4568,0,795.8,723.4,2017-10-19,2 - Midi,4 - Jeudi,Livraison,CA,,4
4569,0,206.2,187.25,2017-10-19,2 - Midi,4 - Jeudi,Sur place,CA,,11
4570,0,855.6,774.92,2017-10-19,2 - Midi,4 - Jeudi,Sur place,CA,,54
4572,0,4.0,3.64,2017-10-19,3 - Après-midi,4 - Jeudi,Limonade,CA,,1
4573,0,59.4,54.0,2017-10-19,4 - Soir,4 - Jeudi,À emporter,CA,KM,1
4574,0,312.7,284.16,2017-10-19,4 - Soir,4 - Jeudi,À emporter,CA,,15
4575,0,56.0,50.9,2017-10-19,4 - Soir,4 - Jeudi,Limonade,CA,,6
4576,0,236.8,215.24,2017-10-19,4 - Soir,4 - Jeudi,Livraison,CA,KM,1
4577,0,2182.9,1983.74,2017-10-19,4 - Soir,4 - Jeudi,Livraison,CA,,4
4578,0,256.3,227.86,2017-10-19,4 - Soir,4 - Jeudi,Sur place,CA,,12
4580,401,0.0,0.0,2017-10-20,,5 - Vendredi,,CA,,0
4583,0,18.0,16.17,2017-10-20,1 - Matin,5 - Vendredi,Sur place,CA,,1
4584,0,78.0,70.89,2017-10-20,2 - Midi,5 - Vendredi,À emporter,CA,,3
4585,0,196.0,178.16,2017-10-20,2 - Midi,5 - Vendredi,À emporter,CA,,14
4586,0,39.0,35.44,2017-10-20,2 - Midi,5 - Vendredi,Limonade,CA,,3
4587,0,55.0,49.99,2017-10-20,2 - Midi,5 - Vendredi,Limonade,CA,,5
4588,0,530.65,482.34,2017-10-20,2 - Midi,5 - Vendredi,Livraison,CA,,5
4590,0,212.0,190.89,2017-10-20,2 - Midi,5 - Vendredi,Sur place,CA,,11
4591,0,354.4,319.22,2017-10-20,2 - Midi,5 - Vendredi,Sur place,CA,,24
4592,0,384.7,349.68,2017-10-20,2 - Midi,5 - Vendredi,Sur place,CA,,26
4594,0,14.5,13.18,2017-10-20,3 - Après-midi,5 - Vendredi,À emporter,CA,,1
4595,0,97.6,88.72,2017-10-20,3 - Après-midi,5 - Vendredi,Sur place,CA,,2
4596,-13,0.0,0.0,2017-10-20,4 - Soir,5 - Vendredi,,CA,,0
4600,0,52.0,47.27,2017-10-20,4 - Soir,5 - Vendredi,À emporter,CA,,1
4601,0,357.0,324.01,2017-10-20,4 - Soir,5 - Vendredi,À emporter,CA,,13
4603,0,35.5,32.0,2017-10-20,4 - Soir,5 - Vendredi,Limonade,CA,,4
4604,0,576.3,523.57,2017-10-20,4 - Soir,5 - Vendredi,Livraison,CA,KM,1
4605,0,935.6,845.52,2017-10-20,4 - Soir,5 - Vendredi,Livraison,CA,KM,2
4606,0,860.7,782.37,2017-10-20,4 - Soir,5 - Vendredi,Livraison,CA,,2
4608,0,55.0,49.83,2017-10-20,4 - Soir,5 - Vendredi,Sur place,CA,,2
4609,0,787.2,714.73,2017-10-20,4 - Soir,5 - Vendredi,Sur place,CA,,45
4611,350,0.0,0.0,2017-10-21,,6 - Samedi,,CA,,0
4613,0,181.11,164.36,2017-10-21,2 - Midi,6 - Samedi,À emporter,CA,,6
4614,0,182.5,165.78,2017-10-21,2 - Midi,6 - Samedi,Limonade,CA,,12
4616,0,993.9,900.42,2017-10-21,2 - Midi,6 - Samedi,Sur place,CA,,38
4617,0,28.0,25.45,2017-10-21,3 - Après-midi,6 - Samedi,À emporter,CA,KM,1
4618,0,43.5,39.54,2017-10-21,3 - Après-midi,6 - Samedi,À emporter,CA,,3
4619,0,43.0,39.08,2017-10-21,3 - Après-midi,6 - Samedi,Limonade,CA,,6
4620,0,73.8,67.09,2017-10-21,3 - Après-midi,6 - Samedi,Livraison,CA,KM,1
4621,0,776.9,705.91,2017-10-21,3 - Après-midi,6 - Samedi,Livraison,CA,,4
4622,0,268.7,244.22,2017-10-21,3 - Après-midi,6 - Samedi,Sur place,CA,,14
4623,0,193.7,176.08,2017-10-21,4 - Soir,6 - Samedi,À emporter,CA,,8
4624,0,28.5,25.91,2017-10-21,4 - Soir,6 - Samedi,Limonade,CA,,6
4626,0,156.5,142.26,2017-10-21,4 - Soir,6 - Samedi,Livraison,CA,KM,1
4627,0,1632.65,1483.71,2017-10-21,4 - Soir,6 - Samedi,Livraison,CA,,5
4628,0,438.4,383.38,2017-10-21,4 - Soir,6 - Samedi,Sur place,CA,,15
4630,196,0.0,0.0,2017-10-22,,7 - Dimanche,,CA,,0
4632,0,11.0,10.0,2017-10-22,3 - Après-midi,7 - Dimanche,À emporter,CA,,1
4633,0,21.0,18.71,2017-10-22,3 - Après-midi,7 - Dimanche,Limonade,CA,,2
4634,0,23.5,21.17,2017-10-22,3 - Après-midi,7 - Dimanche,Sur place,CA,,1
4635,0,150.0,136.36,2017-10-22,4 - Soir,7 - Dimanche,À emporter,CA,,7
4636,0,16.5,15.01,2017-10-22,4 - Soir,7 - Dimanche,Limonade,CA,,2
4637,0,661.9,601.69,2017-10-22,4 - Soir,7 - Dimanche,Livraison,CA,KM,1
4638,0,1659.7,1507.35,2017-10-22,4 - Soir,7 - Dimanche,Livraison,CA,,4
4639,0,418.0,373.2,2017-10-22,4 - Soir,7 - Dimanche,Sur place,CA,,15
4641,256,0.0,0.0,2017-10-23,,1 - Lundi,,CA,,0
4644,0,152.25,138.39,2017-10-23,2 - Midi,1 - Lundi,À emporter,CA,,9
4646,0,103.0,93.61,2017-10-23,2 - Midi,1 - Lundi,Limonade,CA,,8
4647,0,524.4,476.6,2017-10-23,2 - Midi,1 - Lundi,Livraison,CA,,4
4648,0,870.9,791.17,2017-10-23,2 - Midi,1 - Lundi,Sur place,CA,,40
4649,0,13.5,12.27,2017-10-23,3 - Après-midi,1 - Lundi,À emporter,CA,,1
4650,0,12.5,11.36,2017-10-23,3 - Après-midi,1 - Lundi,Limonade,CA,,1
4651,0,15.5,14.09,2017-10-23,3 - Après-midi,1 - Lundi,Sur place,CA,,1
4652,0,11.5,10.45,2017-10-23,4 - Soir,1 - Lundi,À emporter,CA,,1
4653,0,183.0,166.14,2017-10-23,4 - Soir,1 - Lundi,À emporter,CA,,8
4654,0,44.5,40.44,2017-10-23,4 - Soir,1 - Lundi,Limonade,CA,,5
4655,0,259.3,235.69,2017-10-23,4 - Soir,1 - Lundi,Livraison,CA,KM,1
4656,0,810.45,736.66,2017-10-23,4 - Soir,1 - Lundi,Livraison,CA,,3
4658,0,515.3,467.13,2017-10-23,4 - Soir,1 - Lundi,Sur place,CA,,1
4659,0,279.9,247.01,2017-10-23,4 - Soir,1 - Lundi,Sur place,CA,,13
4661,205,0.0,0.0,2017-10-24,,2 - Mardi,,CA,,0
4665,0,3.0,2.72,2017-10-24,1 - Matin,2 - Mardi,Limonade,CA,,2
4666,0,205.6,186.88,2017-10-24,2 - Midi,2 - Mardi,À emporter,CA,,13
4667,0,63.5,57.71,2017-10-24,2 - Midi,2 - Mardi,Limonade,CA,,5
4668,0,385.85,350.74,2017-10-24,2 - Midi,2 - Mardi,Livraison,CA,,5
4669,0,793.2,720.81,2017-10-24,2 - Midi,2 - Mardi,Sur place,CA,,37
4671,0,12.5,11.36,2017-10-24,3 - Après-midi,2 - Mardi,Limonade,CA,,1
4672,0,15.5,14.09,2017-10-24,4 - Soir,2 - Mardi,À emporter,CA,,1
4673,0,46.5,42.27,2017-10-24,4 - Soir,2 - Mardi,À emporter,CA,,2
4674,0,120.0,109.07,2017-10-24,4 - Soir,2 - Mardi,À emporter,CA,,6
4675,0,33.5,30.37,2017-10-24,4 - Soir,2 - Mardi,Limonade,CA,,4
4676,0,1186.4,1078.26,2017-10-24,4 - Soir,2 - Mardi,Livraison,CA,,5
4678,0,174.9,158.98,2017-10-24,4 - Soir,2 - Mardi,Sur place,CA,,8
4680,281,0.0,0.0,2017-10-25,,3 - Mercredi,,CA,,0
4683,0,77.3,70.26,2017-10-25,2 - Midi,3 - Mercredi,À emporter,CA,,6
4684,0,66.0,59.9,2017-10-25,2 - Midi,3 - Mercredi,Limonade,CA,,4
4685,0,317.35,288.45,2017-10-25,2 - Midi,3 - Mercredi,Livraison,CA,KM,3
4687,0,860.0,781.36,2017-10-25,2 - Midi,3 - Mercredi,Sur place,CA,,39
4688,0,109.56,99.59,2017-10-25,3 - Après-midi,3 - Mercredi,Sur place,CA,,4
4690,-11,0.0,0.0,2017-10-25,4 - Soir,3 - Mercredi,,CA,,0
4693,0,197.5,179.38,2017-10-25,4 - Soir,3 - Mercredi,À emporter,CA,,8
4695,0,12.5,10.58,2017-10-25,4 - Soir,3 - Mercredi,Limonade,CA,,4
4697,0,2017.4,1829.63,2017-10-25,4 - Soir,3 - Mercredi,Livraison,CA,KM,5
4699,0,314.0,284.48,2017-10-25,4 - Soir,3 - Mercredi,Sur place,CA,,13
4701,287,0.0,0.0,2017-10-26,,4 - Jeudi,,CA,,0
4703,0,225.8,205.26,2017-10-26,2 - Midi,4 - Jeudi,À emporter,CA,,13
4704,0,2.5,2.27,2017-10-26,2 - Midi,4 - Jeudi,Limonade,CA,,1
4705,0,1243.5,1130.07,2017-10-26,2 - Midi,4 - Jeudi,Sur place,CA,,69
4706,0,14.5,13.18,2017-10-26,3 - Après-midi,4 - Jeudi,À emporter,CA,,1
4707,0,484.05,440.0,2017-10-26,3 - Après-midi,4 - Jeudi,Livraison,CA,KM,4
4708,-12,0.0,0.0,2017-10-26,4 - Soir,4 - Jeudi,,CA,,0
4711,0,207.5,188.61,2017-10-26,4 - Soir,4 - Jeudi,À emporter,CA,,9
4712,0,4.5,4.09,2017-10-26,4 - Soir,4 - Jeudi,Limonade,CA,,1
4713,0,176.3,160.25,2017-10-26,4 - Soir,4 - Jeudi,Livraison,CA,KM,1
4714,0,1555.75,1413.45,2017-10-26,4 - Soir,4 - Jeudi,Livraison,CA,,4
4715,0,131.8,119.8,2017-10-26,4 - Soir,4 - Jeudi,Sur place,CA,,7
4717,338,0.0,0.0,2017-10-27,,5 - Vendredi,,CA,,0
4720,0,198.6,179.12,2017-10-27,2 - Midi,5 - Vendredi,À emporter,CA,,12
4722,0,42.5,38.63,2017-10-27,2 - Midi,5 - Vendredi,Livraison,CA,KM,1
4723,0,549.75,499.72,2017-10-27,2 - Midi,5 - Vendredi,Livraison,CA,,4
4724,0,12.5,11.36,2017-10-27,2 - Midi,5 - Vendredi,Sur place,CA,,1
4725,0,37.5,34.08,2017-10-27,2 - Midi,5 - Vendredi,Sur place,CA,,3
4726,0,1248.35,1133.42,2017-10-27,2 - Midi,5 - Vendredi,Sur place,CA,,73
4728,0,1.5,1.36,2017-10-27,3 - Après-midi,5 - Vendredi,Limonade,CA,,1
4729,0,167.2,150.16,2017-10-27,3 - Après-midi,5 - Vendredi,Sur place,CA,,3
4730,0,334.4,303.8,2017-10-27,4 - Soir,5 - Vendredi,À emporter,CA,,15
4731,0,28.5,25.49,2017-10-27,4 - Soir,5 - Vendredi,Limonade,CA,,3
4732,0,1448.5,1316.68,2017-10-27,4 - Soir,5 - Vendredi,Livraison,CA,KM,3
4733,0,541.9,492.24,2017-10-27,4 - Soir,5 - Vendredi,Livraison,CA,,1
4734,0,357.45,324.09,2017-10-27,4 - Soir,5 - Vendredi,Sur place,CA,,13
4735,399,0.0,0.0,2017-10-28,,6 - Samedi,,CA,,0
4738,0,40.5,36.22,2017-10-28,2 - Midi,6 - Samedi,À emporter,CA,,3
4740,0,30.6,28.83,2017-10-28,2 - Midi,6 - Samedi,Limonade,CA,,5
4741,0,104.5,94.92,2017-10-28,2 - Midi,6 - Samedi,Livraison,CA,KM,1
4742,0,569.5,517.69,2017-10-28,2 - Midi,6 - Samedi,Livraison,CA,,4
4743,0,1064.2,965.28,2017-10-28,2 - Midi,6 - Samedi,Sur place,CA,,46
4746,0,102.5,93.19,2017-10-28,3 - Après-midi,6 - Samedi,À emporter,CA,,4
4747,0,1.5,1.36,2017-10-28,3 - Après-midi,6 - Samedi,Limonade,CA,,1
4748,0,412.9,375.31,2017-10-28,3 - Après-midi,6 - Samedi,Livraison,CA,KM,1
4749,0,198.5,180.42,2017-10-28,3 - Après-midi,6 - Samedi,Sur place,CA,,11
4750,-18,0.0,0.0,2017-10-28,4 - Soir,6 - Samedi,,CA,,0
4753,0,275.4,250.34,2017-10-28,4 - Soir,6 - Samedi,À emporter,CA,,8
4754,0,14.0,12.31,2017-10-28,4 - Soir,6 - Samedi,Limonade,CA,,4
4755,0,724.3,658.01,2017-10-28,4 - Soir,6 - Samedi,Livraison,CA,KM,2
4756,0,1748.9,1588.2,2017-10-28,4 - Soir,6 - Samedi,Livraison,CA,,4
4757,0,408.2,370.6,2017-10-28,4 - Soir,6 - Samedi,Sur place,CA,,12
4759,205,0.0,0.0,2017-10-29,,7 - Dimanche,,CA,,0
4761,0,65.5,59.53,2017-10-29,3 - Après-midi,7 - Dimanche,À emporter,CA,,3
4762,0,19.0,17.28,2017-10-29,3 - Après-midi,7 - Dimanche,Limonade,CA,,1
4763,0,28.0,25.45,2017-10-29,3 - Après-midi,7 - Dimanche,Sur place,CA,,1
4764,0,59.5,54.08,2017-10-29,3 - Après-midi,7 - Dimanche,Sur place,CA,,2
4766,0,66.0,59.8,2017-10-29,4 - Soir,7 - Dimanche,À emporter,CA,KM,1
4767,0,144.0,129.46,2017-10-29,4 - Soir,7 - Dimanche,À emporter,CA,,6
4769,0,3.0,2.73,2017-10-29,4 - Soir,7 - Dimanche,Limonade,CA,,1
4770,0,1730.22,1571.39,2017-10-29,4 - Soir,7 - Dimanche,Livraison,CA,KM,4
4771,0,686.7,623.92,2017-10-29,4 - Soir,7 - Dimanche,Livraison,CA,,1
4772,0,263.4,234.77,2017-10-29,4 - Soir,7 - Dimanche,Sur place,CA,,13
4774,242,0.0,0.0,2017-10-30,,1 - Lundi,,CA,,0
4776,0,126.5,114.99,2017-10-30,2 - Midi,1 - Lundi,À emporter,CA,,9
4777,0,19.0,17.28,2017-10-30,2 - Midi,1 - Lundi,Limonade,CA,,5
4778,0,61.0,55.46,2017-10-30,2 - Midi,1 - Lundi,Livraison,CA,KM,1
4779,0,487.3,442.94,2017-10-30,2 - Midi,1 - Lundi,Livraison,CA,,4
4780,0,842.2,765.09,2017-10-30,2 - Midi,1 - Lundi,Sur place,CA,,46
4781,0,42.0,38.17,2017-10-30,3 - Après-midi,1 - Lundi,Sur place,CA,,2
4782,0,155.0,140.88,2017-10-30,4 - Soir,1 - Lundi,À emporter,CA,,8
4783,0,11.5,10.45,2017-10-30,4 - Soir,1 - Lundi,Limonade,CA,,2
4785,0,1347.7,1224.49,2017-10-30,4 - Soir,1 - Lundi,Livraison,CA,,5
4786,0,420.8,374.57,2017-10-30,4 - Soir,1 - Lundi,Sur place,CA,,20
4788,275,0.0,0.0,2017-10-31,,2 - Mardi,,CA,,0
4791,0,179.0,162.7,2017-10-31,2 - Midi,2 - Mardi,À emporter,CA,,14
4792,0,9.0,8.18,2017-10-31,2 - Midi,2 - Mardi,Limonade,CA,,3
4793,0,76.5,69.55,2017-10-31,2 - Midi,2 - Mardi,Livraison,CA,KM,1
4794,0,325.65,296.01,2017-10-31,2 - Midi,2 - Mardi,Livraison,CA,,4
4795,0,1052.25,953.14,2017-10-31,2 - Midi,2 - Mardi,Sur place,CA,,51
4798,0,7.0,6.1,2017-10-31,3 - Après-midi,2 - Mardi,Limonade,CA,,1
4800,0,92.0,83.64,2017-10-31,4 - Soir,2 - Mardi,À emporter,CA,KM,1
4801,0,178.0,161.79,2017-10-31,4 - Soir,2 - Mardi,À emporter,CA,,8
4803,0,31.1,29.79,2017-10-31,4 - Soir,2 - Mardi,Limonade,CA,,3
4804,0,151.0,137.25,2017-10-31,4 - Soir,2 - Mardi,Livraison,CA,KM,1
4805,0,1627.85,1479.6,2017-10-31,4 - Soir,2 - Mardi,Livraison,CA,,4
4806,0,12.5,11.36,2017-10-31,4 - Soir,2 - Mardi,Sur place,CA,,1
4807,0,238.9,208.06,2017-10-31,4 - Soir,2 - Mardi,Sur place,CA,,11
4809,355,0.0,0.0,2017-11-01,,3 - Mercredi,,CA,,0
4812,0,-4.16,-4.16,2017-11-01,1 - Matin,3 - Mercredi,Limonade,CA,,1
4814,0,97.5,88.62,2017-11-01,2 - Midi,3 - Mercredi,À emporter,CA,,4
4815,0,27.3,24.82,2017-11-01,2 - Midi,3 - Mercredi,Limonade,CA,,2
4817,0,844.7,767.0,2017-11-01,2 - Midi,3 - Mercredi,Sur place,CA,,36
4819,0,-3.15,-3.15,2017-11-01,3 - Après-midi,3 - Mercredi,Limonade,CA,,1
4820,0,1145.55,1041.22,2017-11-01,3 - Après-midi,3 - Mercredi,Livraison,CA,KM,4
4822,0,425.0,386.06,2017-11-01,4 - Soir,3 - Mercredi,À emporter,CA,,11
4823,0,4.0,3.64,2017-11-01,4 - Soir,3 - Mercredi,Limonade,CA,,1
4824,0,2463.5,2239.18,2017-11-01,4 - Soir,3 - Mercredi,Livraison,CA,KM,5
4825,0,248.4,224.65,2017-11-01,4 - Soir,3 - Mercredi,Sur place,CA,,12
4827,285,0.0,0.0,2017-11-02,,4 - Jeudi,,CA,,0
4829,0,3.0,2.73,2017-11-02,1 - Matin,4 - Jeudi,Limonade,CA,,1
4830,-4,0.0,0.0,2017-11-02,2 - Midi,4 - Jeudi,,CA,,0
4833,0,243.4,221.23,2017-11-02,2 - Midi,4 - Jeudi,À emporter,CA,,14
4834,0,6.5,5.91,2017-11-02,2 - Midi,4 - Jeudi,Limonade,CA,,2
4835,0,99.4,90.35,2017-11-02,2 - Midi,4 - Jeudi,Livraison,CA,KM,1
4836,0,964.1,874.05,2017-11-02,2 - Midi,4 - Jeudi,Sur place,CA,,45
4838,0,9.9,9.0,2017-11-02,3 - Après-midi,4 - Jeudi,À emporter,CA,,1
4839,0,26.5,24.08,2017-11-02,3 - Après-midi,4 - Jeudi,Livraison,CA,KM,1
4840,0,244.5,222.24,2017-11-02,3 - Après-midi,4 - Jeudi,Livraison,CA,,2
4841,0,25.4,23.09,2017-11-02,3 - Après-midi,4 - Jeudi,Sur place,CA,,2
4843,-20,0.0,0.0,2017-11-02,4 - Soir,4 - Jeudi,,CA,,0
4846,0,27.5,24.99,2017-11-02,4 - Soir,4 - Jeudi,À emporter,CA,KM,1
4847,0,248.0,225.27,2017-11-02,4 - Soir,4 - Jeudi,À emporter,CA,,8
4848,0,-121.45,-123.98,2017-11-02,4 - Soir,4 - Jeudi,Limonade,CA,,5
4849,0,1014.7,921.26,2017-11-02,4 - Soir,4 - Jeudi,Livraison,CA,KM,2
4850,0,707.35,643.01,2017-11-02,4 - Soir,4 - Jeudi,Livraison,CA,,3
4851,0,274.8,249.6,2017-11-02,4 - Soir,4 - Jeudi,Sur place,CA,,12
4853,280,0.0,0.0,2017-11-03,,5 - Vendredi,,CA,,0
4856,0,70.0,63.62,2017-11-03,2 - Midi,5 - Vendredi,À emporter,CA,,4
4857,0,93.0,84.53,2017-11-03,2 - Midi,5 - Vendredi,À emporter,CA,,6
4858,0,5.0,4.54,2017-11-03,2 - Midi,5 - Vendredi,Limonade,CA,,2
4859,0,101.3,92.07,2017-11-03,2 - Midi,5 - Vendredi,Livraison,CA,KM,1
4860,0,223.2,202.86,2017-11-03,2 - Midi,5 - Vendredi,Livraison,CA,,4
4861,0,378.4,343.93,2017-11-03,2 - Midi,5 - Vendredi,Sur place,CA,,23
4862,0,434.3,394.65,2017-11-03,2 - Midi,5 - Vendredi,Sur place,CA,,25
4864,0,93.4,84.93,2017-11-03,3 - Après-midi,5 - Vendredi,À emporter,CA,,4
4865,0,11.0,10.0,2017-11-03,3 - Après-midi,5 - Vendredi,Sur place,CA,,1
4867,-10,0.0,0.0,2017-11-03,4 - Soir,5 - Vendredi,,CA,,0
4870,0,134.5,122.28,2017-11-03,4 - Soir,5 - Vendredi,À emporter,CA,KM,1
4871,0,228.7,207.89,2017-11-03,4 - Soir,5 - Vendredi,À emporter,CA,,9
4872,0,16.0,14.55,2017-11-03,4 - Soir,5 - Vendredi,Limonade,CA,,2
4874,0,1804.61,1636.81,2017-11-03,4 - Soir,5 - Vendredi,Livraison,CA,KM,5
4875,0,225.0,204.28,2017-11-03,4 - Soir,5 - Vendredi,Sur place,CA,,10
4877,600,0.0,0.0,2017-11-04,,6 - Samedi,,CA,,0
4880,0,60.0,54.54,2017-11-04,2 - Midi,6 - Samedi,À emporter,CA,,3
4881,0,41.0,37.27,2017-11-04,2 - Midi,6 - Samedi,Limonade,CA,,6
4882,0,86.5,78.63,2017-11-04,2 - Midi,6 - Samedi,Livraison,CA,KM,1
4883,0,801.5,728.41,2017-11-04,2 - Midi,6 - Samedi,Sur place,CA,,34
4885,0,52.0,47.27,2017-11-04,3 - Après-midi,6 - Samedi,À emporter,CA,,1
4886,0,52.5,45.78,2017-11-04,3 - Après-midi,6 - Samedi,Limonade,CA,,4
4887,0,953.1,866.11,2017-11-04,3 - Après-midi,6 - Samedi,Livraison,CA,,3
4889,0,118.5,107.71,2017-11-04,3 - Après-midi,6 - Samedi,Sur place,CA,,5
4890,0,119.0,108.07,2017-11-04,3 - Après-midi,6 - Samedi,Sur place,CA,,6
4892,-17,0.0,0.0,2017-11-04,4 - Soir,6 - Samedi,,CA,,0
4895,0,54.0,49.08,2017-11-04,4 - Soir,6 - Samedi,À emporter,CA,KM,1
4896,0,303.9,276.03,2017-11-04,4 - Soir,6 - Samedi,À emporter,CA,,15
4897,0,109.8,99.37,2017-11-04,4 - Soir,6 - Samedi,Limonade,CA,,12
4898,0,468.1,425.31,2017-11-04,4 - Soir,6 - Samedi,Livraison,CA,KM,1
4899,0,1769.1,1607.48,2017-11-04,4 - Soir,6 - Samedi,Livraison,CA,KM,5
4900,0,886.05,804.92,2017-11-04,4 - Soir,6 - Samedi,Livraison,CA,,2
4901,0,2263.41,2052.95,2017-11-04,4 - Soir,6 - Samedi,Livraison,CA,,4
4902,0,784.2,711.45,2017-11-04,4 - Soir,6 - Samedi,Sur place,CA,,26
4904,218,0.0,0.0,2017-11-06,,1 - Lundi,,CA,,0
4909,0,12.5,11.36,2017-11-06,2 - Midi,1 - Lundi,À emporter,CA,,1
4910,0,305.5,277.68,2017-11-06,2 - Midi,1 - Lundi,À emporter,CA,,15
4912,0,23.5,21.09,2017-11-06,2 - Midi,1 - Lundi,Limonade,CA,,6
4914,0,404.85,367.98,2017-11-06,2 - Midi,1 - Lundi,Livraison,CA,,5
4915,0,18.0,16.17,2017-11-06,2 - Midi,1 - Lundi,Sur place,CA,,1
4916,0,502.0,456.1,2017-11-06,2 - Midi,1 - Lundi,Sur place,CA,,31
4917,0,35.0,31.82,2017-11-06,3 - Après-midi,1 - Lundi,À emporter,CA,,2
4918,0,9.9,9.0,2017-11-06,3 - Après-midi,1 - Lundi,Limonade,CA,,1
4919,0,16.5,14.92,2017-11-06,3 - Après-midi,1 - Lundi,Sur place,CA,,1
4920,-10,0.0,0.0,2017-11-06,4 - Soir,1 - Lundi,,CA,,0
4923,0,50.0,45.45,2017-11-06,4 - Soir,1 - Lundi,À emporter,CA,KM,1
4924,0,50.5,45.9,2017-11-06,4 - Soir,1 - Lundi,À emporter,CA,,3
4925,0,1.5,1.36,2017-11-06,4 - Soir,1 - Lundi,Limonade,CA,,1
4926,0,22.5,20.45,2017-11-06,4 - Soir,1 - Lundi,Livraison,CA,KM,1
4927,0,1331.65,1210.22,2017-11-06,4 - Soir,1 - Lundi,Livraison,CA,KM,5
4928,0,282.0,248.58,2017-11-06,4 - Soir,1 - Lundi,Sur place,CA,,10
4931,184,0.0,0.0,2017-11-07,,2 - Mardi,,CA,,0
4934,-3,0.0,0.0,2017-11-07,2 - Midi,2 - Mardi,,CA,,0
4937,0,87.0,79.07,2017-11-07,2 - Midi,2 - Mardi,À emporter,CA,,6
4938,0,24.4,22.18,2017-11-07,2 - Midi,2 - Mardi,Limonade,CA,,4
4939,0,307.4,279.42,2017-11-07,2 - Midi,2 - Mardi,Livraison,CA,KM,4
4940,0,80.5,73.16,2017-11-07,2 - Midi,2 - Mardi,Sur place,CA,,6
4941,0,393.4,356.06,2017-11-07,2 - Midi,2 - Mardi,Sur place,CA,,25
4944,0,3.0,2.73,2017-11-07,3 - Après-midi,2 - Mardi,Limonade,CA,,1
4946,0,4.0,3.64,2017-11-07,3 - Après-midi,2 - Mardi,Sur place,CA,,1
4947,0,58.5,53.18,2017-11-07,4 - Soir,2 - Mardi,À emporter,CA,,4
4948,0,13.74,9.56,2017-11-07,4 - Soir,2 - Mardi,Limonade,CA,,8
4949,0,1338.6,1216.79,2017-11-07,4 - Soir,2 - Mardi,Livraison,CA,KM,5
4950,0,430.0,372.32,2017-11-07,4 - Soir,2 - Mardi,Sur place,CA,,13
4952,253,0.0,0.0,2017-11-08,,3 - Mercredi,,CA,,0
4956,0,224.5,204.05,2017-11-08,2 - Midi,3 - Mercredi,À emporter,CA,,15
4957,0,13.0,11.81,2017-11-08,2 - Midi,3 - Mercredi,Limonade,CA,,6
4958,0,457.1,415.53,2017-11-08,2 - Midi,3 - Mercredi,Livraison,CA,KM,5
4959,0,876.0,794.62,2017-11-08,2 - Midi,3 - Mercredi,Sur place,CA,,48
4961,0,23.4,21.27,2017-11-08,3 - Après-midi,3 - Mercredi,Limonade,CA,,2
4963,0,32.5,29.55,2017-11-08,3 - Après-midi,3 - Mercredi,Sur place,CA,,2
4964,-18,0.0,0.0,2017-11-08,4 - Soir,3 - Mercredi,,CA,,0
4968,0,37.5,34.09,2017-11-08,4 - Soir,3 - Mercredi,À emporter,CA,KM,1
4969,0,99.5,88.75,2017-11-08,4 - Soir,3 - Mercredi,À emporter,CA,,4
4970,0,-110.25,-110.68,2017-11-08,4 - Soir,3 - Mercredi,Limonade,CA,,3
4972,0,1658.3,1507.42,2017-11-08,4 - Soir,3 - Mercredi,Livraison,CA,KM,5
4973,0,116.5,105.81,2017-11-08,4 - Soir,3 - Mercredi,Sur place,CA,,9
4975,311,0.0,0.0,2017-11-09,,4 - Jeudi,,CA,,0
4978,-1,0.0,0.0,2017-11-09,2 - Midi,4 - Jeudi,,CA,,0
4981,0,190.5,173.07,2017-11-09,2 - Midi,4 - Jeudi,À emporter,CA,,10
4982,0,32.2,29.27,2017-11-09,2 - Midi,4 - Jeudi,Limonade,CA,,5
4983,0,366.25,332.93,2017-11-09,2 - Midi,4 - Jeudi,Livraison,CA,KM,4
4984,0,14.0,12.72,2017-11-09,2 - Midi,4 - Jeudi,Livraison,CA,,1
4986,0,1305.8,1186.18,2017-11-09,2 - Midi,4 - Jeudi,Sur place,CA,,78
4990,0,15.4,14.0,2017-11-09,3 - Après-midi,4 - Jeudi,Limonade,CA,,2
4992,0,107.5,97.71,2017-11-09,3 - Après-midi,4 - Jeudi,Sur place,CA,,8
4994,-18,0.0,0.0,2017-11-09,4 - Soir,4 - Jeudi,,CA,,0
4997,0,11.5,10.46,2017-11-09,4 - Soir,4 - Jeudi,À emporter,CA,KM,1
4998,0,112.0,101.81,2017-11-09,4 - Soir,4 - Jeudi,À emporter,CA,,4
5000,0,6.0,5.19,2017-11-09,4 - Soir,4 - Jeudi,Limonade,CA,,1
5001,0,1936.6,1759.81,2017-11-09,4 - Soir,4 - Jeudi,Livraison,CA,KM,6
5003,0,255.4,231.82,2017-11-09,4 - Soir,4 - Jeudi,Sur place,CA,,16
5005,414,0.0,0.0,2017-11-10,,5 - Vendredi,,CA,,0
5008,-1,0.0,0.0,2017-11-10,2 - Midi,5 - Vendredi,,CA,,0
5011,0,152.5,138.62,2017-11-10,2 - Midi,5 - Vendredi,À emporter,CA,,9
5012,0,177.5,161.36,2017-11-10,2 - Midi,5 - Vendredi,À emporter,CA,,13
5013,0,28.4,25.82,2017-11-10,2 - Midi,5 - Vendredi,Limonade,CA,,3
5015,0,703.1,639.13,2017-11-10,2 - Midi,5 - Vendredi,Livraison,CA,KM,4
5017,0,488.5,443.79,2017-11-10,2 - Midi,5 - Vendredi,Sur place,CA,,27
5018,0,690.2,627.24,2017-11-10,2 - Midi,5 - Vendredi,Sur place,CA,,39
5021,-19,0.0,0.0,2017-11-10,3 - Après-midi,5 - Vendredi,,CA,,0
5024,0,12.5,11.36,2017-11-10,3 - Après-midi,5 - Vendredi,À emporter,CA,KM,1
5026,0,5.5,5.0,2017-11-10,3 - Après-midi,5 - Vendredi,Limonade,CA,,3
5027,0,28.5,25.91,2017-11-10,3 - Après-midi,5 - Vendredi,Sur place,CA,,2
5030,0,36.5,33.18,2017-11-10,4 - Soir,5 - Vendredi,À emporter,CA,KM,1
5031,0,24.0,21.81,2017-11-10,4 - Soir,5 - Vendredi,À emporter,CA,,1
5032,0,291.9,265.26,2017-11-10,4 - Soir,5 - Vendredi,À emporter,CA,,13
5033,0,52.6,47.81,2017-11-10,4 - Soir,5 - Vendredi,Limonade,CA,,5
5035,0,1468.7,1334.66,2017-11-10,4 - Soir,5 - Vendredi,Livraison,CA,KM,2
5036,0,1210.45,1099.88,2017-11-10,4 - Soir,5 - Vendredi,Livraison,CA,KM,3
5037,0,46.0,41.81,2017-11-10,4 - Soir,5 - Vendredi,Sur place,CA,,2
5038,0,318.0,273.23,2017-11-10,4 - Soir,5 - Vendredi,Sur place,CA,,18
5040,414,0.0,0.0,2017-11-11,,6 - Samedi,,CA,,0
5043,0,108.0,98.1,2017-11-11,2 - Midi,6 - Samedi,À emporter,CA,,6
5044,0,38.8,34.73,2017-11-11,2 - Midi,6 - Samedi,Limonade,CA,,7
5045,0,638.8,579.69,2017-11-11,2 - Midi,6 - Samedi,Livraison,CA,KM,2
5046,0,1076.6,977.92,2017-11-11,2 - Midi,6 - Samedi,Sur place,CA,,53
5047,0,24.0,21.82,2017-11-11,3 - Après-midi,6 - Samedi,À emporter,CA,,2
5048,0,58.35,52.97,2017-11-11,3 - Après-midi,6 - Samedi,Limonade,CA,,9
5051,0,502.2,456.51,2017-11-11,3 - Après-midi,6 - Samedi,Livraison,CA,KM,3
5052,0,338.9,307.2,2017-11-11,3 - Après-midi,6 - Samedi,Sur place,CA,,15
5053,0,47.4,43.08,2017-11-11,4 - Soir,6 - Samedi,À emporter,CA,KM,1
5054,0,259.4,235.76,2017-11-11,4 - Soir,6 - Samedi,À emporter,CA,,13
5056,0,34.5,30.51,2017-11-11,4 - Soir,6 - Samedi,Limonade,CA,,6
5059,0,527.1,479.11,2017-11-11,4 - Soir,6 - Samedi,Livraison,CA,KM,1
5060,0,1330.5,1208.31,2017-11-11,4 - Soir,6 - Samedi,Livraison,CA,KM,3
5061,0,730.6,664.18,2017-11-11,4 - Soir,6 - Samedi,Sur place,CA,KM,1
5063,0,470.9,427.68,2017-11-11,4 - Soir,6 - Samedi,Sur place,CA,,22
5065,230,0.0,0.0,2017-11-12,,7 - Dimanche,,CA,,0
5067,0,2.5,2.27,2017-11-12,3 - Après-midi,7 - Dimanche,Limonade,CA,,1
5068,0,25.0,22.72,2017-11-12,3 - Après-midi,7 - Dimanche,Sur place,CA,,2
5069,-9,0.0,0.0,2017-11-12,4 - Soir,7 - Dimanche,,CA,,0
5072,0,107.9,98.08,2017-11-12,4 - Soir,7 - Dimanche,À emporter,CA,KM,1
5073,0,265.9,241.5,2017-11-12,4 - Soir,7 - Dimanche,À emporter,CA,,12
5074,0,26.8,24.36,2017-11-12,4 - Soir,7 - Dimanche,Limonade,CA,,4
5075,0,2483.61,2256.37,2017-11-12,4 - Soir,7 - Dimanche,Livraison,CA,KM,6
5076,0,367.0,333.57,2017-11-12,4 - Soir,7 - Dimanche,Sur place,CA,,15
5078,203,0.0,0.0,2017-11-13,,1 - Lundi,,CA,,0
5081,0,15.0,13.64,2017-11-13,2 - Midi,1 - Lundi,À emporter,CA,,1
5082,0,121.4,110.34,2017-11-13,2 - Midi,1 - Lundi,À emporter,CA,,7
5083,0,62.5,56.73,2017-11-13,2 - Midi,1 - Lundi,Limonade,CA,,7
5084,0,257.32,233.91,2017-11-13,2 - Midi,1 - Lundi,Livraison,CA,KM,4
5085,0,112.0,101.79,2017-11-13,2 - Midi,1 - Lundi,Sur place,CA,,7
5086,0,427.35,388.24,2017-11-13,2 - Midi,1 - Lundi,Sur place,CA,,28
5088,0,2.5,2.27,2017-11-13,3 - Après-midi,1 - Lundi,Limonade,CA,,1
5089,0,12.5,11.36,2017-11-13,3 - Après-midi,1 - Lundi,Sur place,CA,,1
5091,0,117.0,105.96,2017-11-13,4 - Soir,1 - Lundi,À emporter,CA,,6
5092,0,-126.54,-128.59,2017-11-13,4 - Soir,1 - Lundi,Limonade,CA,,3
5095,0,1590.45,1444.9,2017-11-13,4 - Soir,1 - Lundi,Livraison,CA,KM,5
5097,0,258.5,222.49,2017-11-13,4 - Soir,1 - Lundi,Sur place,CA,,16
5099,220,0.0,0.0,2017-11-14,,2 - Mardi,,CA,,0
5102,0,14.5,13.18,2017-11-14,2 - Midi,2 - Mardi,À emporter,CA,KM,1
5103,0,111.5,101.34,2017-11-14,2 - Midi,2 - Mardi,À emporter,CA,,9
5104,0,16.8,13.36,2017-11-14,2 - Midi,2 - Mardi,Limonade,CA,,7
5105,0,187.4,170.34,2017-11-14,2 - Midi,2 - Mardi,Livraison,CA,KM,3
5106,0,794.9,721.61,2017-11-14,2 - Midi,2 - Mardi,Sur place,CA,,48
5107,0,15.5,14.09,2017-11-14,3 - Après-midi,2 - Mardi,À emporter,CA,,1
5109,0,21.0,19.09,2017-11-14,3 - Après-midi,2 - Mardi,Sur place,CA,,1
5110,0,178.0,161.63,2017-11-14,4 - Soir,2 - Mardi,À emporter,CA,,7
5112,0,1820.8,1654.03,2017-11-14,4 - Soir,2 - Mardi,Livraison,CA,KM,5
5113,0,41.0,24.45,2017-11-14,4 - Soir,2 - Mardi,Sur place,CA,,4
5115,217,0.0,0.0,2017-11-15,,3 - Mercredi,,CA,,0
5118,0,1.5,1.36,2017-11-15,1 - Matin,3 - Mercredi,Limonade,CA,,1
5119,0,43.5,39.54,2017-11-15,2 - Midi,3 - Mercredi,À emporter,CA,,3
5120,0,219.5,199.5,2017-11-15,2 - Midi,3 - Mercredi,À emporter,CA,,11
5121,0,12.0,10.9,2017-11-15,2 - Midi,3 - Mercredi,Limonade,CA,,3
5122,0,-14.99,-16.53,2017-11-15,2 - Midi,3 - Mercredi,Limonade,CA,,4
5124,0,305.75,277.94,2017-11-15,2 - Midi,3 - Mercredi,Livraison,CA,KM,6
5125,0,367.5,330.36,2017-11-15,2 - Midi,3 - Mercredi,Sur place,CA,,23
5126,0,454.2,412.83,2017-11-15,2 - Midi,3 - Mercredi,Sur place,CA,,25
5129,0,5.0,4.54,2017-11-15,3 - Après-midi,3 - Mercredi,Limonade,CA,,1
5130,0,53.0,48.17,2017-11-15,3 - Après-midi,3 - Mercredi,Sur place,CA,,4
5131,0,107.0,97.25,2017-11-15,4 - Soir,3 - Mercredi,À emporter,CA,,6
5132,0,8.5,7.73,2017-11-15,4 - Soir,3 - Mercredi,Limonade,CA,,1
5133,0,1026.8,932.57,2017-11-15,4 - Soir,3 - Mercredi,Livraison,CA,KM,4
5134,0,311.9,283.12,2017-11-15,4 - Soir,3 - Mercredi,Sur place,CA,KM,1
5135,0,18.0,2.95,2017-11-15,4 - Soir,3 - Mercredi,Sur place,CA,,2
5136,0,232.0,209.98,2017-11-15,4 - Soir,3 - Mercredi,Sur place,CA,,12
5138,251,0.0,0.0,2017-11-16,,4 - Jeudi,,CA,,0
5141,0,29.5,26.81,2017-11-16,2 - Midi,4 - Jeudi,À emporter,CA,KM,1
5142,0,55.5,50.44,2017-11-16,2 - Midi,4 - Jeudi,À emporter,CA,,3
5143,0,90.0,81.8,2017-11-16,2 - Midi,4 - Jeudi,À emporter,CA,,6
5144,0,24.4,22.19,2017-11-16,2 - Midi,4 - Jeudi,Limonade,CA,,4
5145,0,100.35,91.22,2017-11-16,2 - Midi,4 - Jeudi,Livraison,CA,KM,1
5146,0,339.8,308.88,2017-11-16,2 - Midi,4 - Jeudi,Livraison,CA,KM,3
5148,0,312.4,283.94,2017-11-16,2 - Midi,4 - Jeudi,Sur place,CA,,21
5149,0,333.0,302.67,2017-11-16,2 - Midi,4 - Jeudi,Sur place,CA,,23
5151,0,25.0,22.72,2017-11-16,3 - Après-midi,4 - Jeudi,À emporter,CA,,2
5152,0,11.0,10.0,2017-11-16,3 - Après-midi,4 - Jeudi,Sur place,CA,,1
5153,0,32.3,29.36,2017-11-16,4 - Soir,4 - Jeudi,À emporter,CA,KM,1
5154,0,255.95,232.62,2017-11-16,4 - Soir,4 - Jeudi,À emporter,CA,,13
5156,0,-129.1,-129.96,2017-11-16,4 - Soir,4 - Jeudi,Limonade,CA,,3
5157,0,182.8,165.78,2017-11-16,4 - Soir,4 - Jeudi,Livraison,CA,KM,1
5158,0,1515.9,1377.24,2017-11-16,4 - Soir,4 - Jeudi,Livraison,CA,KM,4
5159,0,329.45,286.62,2017-11-16,4 - Soir,4 - Jeudi,Sur place,CA,,19
5162,376,0.0,0.0,2017-11-17,,5 - Vendredi,,CA,,0
5164,0,436.1,396.14,2017-11-17,2 - Midi,5 - Vendredi,À emporter,CA,,30
5166,0,64.7,57.48,2017-11-17,2 - Midi,5 - Vendredi,Limonade,CA,,7
5169,0,877.9,797.51,2017-11-17,2 - Midi,5 - Vendredi,Sur place,CA,,50
5171,0,60.5,55.0,2017-11-17,3 - Après-midi,5 - Vendredi,À emporter,CA,,2
5172,0,11.0,9.17,2017-11-17,3 - Après-midi,5 - Vendredi,Limonade,CA,,1
5173,0,316.15,287.37,2017-11-17,3 - Après-midi,5 - Vendredi,Livraison,CA,KM,5
5174,0,30.0,27.27,2017-11-17,3 - Après-midi,5 - Vendredi,Sur place,CA,,1
5175,-14,0.0,0.0,2017-11-17,4 - Soir,5 - Vendredi,,CA,,0
5178,0,26.0,23.64,2017-11-17,4 - Soir,5 - Vendredi,À emporter,CA,KM,1
5179,0,294.0,267.01,2017-11-17,4 - Soir,5 - Vendredi,À emporter,CA,,14
5180,0,4.05,3.68,2017-11-17,4 - Soir,5 - Vendredi,Limonade,CA,,1
5182,0,2737.15,2487.72,2017-11-17,4 - Soir,5 - Vendredi,Livraison,CA,KM,6
5183,0,427.4,388.31,2017-11-17,4 - Soir,5 - Vendredi,Sur place,CA,,18
5185,455,0.0,0.0,2017-11-18,,6 - Samedi,,CA,,0
5188,0,11.0,10.0,2017-11-18,2 - Midi,6 - Samedi,À emporter,CA,,2
5191,0,42.0,36.24,2017-11-18,2 - Midi,6 - Samedi,Limonade,CA,,4
5192,0,789.9,718.03,2017-11-18,2 - Midi,6 - Samedi,Livraison,CA,KM,1
5193,0,1309.6,1189.16,2017-11-18,2 - Midi,6 - Samedi,Sur place,CA,,58
5196,0,63.0,57.26,2017-11-18,3 - Après-midi,6 - Samedi,À emporter,CA,,4
5197,0,-145.2,-146.96,2017-11-18,3 - Après-midi,6 - Samedi,Limonade,CA,,6
5199,0,535.0,486.29,2017-11-18,3 - Après-midi,6 - Samedi,Livraison,CA,KM,2
5200,0,255.4,231.92,2017-11-18,3 - Après-midi,6 - Samedi,Sur place,CA,,13
5202,-15,0.0,0.0,2017-11-18,4 - Soir,6 - Samedi,,CA,,0
5205,0,56.0,50.9,2017-11-18,4 - Soir,6 - Samedi,À emporter,CA,KM,1
5206,0,51.0,46.36,2017-11-18,4 - Soir,6 - Samedi,À emporter,CA,,2
5207,0,205.5,186.1,2017-11-18,4 - Soir,6 - Samedi,À emporter,CA,,8
5208,0,20.25,18.42,2017-11-18,4 - Soir,6 - Samedi,Limonade,CA,,4
5210,0,2886.1,2622.33,2017-11-18,4 - Soir,6 - Samedi,Livraison,CA,KM,5
5211,0,48.5,44.09,2017-11-18,4 - Soir,6 - Samedi,Sur place,CA,,3
5212,0,228.5,207.37,2017-11-18,4 - Soir,6 - Samedi,Sur place,CA,,8
5214,246,0.0,0.0,2017-11-19,,7 - Dimanche,,CA,,0
5216,0,53.5,48.63,2017-11-19,3 - Après-midi,7 - Dimanche,À emporter,CA,,2
5217,0,5.5,5.0,2017-11-19,3 - Après-midi,7 - Dimanche,Limonade,CA,,1
5218,0,57.4,52.1,2017-11-19,3 - Après-midi,7 - Dimanche,Sur place,CA,,1
5219,-7,0.0,0.0,2017-11-19,4 - Soir,7 - Dimanche,,CA,,0
5222,0,292.5,265.87,2017-11-19,4 - Soir,7 - Dimanche,À emporter,CA,,11
5223,0,36.9,32.18,2017-11-19,4 - Soir,7 - Dimanche,Limonade,CA,,3
5224,0,2784.1,2530.64,2017-11-19,4 - Soir,7 - Dimanche,Livraison,CA,KM,6
5225,0,337.8,306.99,2017-11-19,4 - Soir,7 - Dimanche,Sur place,CA,,15
5227,227,0.0,0.0,2017-11-20,,1 - Lundi,,CA,,0
5229,-3,0.0,0.0,2017-11-20,2 - Midi,1 - Lundi,,CA,,0
5232,0,180.95,164.39,2017-11-20,2 - Midi,1 - Lundi,À emporter,CA,,12
5234,0,23.8,21.64,2017-11-20,2 - Midi,1 - Lundi,Limonade,CA,,3
5235,0,418.8,380.6,2017-11-20,2 - Midi,1 - Lundi,Livraison,CA,KM,4
5236,0,998.15,906.97,2017-11-20,2 - Midi,1 - Lundi,Sur place,CA,,59
5239,0,17.0,15.45,2017-11-20,3 - Après-midi,1 - Lundi,À emporter,CA,,1
5240,-10,0.0,0.0,2017-11-20,4 - Soir,1 - Lundi,,CA,,0
5243,0,28.0,25.45,2017-11-20,4 - Soir,1 - Lundi,À emporter,CA,KM,1
5244,0,70.5,64.0,2017-11-20,4 - Soir,1 - Lundi,À emporter,CA,,3
5245,0,17.9,16.27,2017-11-20,4 - Soir,1 - Lundi,Limonade,CA,,2
5246,0,1284.72,1167.06,2017-11-20,4 - Soir,1 - Lundi,Livraison,CA,KM,5
5247,0,100.0,90.81,2017-11-20,4 - Soir,1 - Lundi,Sur place,CA,,4
5249,230,0.0,0.0,2017-11-21,,2 - Mardi,,CA,,0
5252,0,50.0,45.44,2017-11-21,2 - Midi,2 - Mardi,À emporter,CA,,4
5253,0,81.5,74.08,2017-11-21,2 - Midi,2 - Mardi,À emporter,CA,,6
5254,0,12.9,11.72,2017-11-21,2 - Midi,2 - Mardi,Limonade,CA,,3
5255,0,271.4,246.71,2017-11-21,2 - Midi,2 - Mardi,Livraison,CA,KM,4
5256,0,214.0,193.93,2017-11-21,2 - Midi,2 - Mardi,Sur place,CA,,11
5257,0,519.0,470.22,2017-11-21,2 - Midi,2 - Mardi,Sur place,CA,,30
5258,0,-50.3,-50.3,2017-11-21,3 - Après-midi,2 - Mardi,Limonade,CA,,1
5259,0,48.0,43.62,2017-11-21,3 - Après-midi,2 - Mardi,Sur place,CA,,3
5260,-14,0.0,0.0,2017-11-21,4 - Soir,2 - Mardi,,CA,,0
5263,0,44.9,40.62,2017-11-21,4 - Soir,2 - Mardi,À emporter,CA,KM,1
5264,0,160.0,145.44,2017-11-21,4 - Soir,2 - Mardi,À emporter,CA,,8
5265,0,13.5,12.27,2017-11-21,4 - Soir,2 - Mardi,Limonade,CA,,2
5266,0,1455.3,1321.54,2017-11-21,4 - Soir,2 - Mardi,Livraison,CA,KM,5
5267,0,29.0,26.36,2017-11-21,4 - Soir,2 - Mardi,Sur place,CA,,1
5268,0,228.25,207.39,2017-11-21,4 - Soir,2 - Mardi,Sur place,CA,,14
5271,262,0.0,0.0,2017-11-22,,3 - Mercredi,,CA,,0
5274,0,54.0,49.08,2017-11-22,2 - Midi,3 - Mercredi,À emporter,CA,,4
5275,0,243.05,220.91,2017-11-22,2 - Midi,3 - Mercredi,À emporter,CA,,11
5277,0,12.9,11.73,2017-11-22,2 - Midi,3 - Mercredi,Limonade,CA,,2
5278,0,43.3,39.36,2017-11-22,2 - Midi,3 - Mercredi,Limonade,CA,,6
5279,0,156.3,142.07,2017-11-22,2 - Midi,3 - Mercredi,Livraison,CA,KM,3
5280,0,397.9,361.49,2017-11-22,2 - Midi,3 - Mercredi,Sur place,CA,,21
5281,0,846.4,768.99,2017-11-22,2 - Midi,3 - Mercredi,Sur place,CA,,47
5282,0,25.0,22.72,2017-11-22,3 - Après-midi,3 - Mercredi,À emporter,CA,,1
5283,0,31.0,28.18,2017-11-22,3 - Après-midi,3 - Mercredi,Sur place,CA,,1
5284,0,29.4,26.73,2017-11-22,4 - Soir,3 - Mercredi,À emporter,CA,KM,1
5285,0,126.8,115.18,2017-11-22,4 - Soir,3 - Mercredi,À emporter,CA,,7
5286,0,10.0,8.33,2017-11-22,4 - Soir,3 - Mercredi,Limonade,CA,,1
5287,0,1444.55,1313.07,2017-11-22,4 - Soir,3 - Mercredi,Livraison,CA,KM,5
5288,0,366.8,317.2,2017-11-22,4 - Soir,3 - Mercredi,Sur place,CA,,21
5290,206,0.0,0.0,2017-11-23,,4 - Jeudi,,CA,,0
5292,0,12.5,11.36,2017-11-23,2 - Midi,4 - Jeudi,À emporter,CA,,1
5293,0,26.5,24.08,2017-11-23,2 - Midi,4 - Jeudi,À emporter,CA,,2
5294,0,37.5,34.09,2017-11-23,2 - Midi,4 - Jeudi,À emporter,CA,,3
5295,0,1.5,1.36,2017-11-23,2 - Midi,4 - Jeudi,Limonade,CA,,1
5296,0,8.5,7.73,2017-11-23,2 - Midi,4 - Jeudi,Limonade,CA,,2
5297,0,244.45,222.21,2017-11-23,2 - Midi,4 - Jeudi,Livraison,CA,KM,5
5298,0,39.0,35.44,2017-11-23,2 - Midi,4 - Jeudi,Sur place,CA,,3
5299,0,132.0,119.47,2017-11-23,2 - Midi,4 - Jeudi,Sur place,CA,,8
5300,0,455.0,413.31,2017-11-23,2 - Midi,4 - Jeudi,Sur place,CA,,29
5302,0,12.5,11.36,2017-11-23,3 - Après-midi,4 - Jeudi,Sur place,CA,,1
5303,0,25.0,22.72,2017-11-23,4 - Soir,4 - Jeudi,À emporter,CA,KM,1
5304,0,80.5,73.18,2017-11-23,4 - Soir,4 - Jeudi,À emporter,CA,,3
5305,0,13.5,11.44,2017-11-23,4 - Soir,4 - Jeudi,Limonade,CA,,2
5306,0,1558.59,1414.43,2017-11-23,4 - Soir,4 - Jeudi,Livraison,CA,KM,5
5308,0,418.9,362.46,2017-11-23,4 - Soir,4 - Jeudi,Sur place,CA,,23
5310,450,0.0,0.0,2017-11-24,,5 - Vendredi,,CA,,0
5312,0,9.5,8.64,2017-11-24,1 - Matin,5 - Vendredi,Limonade,CA,,1
5313,0,389.8,354.29,2017-11-24,2 - Midi,5 - Vendredi,À emporter,CA,,26
5314,0,29.8,26.56,2017-11-24,2 - Midi,5 - Vendredi,Limonade,CA,,6
5315,0,139.75,127.04,2017-11-24,2 - Midi,5 - Vendredi,Livraison,CA,KM,3
5316,0,1011.9,918.27,2017-11-24,2 - Midi,5 - Vendredi,Sur place,CA,,62
5317,0,686.05,623.96,2017-11-24,3 - Après-midi,5 - Vendredi,Livraison,CA,KM,1
5318,-14,0.0,0.0,2017-11-24,4 - Soir,5 - Vendredi,,CA,,0
5321,0,110.0,100.0,2017-11-24,4 - Soir,5 - Vendredi,À emporter,CA,KM,1
5322,0,247.0,224.35,2017-11-24,4 - Soir,5 - Vendredi,À emporter,CA,,12
5323,0,413.6,375.58,2017-11-24,4 - Soir,5 - Vendredi,Limonade,CA,KM,1
5324,0,11.4,10.36,2017-11-24,4 - Soir,5 - Vendredi,Limonade,CA,,1
5325,0,2039.8,1854.06,2017-11-24,4 - Soir,5 - Vendredi,Livraison,CA,KM,4
5326,0,312.0,283.12,2017-11-24,4 - Soir,5 - Vendredi,Sur place,CA,,14
5328,495,0.0,0.0,2017-11-25,,6 - Samedi,,CA,,0
5330,0,140.75,127.95,2017-11-25,2 - Midi,6 - Samedi,À emporter,CA,,7
5332,0,30.0,26.02,2017-11-25,2 - Midi,6 - Samedi,Limonade,CA,,4
5333,0,1366.65,1241.59,2017-11-25,2 - Midi,6 - Samedi,Sur place,CA,,57
5335,0,13.5,12.27,2017-11-25,3 - Après-midi,6 - Samedi,À emporter,CA,,1
5336,0,5.0,4.54,2017-11-25,3 - Après-midi,6 - Samedi,Limonade,CA,,2
5337,0,1107.6,1006.98,2017-11-25,3 - Après-midi,6 - Samedi,Livraison,CA,KM,5
5338,0,83.5,75.89,2017-11-25,3 - Après-midi,6 - Samedi,Sur place,CA,,3
5339,-18,0.0,0.0,2017-11-25,4 - Soir,6 - Samedi,,CA,,0
5342,0,175.0,158.82,2017-11-25,4 - Soir,6 - Samedi,À emporter,CA,,10
5343,0,9.0,7.76,2017-11-25,4 - Soir,6 - Samedi,Limonade,CA,,1
5344,0,2298.85,2089.93,2017-11-25,4 - Soir,6 - Samedi,Livraison,CA,KM,4
5345,0,558.6,506.22,2017-11-25,4 - Soir,6 - Samedi,Sur place,CA,KM,1
5346,0,194.5,176.78,2017-11-25,4 - Soir,6 - Samedi,Sur place,CA,,10
5348,255,0.0,0.0,2017-11-26,,7 - Dimanche,,CA,,0
5351,0,26.0,23.55,2017-11-26,3 - Après-midi,7 - Dimanche,Sur place,CA,,1
5352,-9,0.0,0.0,2017-11-26,4 - Soir,7 - Dimanche,,CA,,0
5355,0,136.9,124.45,2017-11-26,4 - Soir,7 - Dimanche,À emporter,CA,,7
5356,0,16.0,14.54,2017-11-26,4 - Soir,7 - Dimanche,Limonade,CA,,2
5357,0,2873.11,2575.05,2017-11-26,4 - Soir,7 - Dimanche,Livraison,CA,KM,7
5359,0,235.5,213.69,2017-11-26,4 - Soir,7 - Dimanche,Sur place,CA,,11
5361,188,0.0,0.0,2017-11-27,,1 - Lundi,,CA,,0
5363,0,199.5,181.31,2017-11-27,2 - Midi,1 - Lundi,À emporter,CA,,9
5364,0,175.4,159.45,2017-11-27,2 - Midi,1 - Lundi,Limonade,CA,KM,2
5365,0,4.0,3.63,2017-11-27,2 - Midi,1 - Lundi,Limonade,CA,,2
5366,0,182.9,166.25,2017-11-27,2 - Midi,1 - Lundi,Livraison,CA,KM,2
5367,0,544.5,494.8,2017-11-27,2 - Midi,1 - Lundi,Sur place,CA,,33
5368,0,32.0,28.71,2017-11-27,3 - Après-midi,1 - Lundi,À emporter,CA,,1
5369,0,55.5,50.45,2017-11-27,3 - Après-midi,1 - Lundi,Sur place,CA,,2
5370,-14,0.0,0.0,2017-11-27,4 - Soir,1 - Lundi,,CA,,0
5373,0,32.5,29.54,2017-11-27,4 - Soir,1 - Lundi,À emporter,CA,KM,1
5374,0,82.5,74.99,2017-11-27,4 - Soir,1 - Lundi,À emporter,CA,,5
5375,0,23.8,21.64,2017-11-27,4 - Soir,1 - Lundi,Limonade,CA,,2
5376,0,926.25,841.94,2017-11-27,4 - Soir,1 - Lundi,Livraison,CA,KM,5
5377,0,282.5,255.63,2017-11-27,4 - Soir,1 - Lundi,Sur place,CA,,11
5379,218,0.0,0.0,2017-11-28,,2 - Mardi,,CA,,0
5381,0,3.0,2.73,2017-11-28,1 - Matin,2 - Mardi,Limonade,CA,,1
5382,0,12.5,11.36,2017-11-28,2 - Midi,2 - Mardi,À emporter,CA,KM,1
5383,0,59.0,53.63,2017-11-28,2 - Midi,2 - Mardi,À emporter,CA,,3
5384,0,62.0,56.28,2017-11-28,2 - Midi,2 - Mardi,À emporter,CA,,4
5385,0,65.5,59.55,2017-11-28,2 - Midi,2 - Mardi,Limonade,CA,,9
5386,0,308.2,280.15,2017-11-28,2 - Midi,2 - Mardi,Livraison,CA,KM,5
5387,0,262.9,238.62,2017-11-28,2 - Midi,2 - Mardi,Sur place,CA,,16
5388,0,588.9,535.09,2017-11-28,2 - Midi,2 - Mardi,Sur place,CA,,37
5389,-14,0.0,0.0,2017-11-28,4 - Soir,2 - Mardi,,CA,,0
5392,0,28.0,25.45,2017-11-28,4 - Soir,2 - Mardi,À emporter,CA,KM,1
5393,0,86.5,78.62,2017-11-28,4 - Soir,2 - Mardi,À emporter,CA,,4
5394,0,1369.42,1244.29,2017-11-28,4 - Soir,2 - Mardi,Livraison,CA,KM,5
5395,0,104.0,94.3,2017-11-28,4 - Soir,2 - Mardi,Sur place,CA,,6
5397,263,0.0,0.0,2017-11-29,,3 - Mercredi,,CA,,0
5400,0,1.5,1.36,2017-11-29,1 - Matin,3 - Mercredi,Limonade,CA,,1
5401,-1,0.0,0.0,2017-11-29,2 - Midi,3 - Mercredi,,CA,,0
5404,0,64.5,58.63,2017-11-29,2 - Midi,3 - Mercredi,À emporter,CA,,5
5405,0,77.5,70.53,2017-11-29,2 - Midi,3 - Mercredi,À emporter,CA,,6
5406,0,8.0,6.85,2017-11-29,2 - Midi,3 - Mercredi,Limonade,CA,,2
5407,0,495.0,449.94,2017-11-29,2 - Midi,3 - Mercredi,Livraison,CA,KM,5
5408,0,265.5,241.15,2017-11-29,2 - Midi,3 - Mercredi,Sur place,CA,,17
5409,0,672.05,610.56,2017-11-29,2 - Midi,3 - Mercredi,Sur place,CA,,34
5413,0,12.5,11.36,2017-11-29,3 - Après-midi,3 - Mercredi,À emporter,CA,,1
5414,0,36.0,32.34,2017-11-29,3 - Après-midi,3 - Mercredi,Sur place,CA,,2
5415,-16,0.0,0.0,2017-11-29,4 - Soir,3 - Mercredi,,CA,,0
5418,0,125.8,114.34,2017-11-29,4 - Soir,3 - Mercredi,À emporter,CA,,7
5419,0,5.5,5.0,2017-11-29,4 - Soir,3 - Mercredi,Limonade,CA,,1
5420,0,195.8,177.98,2017-11-29,4 - Soir,3 - Mercredi,Livraison,CA,KM,1
5421,0,1443.31,1311.55,2017-11-29,4 - Soir,3 - Mercredi,Livraison,CA,KM,4
5423,0,162.0,147.25,2017-11-29,4 - Soir,3 - Mercredi,Sur place,CA,,9
5425,311,0.0,0.0,2017-11-30,,4 - Jeudi,,CA,,0
5427,-2,0.0,0.0,2017-11-30,2 - Midi,4 - Jeudi,,CA,,0
5430,0,44.0,40.0,2017-11-30,2 - Midi,4 - Jeudi,À emporter,CA,,3
5431,0,194.5,176.81,2017-11-30,2 - Midi,4 - Jeudi,À emporter,CA,,14
5432,0,4.0,3.64,2017-11-30,2 - Midi,4 - Jeudi,Limonade,CA,,1
5433,0,4.95,3.15,2017-11-30,2 - Midi,4 - Jeudi,Limonade,CA,,3
5435,0,416.0,378.19,2017-11-30,2 - Midi,4 - Jeudi,Livraison,CA,KM,5
5436,0,283.5,257.68,2017-11-30,2 - Midi,4 - Jeudi,Sur place,CA,,16
5437,0,624.0,567.02,2017-11-30,2 - Midi,4 - Jeudi,Sur place,CA,,39
5439,-16,0.0,0.0,2017-11-30,4 - Soir,4 - Jeudi,,CA,,0
5442,0,169.0,153.53,2017-11-30,4 - Soir,4 - Jeudi,À emporter,CA,,10
5443,0,17.5,15.92,2017-11-30,4 - Soir,4 - Jeudi,Limonade,CA,,2
5444,0,662.0,601.75,2017-11-30,4 - Soir,4 - Jeudi,Livraison,CA,KM,1
5445,0,1607.86,1460.77,2017-11-30,4 - Soir,4 - Jeudi,Livraison,CA,KM,4
5446,0,372.5,338.41,2017-11-30,4 - Soir,4 - Jeudi,Sur place,CA,,24
5448,366,0.0,0.0,2017-12-01,,5 - Vendredi,,CA,,0
5452,0,20.0,18.19,2017-12-01,2 - Midi,5 - Vendredi,À emporter,CA,KM,1
5453,0,61.5,55.9,2017-12-01,2 - Midi,5 - Vendredi,À emporter,CA,,5
5454,0,149.0,135.44,2017-12-01,2 - Midi,5 - Vendredi,À emporter,CA,,11
5455,0,29.82,26.83,2017-12-01,2 - Midi,5 - Vendredi,Limonade,CA,,8
5456,0,321.35,292.21,2017-12-01,2 - Midi,5 - Vendredi,Livraison,CA,KM,5
5457,0,282.5,256.09,2017-12-01,2 - Midi,5 - Vendredi,Sur place,CA,,20
5458,0,796.45,723.62,2017-12-01,2 - Midi,5 - Vendredi,Sur place,CA,,46
5460,0,37.9,34.45,2017-12-01,3 - Après-midi,5 - Vendredi,À emporter,CA,,1
5461,0,35.0,31.62,2017-12-01,3 - Après-midi,5 - Vendredi,Sur place,CA,,1
5463,-16,0.0,0.0,2017-12-01,4 - Soir,5 - Vendredi,,CA,,0
5466,0,68.0,61.8,2017-12-01,4 - Soir,5 - Vendredi,À emporter,CA,KM,1
5467,0,395.8,359.75,2017-12-01,4 - Soir,5 - Vendredi,À emporter,CA,,17
5468,0,17.0,15.45,2017-12-01,4 - Soir,5 - Vendredi,Limonade,CA,,3
5469,0,2469.4,2243.44,2017-12-01,4 - Soir,5 - Vendredi,Livraison,CA,KM,5
5470,0,464.8,420.17,2017-12-01,4 - Soir,5 - Vendredi,Sur place,CA,,18
5473,380,0.0,0.0,2017-12-02,,6 - Samedi,,CA,,0
5475,0,89.5,81.39,2017-12-02,2 - Midi,6 - Samedi,À emporter,CA,,7
5476,0,38.9,35.29,2017-12-02,2 - Midi,6 - Samedi,Limonade,CA,,8
5478,0,158.5,144.15,2017-12-02,2 - Midi,6 - Samedi,Livraison,CA,KM,1
5480,0,1132.8,1028.96,2017-12-02,2 - Midi,6 - Samedi,Sur place,CA,,41
5481,0,42.5,38.64,2017-12-02,3 - Après-midi,6 - Samedi,À emporter,CA,KM,1
5482,0,11.5,10.45,2017-12-02,3 - Après-midi,6 - Samedi,À emporter,CA,,1
5483,0,2598.3,2361.82,2017-12-02,3 - Après-midi,6 - Samedi,Livraison,CA,KM,7
5484,0,25.0,22.72,2017-12-02,3 - Après-midi,6 - Samedi,Sur place,CA,,1
5485,0,129.5,117.09,2017-12-02,3 - Après-midi,6 - Samedi,Sur place,CA,,5
5486,-20,0.0,0.0,2017-12-02,4 - Soir,6 - Samedi,,CA,,0
5489,0,48.9,44.49,2017-12-02,4 - Soir,6 - Samedi,À emporter,CA,KM,1
5490,0,147.5,133.74,2017-12-02,4 - Soir,6 - Samedi,À emporter,CA,,5
5491,0,21.5,19.55,2017-12-02,4 - Soir,6 - Samedi,Limonade,CA,,3
5492,0,465.13,422.79,2017-12-02,4 - Soir,6 - Samedi,Livraison,CA,KM,2
5493,0,368.5,333.17,2017-12-02,4 - Soir,6 - Samedi,Sur place,CA,,14
5495,439,0.0,0.0,2017-12-03,,7 - Dimanche,,CA,,0
5498,0,67.0,60.95,2017-12-03,2 - Midi,7 - Dimanche,À emporter,CA,,1
5499,0,20.5,18.22,2017-12-03,2 - Midi,7 - Dimanche,Limonade,CA,,3
5500,0,498.2,452.99,2017-12-03,2 - Midi,7 - Dimanche,Livraison,CA,KM,1
5501,0,560.2,509.42,2017-12-03,2 - Midi,7 - Dimanche,Livraison,CA,,1
5502,0,639.4,580.76,2017-12-03,2 - Midi,7 - Dimanche,Sur place,CA,,26
5503,0,26.5,24.09,2017-12-03,3 - Après-midi,7 - Dimanche,À emporter,CA,,2
5504,0,40.0,34.53,2017-12-03,3 - Après-midi,7 - Dimanche,Limonade,CA,,5
5505,0,259.9,236.28,2017-12-03,3 - Après-midi,7 - Dimanche,Livraison,CA,KM,1
5506,0,2921.1,2654.84,2017-12-03,3 - Après-midi,7 - Dimanche,Livraison,CA,KM,3
5507,0,268.5,243.92,2017-12-03,3 - Après-midi,7 - Dimanche,Sur place,CA,,11
5508,-17,0.0,0.0,2017-12-03,4 - Soir,7 - Dimanche,,CA,,0
5511,0,31.0,28.18,2017-12-03,4 - Soir,7 - Dimanche,À emporter,CA,KM,1
5512,0,69.5,63.18,2017-12-03,4 - Soir,7 - Dimanche,À emporter,CA,,3
5513,0,7.5,6.82,2017-12-03,4 - Soir,7 - Dimanche,Limonade,CA,,2
5514,0,850.21,772.43,2017-12-03,4 - Soir,7 - Dimanche,Livraison,CA,KM,2
5515,0,249.4,225.55,2017-12-03,4 - Soir,7 - Dimanche,Sur place,CA,,10
5518,209,0.0,0.0,2017-12-04,,1 - Lundi,,CA,,0
5520,0,1.5,1.36,2017-12-04,1 - Matin,1 - Lundi,Limonade,CA,,1
5521,0,23.5,21.36,2017-12-04,2 - Midi,1 - Lundi,À emporter,CA,,2
5522,0,19.9,18.1,2017-12-04,2 - Midi,1 - Lundi,Limonade,CA,,4
5523,0,170.3,154.89,2017-12-04,2 - Midi,1 - Lundi,Livraison,CA,KM,3
5525,0,910.0,824.88,2017-12-04,2 - Midi,1 - Lundi,Sur place,CA,,51
5526,0,25.0,22.72,2017-12-04,3 - Après-midi,1 - Lundi,Sur place,CA,,2
5527,-14,0.0,0.0,2017-12-04,4 - Soir,1 - Lundi,,CA,,0
5530,0,31.0,28.18,2017-12-04,4 - Soir,1 - Lundi,À emporter,CA,KM,1
5531,0,112.5,102.29,2017-12-04,4 - Soir,1 - Lundi,À emporter,CA,,6
5532,0,335.9,305.5,2017-12-04,4 - Soir,1 - Lundi,Livraison,CA,KM,1
5533,0,1033.2,939.41,2017-12-04,4 - Soir,1 - Lundi,Livraison,CA,KM,4
5534,0,272.0,246.65,2017-12-04,4 - Soir,1 - Lundi,Sur place,CA,,12
5537,272,0.0,0.0,2017-12-05,,2 - Mardi,,CA,,0
5540,0,31.0,28.18,2017-12-05,2 - Midi,2 - Mardi,À emporter,CA,,1
5541,0,285.0,259.08,2017-12-05,2 - Midi,2 - Mardi,À emporter,CA,,16
5542,0,3.0,2.73,2017-12-05,2 - Midi,2 - Mardi,Limonade,CA,,1
5543,0,191.9,174.54,2017-12-05,2 - Midi,2 - Mardi,Livraison,CA,KM,3
5544,0,786.8,714.58,2017-12-05,2 - Midi,2 - Mardi,Sur place,CA,,39
5545,0,-33.21,-33.21,2017-12-05,3 - Après-midi,2 - Mardi,Limonade,CA,,1
5546,-15,0.0,0.0,2017-12-05,4 - Soir,2 - Mardi,,CA,,0
5549,0,30.5,27.73,2017-12-05,4 - Soir,2 - Mardi,À emporter,CA,KM,1
5550,0,22.5,20.45,2017-12-05,4 - Soir,2 - Mardi,À emporter,CA,,1
5551,0,90.0,81.81,2017-12-05,4 - Soir,2 - Mardi,À emporter,CA,,5
5552,0,351.2,319.28,2017-12-05,4 - Soir,2 - Mardi,Livraison,CA,KM,1
5553,0,1718.01,1560.78,2017-12-05,4 - Soir,2 - Mardi,Livraison,CA,KM,4
5555,0,26.5,24.19,2017-12-05,4 - Soir,2 - Mardi,Sur place,CA,,1
5556,0,170.4,154.17,2017-12-05,4 - Soir,2 - Mardi,Sur place,CA,,10
5558,286,0.0,0.0,2017-12-06,,3 - Mercredi,,CA,,0
5561,0,54.0,49.09,2017-12-06,2 - Midi,3 - Mercredi,À emporter,CA,,4
5562,0,297.5,270.44,2017-12-06,2 - Midi,3 - Mercredi,À emporter,CA,,18
5563,0,16.0,14.54,2017-12-06,2 - Midi,3 - Mercredi,Limonade,CA,,4
5564,0,268.85,244.62,2017-12-06,2 - Midi,3 - Mercredi,Livraison,CA,KM,4
5566,0,208.0,188.94,2017-12-06,2 - Midi,3 - Mercredi,Sur place,CA,,14
5567,0,667.4,606.17,2017-12-06,2 - Midi,3 - Mercredi,Sur place,CA,,37
5568,0,3.98,3.08,2017-12-06,3 - Après-midi,3 - Mercredi,Limonade,CA,,2
5569,0,77.5,70.49,2017-12-06,3 - Après-midi,3 - Mercredi,Sur place,CA,,4
5570,-16,0.0,0.0,2017-12-06,4 - Soir,3 - Mercredi,,CA,,0
5573,0,173.0,157.16,2017-12-06,4 - Soir,3 - Mercredi,À emporter,CA,,8
5574,0,403.3,366.7,2017-12-06,4 - Soir,3 - Mercredi,Limonade,CA,KM,1
5575,0,22.9,20.87,2017-12-06,4 - Soir,3 - Mercredi,Limonade,CA,,2
5576,0,1219.05,1108.35,2017-12-06,4 - Soir,3 - Mercredi,Livraison,CA,KM,4
5577,0,47.5,43.1,2017-12-06,4 - Soir,3 - Mercredi,Sur place,CA,,3
5578,0,464.4,417.14,2017-12-06,4 - Soir,3 - Mercredi,Sur place,CA,,23
5580,282,0.0,0.0,2017-12-07,,4 - Jeudi,,CA,,0
5583,0,96.9,88.04,2017-12-07,2 - Midi,4 - Jeudi,À emporter,CA,,6
5584,0,106.5,96.84,2017-12-07,2 - Midi,4 - Jeudi,À emporter,CA,,7
5585,0,9.9,9.0,2017-12-07,2 - Midi,4 - Jeudi,Limonade,CA,,1
5586,0,60.9,55.57,2017-12-07,2 - Midi,4 - Jeudi,Limonade,CA,,9
5587,0,430.71,391.53,2017-12-07,2 - Midi,4 - Jeudi,Livraison,CA,KM,5
5588,0,514.0,464.96,2017-12-07,2 - Midi,4 - Jeudi,Sur place,CA,,26
5589,0,799.3,726.25,2017-12-07,2 - Midi,4 - Jeudi,Sur place,CA,,46
5590,0,22.4,20.36,2017-12-07,3 - Après-midi,4 - Jeudi,À emporter,CA,,1
5591,0,28.0,25.45,2017-12-07,3 - Après-midi,4 - Jeudi,Sur place,CA,,2
5592,-14,0.0,0.0,2017-12-07,4 - Soir,4 - Jeudi,,CA,,0
5595,0,180.3,163.73,2017-12-07,4 - Soir,4 - Jeudi,À emporter,CA,,8
5596,0,9.9,9.0,2017-12-07,4 - Soir,4 - Jeudi,Limonade,CA,,1
5597,0,1248.1,1134.49,2017-12-07,4 - Soir,4 - Jeudi,Livraison,CA,KM,5
5598,0,376.0,341.22,2017-12-07,4 - Soir,4 - Jeudi,Sur place,CA,,17
5600,452,0.0,0.0,2017-12-08,,5 - Vendredi,,CA,,0
5603,-1,0.0,0.0,2017-12-08,2 - Midi,5 - Vendredi,,CA,,0
5606,0,99.5,90.36,2017-12-08,2 - Midi,5 - Vendredi,À emporter,CA,,6
5607,0,152.0,138.16,2017-12-08,2 - Midi,5 - Vendredi,À emporter,CA,,11
5608,0,9.9,9.0,2017-12-08,2 - Midi,5 - Vendredi,Limonade,CA,,1
5609,0,37.3,33.64,2017-12-08,2 - Midi,5 - Vendredi,Limonade,CA,,7
5610,0,619.3,562.93,2017-12-08,2 - Midi,5 - Vendredi,Livraison,CA,KM,4
5611,0,490.4,445.33,2017-12-08,2 - Midi,5 - Vendredi,Sur place,CA,,31
5612,0,1269.0,1151.88,2017-12-08,2 - Midi,5 - Vendredi,Sur place,CA,,67
5615,0,9.9,9.0,2017-12-08,3 - Après-midi,5 - Vendredi,Limonade,CA,,1
5616,0,57.0,51.82,2017-12-08,3 - Après-midi,5 - Vendredi,Livraison,CA,KM,1
5617,0,72.9,65.98,2017-12-08,3 - Après-midi,5 - Vendredi,Sur place,CA,,2
5618,-18,0.0,0.0,2017-12-08,4 - Soir,5 - Vendredi,,CA,,0
5621,0,18.5,16.82,2017-12-08,4 - Soir,5 - Vendredi,À emporter,CA,KM,1
5622,0,203.0,184.26,2017-12-08,4 - Soir,5 - Vendredi,À emporter,CA,,11
5623,0,1.5,1.36,2017-12-08,4 - Soir,5 - Vendredi,Limonade,CA,,1
5624,0,16.4,14.83,2017-12-08,4 - Soir,5 - Vendredi,Limonade,CA,,2
5625,0,1098.06,998.14,2017-12-08,4 - Soir,5 - Vendredi,Livraison,CA,KM,2
5626,0,1205.7,1095.04,2017-12-08,4 - Soir,5 - Vendredi,Livraison,CA,KM,3
5628,0,871.9,788.86,2017-12-08,4 - Soir,5 - Vendredi,Sur place,CA,,39
5630,556,0.0,0.0,2017-12-09,,6 - Samedi,,CA,,0
5632,0,72.0,65.44,2017-12-09,2 - Midi,6 - Samedi,À emporter,CA,,5
5633,0,14.4,13.09,2017-12-09,2 - Midi,6 - Samedi,Limonade,CA,,2
5634,0,118.05,107.31,2017-12-09,2 - Midi,6 - Samedi,Livraison,CA,KM,1
5635,0,257.0,233.61,2017-12-09,2 - Midi,6 - Samedi,Sur place,CA,,2
5636,0,82.0,74.53,2017-12-09,2 - Midi,6 - Samedi,Sur place,CA,,4
5637,0,1813.6,1645.0,2017-12-09,2 - Midi,6 - Samedi,Sur place,CA,,77
5639,0,36.0,32.72,2017-12-09,3 - Après-midi,6 - Samedi,À emporter,CA,,1
5640,0,31.9,28.2,2017-12-09,3 - Après-midi,6 - Samedi,Limonade,CA,,5
5641,0,718.3,652.94,2017-12-09,3 - Après-midi,6 - Samedi,Livraison,CA,KM,1
5642,0,536.4,486.64,2017-12-09,3 - Après-midi,6 - Samedi,Livraison,CA,KM,3
5643,0,255.9,232.07,2017-12-09,3 - Après-midi,6 - Samedi,Sur place,CA,,10
5644,-23,0.0,0.0,2017-12-09,4 - Soir,6 - Samedi,,CA,,0
5647,0,25.5,23.18,2017-12-09,4 - Soir,6 - Samedi,À emporter,CA,KM,1
5648,0,34.5,31.1,2017-12-09,4 - Soir,6 - Samedi,À emporter,CA,,1
5649,0,276.9,251.7,2017-12-09,4 - Soir,6 - Samedi,À emporter,CA,,10
5650,0,55.2,50.17,2017-12-09,4 - Soir,6 - Samedi,Limonade,CA,,7
5651,0,1184.49,1075.95,2017-12-09,4 - Soir,6 - Samedi,Livraison,CA,KM,2
5652,0,1459.0,1326.19,2017-12-09,4 - Soir,6 - Samedi,Livraison,CA,KM,3
5653,0,731.7,664.78,2017-12-09,4 - Soir,6 - Samedi,Sur place,CA,,35
5655,525,0.0,0.0,2017-12-10,,7 - Dimanche,,CA,,0
5658,0,59.0,53.63,2017-12-10,2 - Midi,7 - Dimanche,À emporter,CA,,4
5659,0,21.9,19.91,2017-12-10,2 - Midi,7 - Dimanche,Limonade,CA,,4
5660,0,940.4,854.55,2017-12-10,2 - Midi,7 - Dimanche,Livraison,CA,KM,1
5661,0,1106.0,1003.71,2017-12-10,2 - Midi,7 - Dimanche,Sur place,CA,,36
5662,0,133.9,121.7,2017-12-10,3 - Après-midi,7 - Dimanche,À emporter,CA,,4
5663,0,29.4,25.92,2017-12-10,3 - Après-midi,7 - Dimanche,Limonade,CA,,7
5665,0,51.5,46.82,2017-12-10,3 - Après-midi,7 - Dimanche,Livraison,CA,KM,1
5666,0,816.4,742.11,2017-12-10,3 - Après-midi,7 - Dimanche,Livraison,CA,KM,2
5667,0,273.5,248.11,2017-12-10,3 - Après-midi,7 - Dimanche,Sur place,CA,,13
5668,-16,0.0,0.0,2017-12-10,4 - Soir,7 - Dimanche,,CA,,0
5671,0,14.5,13.18,2017-12-10,4 - Soir,7 - Dimanche,À emporter,CA,KM,1
5672,0,365.4,330.84,2017-12-10,4 - Soir,7 - Dimanche,À emporter,CA,,15
5673,0,2.5,2.27,2017-12-10,4 - Soir,7 - Dimanche,Limonade,CA,,1
5674,0,766.15,695.81,2017-12-10,4 - Soir,7 - Dimanche,Livraison,CA,KM,2
5675,0,2579.7,2344.33,2017-12-10,4 - Soir,7 - Dimanche,Livraison,CA,KM,3
5676,0,335.9,304.89,2017-12-10,4 - Soir,7 - Dimanche,Sur place,CA,,14
5678,250,0.0,0.0,2017-12-11,,1 - Lundi,,CA,,0
5681,-1,0.0,0.0,2017-12-11,2 - Midi,1 - Lundi,,CA,,0
5684,0,174.5,158.61,2017-12-11,2 - Midi,1 - Lundi,À emporter,CA,,11
5686,0,51.8,46.43,2017-12-11,2 - Midi,1 - Lundi,Limonade,CA,,10
5687,0,304.35,276.65,2017-12-11,2 - Midi,1 - Lundi,Livraison,CA,KM,5
5688,0,911.25,827.66,2017-12-11,2 - Midi,1 - Lundi,Sur place,CA,,52
5690,0,47.5,42.83,2017-12-11,3 - Après-midi,1 - Lundi,À emporter,CA,,2
5692,0,5.5,5.0,2017-12-11,3 - Après-midi,1 - Lundi,Limonade,CA,,1
5693,0,37.5,34.08,2017-12-11,3 - Après-midi,1 - Lundi,Sur place,CA,,1
5694,-10,0.0,0.0,2017-12-11,4 - Soir,1 - Lundi,,CA,,0
5697,0,105.3,95.71,2017-12-11,4 - Soir,1 - Lundi,À emporter,CA,,4
5698,0,1755.15,1595.39,2017-12-11,4 - Soir,1 - Lundi,Livraison,CA,KM,5
5699,0,106.0,96.35,2017-12-11,4 - Soir,1 - Lundi,Sur place,CA,,5
5701,270,0.0,0.0,2017-12-12,,2 - Mardi,,CA,,0
5704,0,18.0,16.36,2017-12-12,2 - Midi,2 - Mardi,À emporter,CA,KM,1
5705,0,63.0,57.26,2017-12-12,2 - Midi,2 - Mardi,À emporter,CA,,2
5706,0,66.4,60.35,2017-12-12,2 - Midi,2 - Mardi,À emporter,CA,,5
5707,0,12.9,11.72,2017-12-12,2 - Midi,2 - Mardi,Limonade,CA,,3
5708,0,345.15,313.73,2017-12-12,2 - Midi,2 - Mardi,Livraison,CA,KM,4
5709,0,315.0,285.65,2017-12-12,2 - Midi,2 - Mardi,Sur place,CA,,19
5710,0,626.9,568.5,2017-12-12,2 - Midi,2 - Mardi,Sur place,CA,,40
5712,0,24.5,22.27,2017-12-12,3 - Après-midi,2 - Mardi,Sur place,CA,,1
5713,-30,0.0,0.0,2017-12-12,4 - Soir,2 - Mardi,,CA,,0
5716,0,40.5,36.81,2017-12-12,4 - Soir,2 - Mardi,À emporter,CA,KM,1
5717,0,182.0,165.35,2017-12-12,4 - Soir,2 - Mardi,À emporter,CA,,9
5718,0,9.55,8.29,2017-12-12,4 - Soir,2 - Mardi,Limonade,CA,,3
5719,0,605.0,549.97,2017-12-12,4 - Soir,2 - Mardi,Livraison,CA,KM,2
5720,0,979.0,888.32,2017-12-12,4 - Soir,2 - Mardi,Livraison,CA,KM,3
5721,0,262.9,238.65,2017-12-12,4 - Soir,2 - Mardi,Sur place,CA,,13
5723,230,0.0,0.0,2017-12-13,,3 - Mercredi,,CA,,0
5727,0,12.5,11.36,2017-12-13,2 - Midi,3 - Mercredi,À emporter,CA,KM,1
5728,0,40.0,36.36,2017-12-13,2 - Midi,3 - Mercredi,À emporter,CA,,2
5729,0,67.5,61.36,2017-12-13,2 - Midi,3 - Mercredi,À emporter,CA,,5
5730,0,31.5,28.64,2017-12-13,2 - Midi,3 - Mercredi,Limonade,CA,,2
5731,0,101.3,92.02,2017-12-13,2 - Midi,3 - Mercredi,Limonade,CA,,5
5733,0,107.65,97.85,2017-12-13,2 - Midi,3 - Mercredi,Livraison,CA,KM,2
5734,0,209.5,190.43,2017-12-13,2 - Midi,3 - Mercredi,Livraison,CA,KM,3
5735,0,11.5,10.46,2017-12-13,2 - Midi,3 - Mercredi,Sur place,CA,,1
5736,0,297.0,269.81,2017-12-13,2 - Midi,3 - Mercredi,Sur place,CA,,16
5737,0,426.4,386.98,2017-12-13,2 - Midi,3 - Mercredi,Sur place,CA,,24
5738,0,61.4,55.82,2017-12-13,3 - Après-midi,3 - Mercredi,Limonade,CA,,1
5740,0,17.0,15.45,2017-12-13,3 - Après-midi,3 - Mercredi,Sur place,CA,,1
5741,0,81.0,73.62,2017-12-13,3 - Après-midi,3 - Mercredi,Sur place,CA,,3
5742,0,45.0,40.82,2017-12-13,4 - Soir,3 - Mercredi,À emporter,CA,,2
5743,0,103.5,94.09,2017-12-13,4 - Soir,3 - Mercredi,À emporter,CA,,5
5744,0,31.5,28.64,2017-12-13,4 - Soir,3 - Mercredi,Limonade,CA,,1
5745,0,1446.05,1314.21,2017-12-13,4 - Soir,3 - Mercredi,Livraison,CA,KM,6
5746,0,33.4,30.36,2017-12-13,4 - Soir,3 - Mercredi,Sur place,CA,,2
5747,0,254.5,230.48,2017-12-13,4 - Soir,3 - Mercredi,Sur place,CA,,13
5748,275,0.0,0.0,2017-12-14,,4 - Jeudi,,CA,,0
5752,0,21.0,19.09,2017-12-14,1 - Matin,4 - Jeudi,Sur place,CA,,1
5753,-4,0.0,0.0,2017-12-14,2 - Midi,4 - Jeudi,,CA,,0
5756,0,98.0,89.09,2017-12-14,2 - Midi,4 - Jeudi,À emporter,CA,,7
5757,0,174.0,158.16,2017-12-14,2 - Midi,4 - Jeudi,À emporter,CA,,11
5758,0,4.0,3.64,2017-12-14,2 - Midi,4 - Jeudi,Limonade,CA,,1
5759,0,37.7,34.28,2017-12-14,2 - Midi,4 - Jeudi,Limonade,CA,,5
5760,0,336.35,305.71,2017-12-14,2 - Midi,4 - Jeudi,Livraison,CA,KM,4
5761,0,359.5,325.74,2017-12-14,2 - Midi,4 - Jeudi,Sur place,CA,,21
5762,0,627.75,569.82,2017-12-14,2 - Midi,4 - Jeudi,Sur place,CA,,37
5766,0,18.5,16.82,2017-12-14,3 - Après-midi,4 - Jeudi,À emporter,CA,,1
5767,0,1.5,1.36,2017-12-14,3 - Après-midi,4 - Jeudi,Limonade,CA,,1
5768,-14,0.0,0.0,2017-12-14,4 - Soir,4 - Jeudi,,CA,,0
5771,0,197.6,179.43,2017-12-14,4 - Soir,4 - Jeudi,À emporter,CA,,10
5773,0,909.3,826.25,2017-12-14,4 - Soir,4 - Jeudi,Livraison,CA,KM,2
5774,0,747.35,678.96,2017-12-14,4 - Soir,4 - Jeudi,Livraison,CA,KM,3
5775,0,268.5,243.63,2017-12-14,4 - Soir,4 - Jeudi,Sur place,CA,,14
5777,409,0.0,0.0,2017-12-15,,5 - Vendredi,,CA,,0
5779,-4,0.0,0.0,2017-12-15,2 - Midi,5 - Vendredi,,CA,,0
5782,0,58.0,52.72,2017-12-15,2 - Midi,5 - Vendredi,À emporter,CA,,4
5783,0,144.0,130.89,2017-12-15,2 - Midi,5 - Vendredi,À emporter,CA,,10
5784,0,23.8,21.64,2017-12-15,2 - Midi,5 - Vendredi,Limonade,CA,,3
5785,0,10.2,7.85,2017-12-15,2 - Midi,5 - Vendredi,Limonade,CA,,5
5786,0,614.65,558.72,2017-12-15,2 - Midi,5 - Vendredi,Livraison,CA,KM,5
5787,0,390.7,354.59,2017-12-15,2 - Midi,5 - Vendredi,Sur place,CA,,24
5788,0,800.5,727.35,2017-12-15,2 - Midi,5 - Vendredi,Sur place,CA,,50
5790,0,-67.34,-67.57,2017-12-15,3 - Après-midi,5 - Vendredi,Limonade,CA,,2
5791,0,100.0,90.9,2017-12-15,4 - Soir,5 - Vendredi,À emporter,CA,,5
5792,0,13.5,11.44,2017-12-15,4 - Soir,5 - Vendredi,Limonade,CA,,2
5794,0,1305.98,1186.94,2017-12-15,4 - Soir,5 - Vendredi,Livraison,CA,KM,2
5795,0,1363.5,1239.39,2017-12-15,4 - Soir,5 - Vendredi,Livraison,CA,KM,3
5796,0,39.5,35.91,2017-12-15,4 - Soir,5 - Vendredi,Sur place,CA,KM,1
5797,0,1126.0,1009.15,2017-12-15,4 - Soir,5 - Vendredi,Sur place,CA,,22
5799,399,0.0,0.0,2017-12-16,,6 - Samedi,,CA,,0
5801,0,26.0,23.64,2017-12-16,2 - Midi,6 - Samedi,À emporter,CA,,1
5802,0,144.8,131.47,2017-12-16,2 - Midi,6 - Samedi,À emporter,CA,,6
5803,0,1.5,1.36,2017-12-16,2 - Midi,6 - Samedi,Limonade,CA,,1
5804,0,38.5,34.73,2017-12-16,2 - Midi,6 - Samedi,Limonade,CA,,6
5805,0,103.5,94.07,2017-12-16,2 - Midi,6 - Samedi,Sur place,CA,,3
5806,0,1279.2,1160.93,2017-12-16,2 - Midi,6 - Samedi,Sur place,CA,,53
5807,0,12.5,11.36,2017-12-16,3 - Après-midi,6 - Samedi,À emporter,CA,KM,1
5808,0,43.5,39.54,2017-12-16,3 - Après-midi,6 - Samedi,À emporter,CA,,1
5809,0,40.5,36.82,2017-12-16,3 - Après-midi,6 - Samedi,À emporter,CA,,2
5810,0,34.3,31.03,2017-12-16,3 - Après-midi,6 - Samedi,Limonade,CA,,3
5811,0,913.25,830.15,2017-12-16,3 - Après-midi,6 - Samedi,Livraison,CA,KM,5
5813,0,116.0,105.44,2017-12-16,3 - Après-midi,6 - Samedi,Sur place,CA,,6
5814,0,368.1,333.75,2017-12-16,3 - Après-midi,6 - Samedi,Sur place,CA,,13
5815,0,94.0,85.45,2017-12-16,4 - Soir,6 - Samedi,À emporter,CA,,5
5816,0,99.5,90.44,2017-12-16,4 - Soir,6 - Samedi,Limonade,CA,KM,1
5817,0,16.0,13.91,2017-12-16,4 - Soir,6 - Samedi,Limonade,CA,,4
5818,0,2014.99,1830.5,2017-12-16,4 - Soir,6 - Samedi,Livraison,CA,KM,5
5819,0,386.0,350.65,2017-12-16,4 - Soir,6 - Samedi,Sur place,CA,,19
5821,376,0.0,0.0,2017-12-17,,7 - Dimanche,,CA,,0
5823,0,39.5,35.91,2017-12-17,2 - Midi,7 - Dimanche,À emporter,CA,,2
5824,0,49.6,45.09,2017-12-17,2 - Midi,7 - Dimanche,Limonade,CA,,6
5825,0,700.0,635.91,2017-12-17,2 - Midi,7 - Dimanche,Sur place,CA,,36
5826,0,24.0,21.82,2017-12-17,3 - Après-midi,7 - Dimanche,À emporter,CA,,2
5827,0,4.35,3.96,2017-12-17,3 - Après-midi,7 - Dimanche,Limonade,CA,,2
5829,0,414.5,376.56,2017-12-17,3 - Après-midi,7 - Dimanche,Livraison,CA,KM,1
5830,0,1109.8,1008.82,2017-12-17,3 - Après-midi,7 - Dimanche,Livraison,CA,KM,2
5831,0,49.0,44.54,2017-12-17,3 - Après-midi,7 - Dimanche,Sur place,CA,,3
5832,0,135.0,122.62,2017-12-17,3 - Après-midi,7 - Dimanche,Sur place,CA,,4
5834,0,147.5,134.07,2017-12-17,4 - Soir,7 - Dimanche,À emporter,CA,,7
5835,0,6.5,5.65,2017-12-17,4 - Soir,7 - Dimanche,Limonade,CA,,2
5836,0,2579.95,2345.15,2017-12-17,4 - Soir,7 - Dimanche,Livraison,CA,KM,6
5837,0,210.5,191.13,2017-12-17,4 - Soir,7 - Dimanche,Sur place,CA,,9
5839,265,0.0,0.0,2017-12-18,,1 - Lundi,,CA,,0
5841,0,8.5,7.73,2017-12-18,2 - Midi,1 - Lundi,À emporter,CA,KM,1
5842,0,211.5,192.26,2017-12-18,2 - Midi,1 - Lundi,À emporter,CA,,13
5843,0,10.5,9.55,2017-12-18,2 - Midi,1 - Lundi,Limonade,CA,,2
5844,0,562.7,511.49,2017-12-18,2 - Midi,1 - Lundi,Livraison,CA,KM,5
5846,0,1009.65,917.17,2017-12-18,2 - Midi,1 - Lundi,Sur place,CA,,59
5848,0,-1.8,-2.38,2017-12-18,3 - Après-midi,1 - Lundi,Limonade,CA,,2
5849,0,48.45,44.04,2017-12-18,3 - Après-midi,1 - Lundi,Sur place,CA,,2
5852,0,36.5,33.17,2017-12-18,4 - Soir,1 - Lundi,À emporter,CA,KM,1
5853,0,31.0,28.17,2017-12-18,4 - Soir,1 - Lundi,À emporter,CA,,2
5854,0,1375.85,1249.28,2017-12-18,4 - Soir,1 - Lundi,Livraison,CA,KM,6
5855,0,602.5,544.97,2017-12-18,4 - Soir,1 - Lundi,Sur place,CA,,5
5856,250,0.0,0.0,2017-12-19,,2 - Mardi,,CA,,0
5858,0,1.5,1.36,2017-12-19,1 - Matin,2 - Mardi,Limonade,CA,,1
5859,0,12.5,11.36,2017-12-19,2 - Midi,2 - Mardi,À emporter,CA,,1
5860,0,79.0,71.81,2017-12-19,2 - Midi,2 - Mardi,À emporter,CA,,5
5861,0,22.3,20.27,2017-12-19,2 - Midi,2 - Mardi,Limonade,CA,,3
5862,0,250.9,228.06,2017-12-19,2 - Midi,2 - Mardi,Livraison,CA,KM,3
5863,0,985.3,894.84,2017-12-19,2 - Midi,2 - Mardi,Sur place,CA,,54
5865,0,434.8,395.27,2017-12-19,3 - Après-midi,2 - Mardi,Livraison,CA,KM,1
5866,0,42.5,38.63,2017-12-19,3 - Après-midi,2 - Mardi,Sur place,CA,,1
5867,-12,0.0,0.0,2017-12-19,4 - Soir,2 - Mardi,,CA,,0
5870,0,44.0,40.02,2017-12-19,4 - Soir,2 - Mardi,À emporter,CA,KM,1
5871,0,242.3,220.09,2017-12-19,4 - Soir,2 - Mardi,À emporter,CA,,12
5872,0,20.4,18.28,2017-12-19,4 - Soir,2 - Mardi,Limonade,CA,,4
5873,0,1230.6,1118.22,2017-12-19,4 - Soir,2 - Mardi,Livraison,CA,KM,4
5874,0,141.0,127.47,2017-12-19,4 - Soir,2 - Mardi,Sur place,CA,,7
5876,243,0.0,0.0,2017-12-20,,3 - Mercredi,,CA,,0
5879,0,12.5,11.36,2017-12-20,2 - Midi,3 - Mercredi,À emporter,CA,KM,1
5880,0,82.35,74.85,2017-12-20,2 - Midi,3 - Mercredi,À emporter,CA,,6
5882,0,13.9,12.63,2017-12-20,2 - Midi,3 - Mercredi,Limonade,CA,,3
5883,0,440.7,400.64,2017-12-20,2 - Midi,3 - Mercredi,Livraison,CA,KM,5
5884,0,13.5,12.19,2017-12-20,2 - Midi,3 - Mercredi,Sur place,CA,,1
5885,0,771.0,700.41,2017-12-20,2 - Midi,3 - Mercredi,Sur place,CA,,49
5888,0,1.35,1.23,2017-12-20,3 - Après-midi,3 - Mercredi,Limonade,CA,,1
5890,0,100.0,90.73,2017-12-20,3 - Après-midi,3 - Mercredi,Sur place,CA,,5
5891,-14,0.0,0.0,2017-12-20,4 - Soir,3 - Mercredi,,CA,,0
5894,0,30.0,27.28,2017-12-20,4 - Soir,3 - Mercredi,À emporter,CA,KM,1
5895,0,158.5,144.07,2017-12-20,4 - Soir,3 - Mercredi,À emporter,CA,,8
5896,0,5.5,4.58,2017-12-20,4 - Soir,3 - Mercredi,Limonade,CA,,1
5897,0,1550.35,1405.98,2017-12-20,4 - Soir,3 - Mercredi,Livraison,CA,KM,5
5898,0,259.9,235.5,2017-12-20,4 - Soir,3 - Mercredi,Sur place,CA,,8
5900,301,0.0,0.0,2017-12-21,,4 - Jeudi,,CA,,0
5902,0,3.0,2.73,2017-12-21,1 - Matin,4 - Jeudi,Limonade,CA,,1
5903,0,366.5,332.87,2017-12-21,2 - Midi,4 - Jeudi,À emporter,CA,,23
5904,0,37.4,33.92,2017-12-21,2 - Midi,4 - Jeudi,Limonade,CA,,2
5905,0,451.5,410.39,2017-12-21,2 - Midi,4 - Jeudi,Livraison,CA,KM,4
5907,0,719.57,653.99,2017-12-21,2 - Midi,4 - Jeudi,Sur place,CA,,47
5908,0,14.5,13.18,2017-12-21,3 - Après-midi,4 - Jeudi,À emporter,CA,,1
5909,0,-11.69,-15.86,2017-12-21,3 - Après-midi,4 - Jeudi,Limonade,CA,,5
5911,0,40.5,36.73,2017-12-21,3 - Après-midi,4 - Jeudi,Sur place,CA,,2
5912,-15,0.0,0.0,2017-12-21,4 - Soir,4 - Jeudi,,CA,,0
5915,0,167.0,151.79,2017-12-21,4 - Soir,4 - Jeudi,À emporter,CA,,8
5916,0,12.5,10.41,2017-12-21,4 - Soir,4 - Jeudi,Limonade,CA,,1
5917,0,1440.0,1308.14,2017-12-21,4 - Soir,4 - Jeudi,Livraison,CA,KM,5
5919,0,872.5,791.24,2017-12-21,4 - Soir,4 - Jeudi,Sur place,CA,,34
5921,363,0.0,0.0,2017-12-22,,5 - Vendredi,,CA,,0
5923,0,28.0,25.45,2017-12-22,2 - Midi,5 - Vendredi,À emporter,CA,KM,1
5924,0,34.5,31.37,2017-12-22,2 - Midi,5 - Vendredi,À emporter,CA,,2
5925,0,322.4,292.98,2017-12-22,2 - Midi,5 - Vendredi,À emporter,CA,,19
5926,0,49.62,44.71,2017-12-22,2 - Midi,5 - Vendredi,Limonade,CA,,7
5927,0,541.25,491.98,2017-12-22,2 - Midi,5 - Vendredi,Livraison,CA,KM,5
5928,0,166.65,151.49,2017-12-22,2 - Midi,5 - Vendredi,Sur place,CA,,7
5929,0,1198.35,1088.03,2017-12-22,2 - Midi,5 - Vendredi,Sur place,CA,,65
5931,0,1.35,1.23,2017-12-22,3 - Après-midi,5 - Vendredi,Limonade,CA,,1
5933,0,49.5,44.99,2017-12-22,3 - Après-midi,5 - Vendredi,Sur place,CA,KM,1
5934,0,25.0,22.72,2017-12-22,3 - Après-midi,5 - Vendredi,Sur place,CA,,1
5935,-18,0.0,0.0,2017-12-22,4 - Soir,5 - Vendredi,,CA,,0
5938,0,340.5,309.23,2017-12-22,4 - Soir,5 - Vendredi,À emporter,CA,,15
5939,0,3.5,2.92,2017-12-22,4 - Soir,5 - Vendredi,Limonade,CA,,1
5940,0,1887.16,1714.02,2017-12-22,4 - Soir,5 - Vendredi,Livraison,CA,KM,5
5941,0,336.9,305.92,2017-12-22,4 - Soir,5 - Vendredi,Sur place,CA,,14
5943,283,0.0,0.0,2017-12-23,,6 - Samedi,,CA,,0
5945,0,-3.6,-3.6,2017-12-23,1 - Matin,6 - Samedi,Limonade,CA,,1
5946,0,157.0,142.7,2017-12-23,2 - Midi,6 - Samedi,À emporter,CA,,8
5947,0,37.75,34.33,2017-12-23,2 - Midi,6 - Samedi,Limonade,CA,,6
5950,0,1045.8,949.33,2017-12-23,2 - Midi,6 - Samedi,Sur place,CA,,38
5951,0,43.0,39.09,2017-12-23,3 - Après-midi,6 - Samedi,À emporter,CA,,2
5952,0,3.0,2.73,2017-12-23,3 - Après-midi,6 - Samedi,Limonade,CA,,1
5953,0,29.8,27.07,2017-12-23,3 - Après-midi,6 - Samedi,Limonade,CA,,6
5954,0,906.1,823.62,2017-12-23,3 - Après-midi,6 - Samedi,Livraison,CA,KM,4
5955,0,39.5,35.74,2017-12-23,3 - Après-midi,6 - Samedi,Sur place,CA,,1
5956,0,104.0,94.52,2017-12-23,3 - Après-midi,6 - Samedi,Sur place,CA,,4
5957,-12,0.0,0.0,2017-12-23,4 - Soir,6 - Samedi,,CA,,0
5960,0,368.5,334.66,2017-12-23,4 - Soir,6 - Samedi,À emporter,CA,,9
5961,0,3.5,3.18,2017-12-23,4 - Soir,6 - Samedi,Limonade,CA,,1
5962,0,1078.8,979.75,2017-12-23,4 - Soir,6 - Samedi,Livraison,CA,KM,3
5964,0,195.4,177.24,2017-12-23,4 - Soir,6 - Samedi,Sur place,CA,,9
5966,193,0.0,0.0,2017-12-26,,2 - Mardi,,CA,,0
5968,0,-7.91,-7.91,2017-12-26,1 - Matin,2 - Mardi,Limonade,CA,,1
5969,0,69.5,63.18,2017-12-26,2 - Midi,2 - Mardi,À emporter,CA,,4
5970,0,17.5,15.91,2017-12-26,2 - Midi,2 - Mardi,Limonade,CA,,1
5971,0,5.5,5.0,2017-12-26,2 - Midi,2 - Mardi,Limonade,CA,,2
5972,0,356.8,324.32,2017-12-26,2 - Midi,2 - Mardi,Livraison,CA,KM,3
5973,0,751.8,680.32,2017-12-26,2 - Midi,2 - Mardi,Sur place,CA,,34
5974,0,1.35,1.23,2017-12-26,3 - Après-midi,2 - Mardi,Limonade,CA,,1
5976,0,40.5,36.81,2017-12-26,3 - Après-midi,2 - Mardi,Sur place,CA,,1
5977,-8,0.0,0.0,2017-12-26,4 - Soir,2 - Mardi,,CA,,0
5981,0,82.0,74.53,2017-12-26,4 - Soir,2 - Mardi,À emporter,CA,,3
5982,0,13.0,11.82,2017-12-26,4 - Soir,2 - Mardi,Limonade,CA,,1
5983,0,1460.86,1327.93,2017-12-26,4 - Soir,2 - Mardi,Livraison,CA,KM,5
5984,0,101.5,92.1,2017-12-26,4 - Soir,2 - Mardi,Sur place,CA,,3
5986,248,0.0,0.0,2017-12-27,,3 - Mercredi,,CA,,0
5989,0,223.0,202.64,2017-12-27,2 - Midi,3 - Mercredi,À emporter,CA,,16
5991,0,45.7,41.55,2017-12-27,2 - Midi,3 - Mercredi,Limonade,CA,,7
5992,0,502.3,456.62,2017-12-27,2 - Midi,3 - Mercredi,Livraison,CA,KM,5
5993,0,746.1,676.09,2017-12-27,2 - Midi,3 - Mercredi,Sur place,CA,,35
5994,-12,0.0,0.0,2017-12-27,4 - Soir,3 - Mercredi,,CA,,0
5997,0,65.9,59.9,2017-12-27,4 - Soir,3 - Mercredi,À emporter,CA,KM,1
5998,0,106.0,96.27,2017-12-27,4 - Soir,3 - Mercredi,À emporter,CA,,5
5999,0,8.0,7.27,2017-12-27,4 - Soir,3 - Mercredi,Limonade,CA,,1
6000,0,1575.7,1432.32,2017-12-27,4 - Soir,3 - Mercredi,Livraison,CA,KM,5
6001,0,237.9,216.07,2017-12-27,4 - Soir,3 - Mercredi,Sur place,CA,,9
6003,287,0.0,0.0,2017-12-28,,4 - Jeudi,,CA,,0
6005,0,63.0,56.88,2017-12-28,2 - Midi,4 - Jeudi,À emporter,CA,,1
6006,0,174.5,158.59,2017-12-28,2 - Midi,4 - Jeudi,À emporter,CA,,13
6007,0,109.35,99.39,2017-12-28,2 - Midi,4 - Jeudi,Limonade,CA,KM,3
6008,0,5.0,4.54,2017-12-28,2 - Midi,4 - Jeudi,Limonade,CA,,1
6009,0,28.4,25.82,2017-12-28,2 - Midi,4 - Jeudi,Limonade,CA,,5
6010,0,375.4,341.24,2017-12-28,2 - Midi,4 - Jeudi,Livraison,CA,KM,3
6012,0,53.4,48.54,2017-12-28,2 - Midi,4 - Jeudi,Sur place,CA,,2
6013,0,1015.2,921.85,2017-12-28,2 - Midi,4 - Jeudi,Sur place,CA,,48
6014,0,12.5,11.36,2017-12-28,3 - Après-midi,4 - Jeudi,Sur place,CA,,1
6015,-14,0.0,0.0,2017-12-28,4 - Soir,4 - Jeudi,,CA,,0
6018,0,58.5,53.18,2017-12-28,4 - Soir,4 - Jeudi,À emporter,CA,KM,1
6019,0,184.9,168.08,2017-12-28,4 - Soir,4 - Jeudi,À emporter,CA,,7
6020,0,40.8,37.09,2017-12-28,4 - Soir,4 - Jeudi,Limonade,CA,,3
6021,0,1451.37,1318.69,2017-12-28,4 - Soir,4 - Jeudi,Livraison,CA,KM,5
6022,0,335.0,304.04,2017-12-28,4 - Soir,4 - Jeudi,Sur place,CA,,13
6024,291,0.0,0.0,2017-12-29,,5 - Vendredi,,CA,,0
6026,0,80.0,72.71,2017-12-29,2 - Midi,5 - Vendredi,À emporter,CA,,5
6027,0,46.7,42.46,2017-12-29,2 - Midi,5 - Vendredi,Limonade,CA,,7
6028,0,643.35,584.59,2017-12-29,2 - Midi,5 - Vendredi,Livraison,CA,KM,5
6029,0,121.5,110.18,2017-12-29,2 - Midi,5 - Vendredi,Sur place,CA,,5
6030,0,636.8,578.31,2017-12-29,2 - Midi,5 - Vendredi,Sur place,CA,,29
6031,0,15.5,14.09,2017-12-29,3 - Après-midi,5 - Vendredi,À emporter,CA,,1
6032,0,29.0,26.36,2017-12-29,3 - Après-midi,5 - Vendredi,Sur place,CA,,2
6033,-14,0.0,0.0,2017-12-29,4 - Soir,5 - Vendredi,,CA,,0
6036,0,67.5,61.36,2017-12-29,4 - Soir,5 - Vendredi,À emporter,CA,KM,1
6037,0,12.5,11.36,2017-12-29,4 - Soir,5 - Vendredi,À emporter,CA,,1
6038,0,23.36,20.66,2017-12-29,4 - Soir,5 - Vendredi,Limonade,CA,,2
6039,0,2072.9,1882.42,2017-12-29,4 - Soir,5 - Vendredi,Livraison,CA,KM,6
6040,0,417.4,379.13,2017-12-29,4 - Soir,5 - Vendredi,Sur place,CA,,12
6042,303,0.0,0.0,2017-12-30,,6 - Samedi,,CA,,0
6045,0,93.0,84.55,2017-12-30,2 - Midi,6 - Samedi,À emporter,CA,,5
6046,0,3.0,2.73,2017-12-30,2 - Midi,6 - Samedi,Limonade,CA,,1
6047,0,807.3,733.78,2017-12-30,2 - Midi,6 - Samedi,Livraison,CA,KM,5
6049,0,554.3,503.4,2017-12-30,2 - Midi,6 - Samedi,Sur place,CA,,22
6050,0,16.5,15.0,2017-12-30,3 - Après-midi,6 - Samedi,À emporter,CA,,1
6051,0,27.5,23.94,2017-12-30,3 - Après-midi,6 - Samedi,Limonade,CA,,4
6052,0,147.4,133.9,2017-12-30,3 - Après-midi,6 - Samedi,Sur place,CA,,7
6053,-13,0.0,0.0,2017-12-30,4 - Soir,6 - Samedi,,CA,,0
6055,0,133.3,121.17,2017-12-30,4 - Soir,6 - Samedi,À emporter,CA,KM,1
6056,0,283.0,257.22,2017-12-30,4 - Soir,6 - Samedi,À emporter,CA,,6
6057,0,9.5,8.64,2017-12-30,4 - Soir,6 - Samedi,Limonade,CA,,2
6058,0,769.46,696.72,2017-12-30,4 - Soir,6 - Samedi,Livraison,CA,KM,2
6059,0,1357.4,1233.54,2017-12-30,4 - Soir,6 - Samedi,Livraison,CA,KM,3
6060,0,219.0,198.97,2017-12-30,4 - Soir,6 - Samedi,Sur place,CA,,8
6065,282,0.0,0.0,2018-01-02,,2 - Mardi,,CA,,0
6067,0,79.0,71.83,2018-01-02,2 - Midi,2 - Mardi,À emporter,CA,,6
6068,0,37.0,33.64,2018-01-02,2 - Midi,2 - Mardi,Limonade,CA,,5
6069,0,570.95,518.95,2018-01-02,2 - Midi,2 - Mardi,Livraison,CA,KM,4
6070,0,1140.41,1036.29,2018-01-02,2 - Midi,2 - Mardi,Sur place,CA,,55
6071,0,12.9,11.73,2018-01-02,3 - Après-midi,2 - Mardi,À emporter,CA,,1
6072,0,5.0,4.54,2018-01-02,3 - Après-midi,2 - Mardi,Limonade,CA,,1
6073,0,31.8,28.9,2018-01-02,3 - Après-midi,2 - Mardi,Sur place,CA,,1
6074,0,37.5,34.08,2018-01-02,4 - Soir,2 - Mardi,À emporter,CA,KM,1
6075,0,276.6,250.79,2018-01-02,4 - Soir,2 - Mardi,À emporter,CA,,7
6076,0,41.5,37.72,2018-01-02,4 - Soir,2 - Mardi,Limonade,CA,,3
6077,0,1587.4,1442.21,2018-01-02,4 - Soir,2 - Mardi,Livraison,CA,KM,5
6078,0,306.8,278.72,2018-01-02,4 - Soir,2 - Mardi,Sur place,CA,,14
6080,264,0.0,0.0,2018-01-03,,3 - Mercredi,,CA,,0
6081,0,212.81,193.48,2018-01-03,2 - Midi,3 - Mercredi,À emporter,CA,,14
6082,0,42.56,37.65,2018-01-03,2 - Midi,3 - Mercredi,Limonade,CA,,6
6083,0,349.6,317.74,2018-01-03,2 - Midi,3 - Mercredi,Livraison,CA,KM,5
6084,0,1111.1,1008.79,2018-01-03,2 - Midi,3 - Mercredi,Sur place,CA,,44
6085,0,33.9,30.73,2018-01-03,3 - Après-midi,3 - Mercredi,Sur place,CA,,2
6086,0,12.9,11.73,2018-01-03,4 - Soir,3 - Mercredi,À emporter,CA,KM,1
6087,0,28.8,26.18,2018-01-03,4 - Soir,3 - Mercredi,À emporter,CA,,1
6088,0,118.3,107.55,2018-01-03,4 - Soir,3 - Mercredi,À emporter,CA,,6
6089,0,4.5,4.09,2018-01-03,4 - Soir,3 - Mercredi,Limonade,CA,,1
6090,0,1765.92,1604.66,2018-01-03,4 - Soir,3 - Mercredi,Livraison,CA,KM,5
6091,0,18.4,16.53,2018-01-03,4 - Soir,3 - Mercredi,Sur place,CA,,1
6092,0,362.4,328.11,2018-01-03,4 - Soir,3 - Mercredi,Sur place,CA,,13
6093,263,0.0,0.0,2018-01-04,,4 - Jeudi,,CA,,0
6096,0,1.5,1.36,2018-01-04,1 - Matin,4 - Jeudi,Limonade,CA,,1
6097,0,35.9,32.63,2018-01-04,2 - Midi,4 - Jeudi,À emporter,CA,KM,1
6098,0,186.6,169.64,2018-01-04,2 - Midi,4 - Jeudi,À emporter,CA,,10
6099,0,9.9,9.0,2018-01-04,2 - Midi,4 - Jeudi,Limonade,CA,,1
6100,0,22.8,20.72,2018-01-04,2 - Midi,4 - Jeudi,Limonade,CA,,4
6101,0,46.6,42.36,2018-01-04,2 - Midi,4 - Jeudi,Livraison,CA,AlloResto,1
6102,0,135.4,122.92,2018-01-04,2 - Midi,4 - Jeudi,Livraison,CA,Deliveroo,1
6103,0,21.4,19.45,2018-01-04,2 - Midi,4 - Jeudi,Livraison,CA,Foodora,1
6104,0,138.0,125.45,2018-01-04,2 - Midi,4 - Jeudi,Livraison,CA,KM,1
6105,0,145.2,131.97,2018-01-04,2 - Midi,4 - Jeudi,Livraison,CA,UberEats,1
6106,0,229.5,208.41,2018-01-04,2 - Midi,4 - Jeudi,Sur place,CA,,13
6107,0,848.3,770.66,2018-01-04,2 - Midi,4 - Jeudi,Sur place,CA,,36
6108,0,11.0,10.0,2018-01-04,3 - Après-midi,4 - Jeudi,À emporter,CA,,1
6109,0,162.1,147.38,2018-01-04,4 - Soir,4 - Jeudi,À emporter,CA,,6
6110,0,16.4,14.91,2018-01-04,4 - Soir,4 - Jeudi,Limonade,CA,,2
6111,0,74.45,67.66,2018-01-04,4 - Soir,4 - Jeudi,Livraison,CA,AlloResto,1
6112,0,361.0,328.11,2018-01-04,4 - Soir,4 - Jeudi,Livraison,CA,Deliveroo,1
6113,0,411.0,373.59,2018-01-04,4 - Soir,4 - Jeudi,Livraison,CA,Foodora,1
6114,0,325.8,296.0,2018-01-04,4 - Soir,4 - Jeudi,Livraison,CA,KM,1
6115,0,439.3,399.28,2018-01-04,4 - Soir,4 - Jeudi,Livraison,CA,UberEats,1
6116,0,125.8,114.26,2018-01-04,4 - Soir,4 - Jeudi,Sur place,CA,,7
6118,302,0.0,0.0,2018-01-05,,5 - Vendredi,,CA,,0
6120,0,146.1,132.82,2018-01-05,2 - Midi,5 - Vendredi,À emporter,CA,,10
6121,0,82.7,75.18,2018-01-05,2 - Midi,5 - Vendredi,Limonade,CA,,5
6122,0,12.45,11.31,2018-01-05,2 - Midi,5 - Vendredi,Livraison,CA,AlloResto,1
6123,0,106.4,96.72,2018-01-05,2 - Midi,5 - Vendredi,Livraison,CA,Deliveroo,1
6124,0,17.9,16.27,2018-01-05,2 - Midi,5 - Vendredi,Livraison,CA,Foodora,1
6125,0,69.5,63.2,2018-01-05,2 - Midi,5 - Vendredi,Livraison,CA,KM,1
6126,0,121.2,110.08,2018-01-05,2 - Midi,5 - Vendredi,Livraison,CA,UberEats,1
6127,0,1191.46,1082.35,2018-01-05,2 - Midi,5 - Vendredi,Sur place,CA,,68
6128,0,47.7,43.35,2018-01-05,3 - Après-midi,5 - Vendredi,Sur place,CA,,2
6129,0,38.4,34.9,2018-01-05,4 - Soir,5 - Vendredi,À emporter,CA,KM,1
6130,0,195.2,177.47,2018-01-05,4 - Soir,5 - Vendredi,À emporter,CA,,9
6131,0,13.5,12.27,2018-01-05,4 - Soir,5 - Vendredi,Limonade,CA,,3
6132,0,193.9,175.48,2018-01-05,4 - Soir,5 - Vendredi,Livraison,CA,AlloResto,1
6133,0,812.9,737.85,2018-01-05,4 - Soir,5 - Vendredi,Livraison,CA,Deliveroo,1
6134,0,316.7,287.85,2018-01-05,4 - Soir,5 - Vendredi,Livraison,CA,Foodora,1
6135,0,287.1,260.84,2018-01-05,4 - Soir,5 - Vendredi,Livraison,CA,KM,1
6136,0,265.9,241.67,2018-01-05,4 - Soir,5 - Vendredi,Livraison,CA,UberEats,1
6137,0,327.8,297.44,2018-01-05,4 - Soir,5 - Vendredi,Sur place,CA,,9
6139,343,0.0,0.0,2018-01-06,,6 - Samedi,,CA,,0
6141,0,-3.6,-3.6,2018-01-06,1 - Matin,6 - Samedi,Limonade,CA,,1
6142,0,141.0,128.21,2018-01-06,2 - Midi,6 - Samedi,À emporter,CA,,5
6143,0,40.4,36.72,2018-01-06,2 - Midi,6 - Samedi,Limonade,CA,,6
6144,0,66.45,60.39,2018-01-06,2 - Midi,6 - Samedi,Livraison,CA,AlloResto,1
6145,0,79.6,72.35,2018-01-06,2 - Midi,6 - Samedi,Livraison,CA,Deliveroo,1
6146,0,174.2,157.58,2018-01-06,2 - Midi,6 - Samedi,Livraison,CA,Foodora,1
6147,0,235.7,214.22,2018-01-06,2 - Midi,6 - Samedi,Livraison,CA,UberEats,1
6149,0,1194.7,1083.37,2018-01-06,2 - Midi,6 - Samedi,Sur place,CA,,40
6150,0,42.72,36.88,2018-01-06,3 - Après-midi,6 - Samedi,Limonade,CA,,7
6151,0,79.5,71.66,2018-01-06,3 - Après-midi,6 - Samedi,Sur place,CA,,3
6152,-13,0.0,0.0,2018-01-06,4 - Soir,6 - Samedi,,CA,,0
6155,0,70.5,64.09,2018-01-06,4 - Soir,6 - Samedi,À emporter,CA,KM,1
6156,0,269.5,244.98,2018-01-06,4 - Soir,6 - Samedi,À emporter,CA,,12
6157,0,17.5,14.82,2018-01-06,4 - Soir,6 - Samedi,Limonade,CA,,3
6158,0,131.75,119.75,2018-01-06,4 - Soir,6 - Samedi,Livraison,CA,AlloResto,1
6159,0,463.7,421.08,2018-01-06,4 - Soir,6 - Samedi,Livraison,CA,Deliveroo,1
6160,0,517.7,470.57,2018-01-06,4 - Soir,6 - Samedi,Livraison,CA,Foodora,1
6161,0,217.6,197.81,2018-01-06,4 - Soir,6 - Samedi,Livraison,CA,KM,1
6162,0,603.7,548.67,2018-01-06,4 - Soir,6 - Samedi,Livraison,CA,UberEats,1
6163,0,674.2,611.65,2018-01-06,4 - Soir,6 - Samedi,Sur place,CA,,24
6165,197,0.0,0.0,2018-01-07,,7 - Dimanche,,CA,,0
6166,0,21.4,19.45,2018-01-07,3 - Après-midi,7 - Dimanche,Sur place,CA,,1
6167,0,122.2,111.09,2018-01-07,4 - Soir,7 - Dimanche,À emporter,CA,KM,1
6168,0,164.9,149.76,2018-01-07,4 - Soir,7 - Dimanche,À emporter,CA,,8
6169,0,15.0,13.1,2018-01-07,4 - Soir,7 - Dimanche,Limonade,CA,,3
6170,0,328.45,298.52,2018-01-07,4 - Soir,7 - Dimanche,Livraison,CA,AlloResto,1
6171,0,845.6,767.89,2018-01-07,4 - Soir,7 - Dimanche,Livraison,CA,Deliveroo,1
6172,0,368.4,334.83,2018-01-07,4 - Soir,7 - Dimanche,Livraison,CA,Foodora,1
6173,0,473.1,429.98,2018-01-07,4 - Soir,7 - Dimanche,Livraison,CA,KM,1
6174,0,542.1,492.06,2018-01-07,4 - Soir,7 - Dimanche,Livraison,CA,UberEats,1
6175,0,200.2,181.78,2018-01-07,4 - Soir,7 - Dimanche,Sur place,CA,,11
6176,162,0.0,0.0,2018-01-08,,1 - Lundi,,CA,,0
6178,0,278.4,252.89,2018-01-08,2 - Midi,1 - Lundi,À emporter,CA,,13
6179,0,4.5,4.09,2018-01-08,2 - Midi,1 - Lundi,Limonade,CA,,2
6180,0,83.0,75.43,2018-01-08,2 - Midi,1 - Lundi,Livraison,CA,AlloResto,1
6181,0,85.3,77.16,2018-01-08,2 - Midi,1 - Lundi,Livraison,CA,Deliveroo,1
6182,0,15.9,14.45,2018-01-08,2 - Midi,1 - Lundi,Livraison,CA,Foodora,1
6183,0,50.3,45.71,2018-01-08,2 - Midi,1 - Lundi,Livraison,CA,KM,1
6184,0,69.0,62.7,2018-01-08,2 - Midi,1 - Lundi,Livraison,CA,UberEats,1
6185,0,428.6,389.41,2018-01-08,2 - Midi,1 - Lundi,Sur place,CA,,24
6186,0,15.9,14.45,2018-01-08,3 - Après-midi,1 - Lundi,Sur place,CA,,1
6187,-8,0.0,0.0,2018-01-08,4 - Soir,1 - Lundi,,CA,,0
6190,0,109.3,99.36,2018-01-08,4 - Soir,1 - Lundi,À emporter,CA,,5
6191,0,307.85,279.81,2018-01-08,4 - Soir,1 - Lundi,Livraison,CA,AlloResto,1
6192,0,201.8,183.41,2018-01-08,4 - Soir,1 - Lundi,Livraison,CA,Deliveroo,1
6193,0,164.4,149.43,2018-01-08,4 - Soir,1 - Lundi,Livraison,CA,Foodora,1
6194,0,183.3,165.62,2018-01-08,4 - Soir,1 - Lundi,Livraison,CA,KM,1
6195,0,218.9,198.96,2018-01-08,4 - Soir,1 - Lundi,Livraison,CA,UberEats,1
6196,0,147.8,133.82,2018-01-08,4 - Soir,1 - Lundi,Sur place,CA,,6
6198,207,0.0,0.0,2018-01-09,,2 - Mardi,,CA,,0
6201,0,12.9,11.73,2018-01-09,1 - Matin,2 - Mardi,Sur place,CA,,1
6202,0,12.9,11.73,2018-01-09,2 - Midi,2 - Mardi,À emporter,CA,,1
6203,0,380.0,345.47,2018-01-09,2 - Midi,2 - Mardi,À emporter,CA,,26
6204,0,9.0,7.92,2018-01-09,2 - Midi,2 - Mardi,Limonade,CA,,2
6205,0,16.85,15.31,2018-01-09,2 - Midi,2 - Mardi,Livraison,CA,AlloResto,1
6206,0,33.4,30.36,2018-01-09,2 - Midi,2 - Mardi,Livraison,CA,Deliveroo,1
6207,0,53.0,48.18,2018-01-09,2 - Midi,2 - Mardi,Livraison,CA,Foodora,1
6208,0,125.2,113.77,2018-01-09,2 - Midi,2 - Mardi,Livraison,CA,UberEats,1
6209,0,4.5,4.09,2018-01-09,2 - Midi,2 - Mardi,Sur place,CA,,1
6210,0,766.8,695.31,2018-01-09,2 - Midi,2 - Mardi,Sur place,CA,,48
6211,0,-7.38,-7.38,2018-01-09,3 - Après-midi,2 - Mardi,Limonade,CA,,1
6212,0,36.8,33.46,2018-01-09,3 - Après-midi,2 - Mardi,Sur place,CA,,2
6213,0,67.7,61.55,2018-01-09,4 - Soir,2 - Mardi,À emporter,CA,,4
6215,0,69.05,62.76,2018-01-09,4 - Soir,2 - Mardi,Limonade,CA,AlloResto,1
6216,0,277.7,252.39,2018-01-09,4 - Soir,2 - Mardi,Limonade,CA,Foodora,1
6217,0,305.4,277.58,2018-01-09,4 - Soir,2 - Mardi,Livraison,CA,Deliveroo,1
6218,0,80.6,73.28,2018-01-09,4 - Soir,2 - Mardi,Livraison,CA,KM,1
6219,0,722.6,654.61,2018-01-09,4 - Soir,2 - Mardi,Livraison,CA,UberEats,1
6221,0,99.4,90.38,2018-01-09,4 - Soir,2 - Mardi,Sur place,CA,,4
6223,213,0.0,0.0,2018-01-10,,3 - Mercredi,,CA,,0
6225,0,267.2,242.91,2018-01-10,2 - Midi,3 - Mercredi,À emporter,CA,,19
6226,0,1.5,1.36,2018-01-10,2 - Midi,3 - Mercredi,Limonade,CA,,1
6227,0,88.3,80.26,2018-01-10,2 - Midi,3 - Mercredi,Livraison,CA,AlloResto,1
6228,0,46.3,42.08,2018-01-10,2 - Midi,3 - Mercredi,Livraison,CA,Deliveroo,1
6229,0,82.4,74.88,2018-01-10,2 - Midi,3 - Mercredi,Livraison,CA,Foodora,1
6230,0,33.9,30.81,2018-01-10,2 - Midi,3 - Mercredi,Livraison,CA,KM,1
6231,0,85.9,78.06,2018-01-10,2 - Midi,3 - Mercredi,Livraison,CA,UberEats,1
6232,0,741.41,673.86,2018-01-10,2 - Midi,3 - Mercredi,Sur place,CA,,44
6234,-11,0.0,0.0,2018-01-10,4 - Soir,3 - Mercredi,,CA,,0
6237,0,35.3,31.9,2018-01-10,4 - Soir,3 - Mercredi,À emporter,CA,,2
6238,0,137.95,125.4,2018-01-10,4 - Soir,3 - Mercredi,Livraison,CA,AlloResto,1
6239,0,257.0,233.5,2018-01-10,4 - Soir,3 - Mercredi,Livraison,CA,Deliveroo,1
6240,0,382.1,347.28,2018-01-10,4 - Soir,3 - Mercredi,Livraison,CA,Foodora,1
6241,0,283.9,258.05,2018-01-10,4 - Soir,3 - Mercredi,Livraison,CA,KM,1
6242,0,457.2,415.54,2018-01-10,4 - Soir,3 - Mercredi,Livraison,CA,UberEats,1
6243,0,33.8,30.56,2018-01-10,4 - Soir,3 - Mercredi,Sur place,CA,,1
6244,0,173.4,157.65,2018-01-10,4 - Soir,3 - Mercredi,Sur place,CA,,11
6246,261,0.0,0.0,2018-01-11,,4 - Jeudi,,CA,,0
6248,0,176.3,160.3,2018-01-11,2 - Midi,4 - Jeudi,À emporter,CA,,10
6249,0,17.4,15.82,2018-01-11,2 - Midi,4 - Jeudi,Limonade,CA,,4
6250,0,23.95,21.76,2018-01-11,2 - Midi,4 - Jeudi,Livraison,CA,AlloResto,1
6251,0,117.8,107.07,2018-01-11,2 - Midi,4 - Jeudi,Livraison,CA,Deliveroo,1
6252,0,72.0,65.44,2018-01-11,2 - Midi,4 - Jeudi,Livraison,CA,Foodora,1
6253,0,30.8,28.0,2018-01-11,2 - Midi,4 - Jeudi,Livraison,CA,KM,1
6254,0,149.2,135.61,2018-01-11,2 - Midi,4 - Jeudi,Livraison,CA,UberEats,1
6255,0,1140.5,1036.39,2018-01-11,2 - Midi,4 - Jeudi,Sur place,CA,,58
6256,0,12.9,11.73,2018-01-11,3 - Après-midi,4 - Jeudi,À emporter,CA,,1
6257,0,13.9,12.56,2018-01-11,3 - Après-midi,4 - Jeudi,Sur place,CA,,1
6258,0,67.3,61.19,2018-01-11,4 - Soir,4 - Jeudi,À emporter,CA,KM,1
6259,0,79.0,71.82,2018-01-11,4 - Soir,4 - Jeudi,À emporter,CA,,4
6260,0,9.5,8.64,2018-01-11,4 - Soir,4 - Jeudi,Limonade,CA,,1
6261,0,155.9,141.68,2018-01-11,4 - Soir,4 - Jeudi,Livraison,CA,AlloResto,1
6262,0,567.5,515.28,2018-01-11,4 - Soir,4 - Jeudi,Livraison,CA,Deliveroo,1
6263,0,234.5,213.12,2018-01-11,4 - Soir,4 - Jeudi,Livraison,CA,Foodora,1
6264,0,153.2,139.29,2018-01-11,4 - Soir,4 - Jeudi,Livraison,CA,KM,1
6265,0,425.7,386.89,2018-01-11,4 - Soir,4 - Jeudi,Livraison,CA,UberEats,1
6267,0,197.2,178.95,2018-01-11,4 - Soir,4 - Jeudi,Sur place,CA,,11
6268,0,142.9,129.94,2018-01-11,4 - Soir,4 - Jeudi,Sur place,CA,,12
6270,388,0.0,0.0,2018-01-12,,5 - Vendredi,,CA,,0
6272,0,-4.35,-4.35,2018-01-12,1 - Matin,5 - Vendredi,Limonade,CA,,1
6273,0,15.9,14.45,2018-01-12,2 - Midi,5 - Vendredi,À emporter,CA,KM,1
6274,0,215.3,195.76,2018-01-12,2 - Midi,5 - Vendredi,À emporter,CA,,15
6275,0,19.8,18.0,2018-01-12,2 - Midi,5 - Vendredi,Limonade,CA,,2
6276,0,95.35,86.66,2018-01-12,2 - Midi,5 - Vendredi,Livraison,CA,AlloResto,1
6277,0,110.0,99.98,2018-01-12,2 - Midi,5 - Vendredi,Livraison,CA,Deliveroo,1
6278,0,45.9,41.73,2018-01-12,2 - Midi,5 - Vendredi,Livraison,CA,Foodora,1
6279,0,93.4,84.91,2018-01-12,2 - Midi,5 - Vendredi,Livraison,CA,KM,1
6280,0,216.9,197.13,2018-01-12,2 - Midi,5 - Vendredi,Livraison,CA,UberEats,1
6281,0,1268.7,1152.27,2018-01-12,2 - Midi,5 - Vendredi,Sur place,CA,,73
6283,0,-32.15,-32.15,2018-01-12,3 - Après-midi,5 - Vendredi,Limonade,CA,,1
6284,-17,0.0,0.0,2018-01-12,4 - Soir,5 - Vendredi,,CA,,0
6287,0,65.6,59.64,2018-01-12,4 - Soir,5 - Vendredi,À emporter,CA,KM,1
6288,0,321.42,291.73,2018-01-12,4 - Soir,5 - Vendredi,À emporter,CA,,12
6290,0,3.0,2.73,2018-01-12,4 - Soir,5 - Vendredi,Limonade,CA,AlloResto,1
6291,0,44.2,39.64,2018-01-12,4 - Soir,5 - Vendredi,Limonade,CA,,5
6292,0,313.65,283.7,2018-01-12,4 - Soir,5 - Vendredi,Livraison,CA,AlloResto,1
6293,0,650.8,590.74,2018-01-12,4 - Soir,5 - Vendredi,Livraison,CA,Deliveroo,1
6294,0,483.3,439.26,2018-01-12,4 - Soir,5 - Vendredi,Livraison,CA,Foodora,1
6295,0,470.7,427.69,2018-01-12,4 - Soir,5 - Vendredi,Livraison,CA,KM,1
6296,0,650.7,591.41,2018-01-12,4 - Soir,5 - Vendredi,Livraison,CA,UberEats,1
6297,0,494.3,448.88,2018-01-12,4 - Soir,5 - Vendredi,Sur place,CA,,20
6299,429,0.0,0.0,2018-01-13,,6 - Samedi,,CA,,0
6301,0,203.3,184.83,2018-01-13,2 - Midi,6 - Samedi,À emporter,CA,,10
6302,0,81.9,74.45,2018-01-13,2 - Midi,6 - Samedi,Limonade,CA,,9
6304,0,3.5,2.92,2018-01-13,2 - Midi,6 - Samedi,Sur place,CA,,1
6305,0,1760.1,1598.03,2018-01-13,2 - Midi,6 - Samedi,Sur place,CA,,76
6306,0,42.7,38.74,2018-01-13,3 - Après-midi,6 - Samedi,À emporter,CA,,2
6307,0,21.0,18.32,2018-01-13,3 - Après-midi,6 - Samedi,Limonade,CA,,4
6308,0,84.2,76.52,2018-01-13,3 - Après-midi,6 - Samedi,Livraison,CA,AlloResto,1
6309,0,263.3,239.3,2018-01-13,3 - Après-midi,6 - Samedi,Livraison,CA,Deliveroo,1
6310,0,200.5,182.23,2018-01-13,3 - Après-midi,6 - Samedi,Livraison,CA,Foodora,1
6311,0,54.2,49.28,2018-01-13,3 - Après-midi,6 - Samedi,Livraison,CA,KM,1
6312,0,220.2,200.12,2018-01-13,3 - Après-midi,6 - Samedi,Livraison,CA,UberEats,1
6314,0,283.3,255.85,2018-01-13,3 - Après-midi,6 - Samedi,Sur place,CA,,10
6315,-12,0.0,0.0,2018-01-13,4 - Soir,6 - Samedi,,CA,,0
6318,0,28.8,26.18,2018-01-13,4 - Soir,6 - Samedi,À emporter,CA,KM,1
6319,0,191.1,173.75,2018-01-13,4 - Soir,6 - Samedi,À emporter,CA,,12
6320,0,9.9,9.0,2018-01-13,4 - Soir,6 - Samedi,Limonade,CA,,1
6321,0,458.8,416.47,2018-01-13,4 - Soir,6 - Samedi,Livraison,CA,AlloResto,1
6322,0,443.7,402.66,2018-01-13,4 - Soir,6 - Samedi,Livraison,CA,Deliveroo,1
6323,0,605.3,550.13,2018-01-13,4 - Soir,6 - Samedi,Livraison,CA,Foodora,1
6324,0,340.4,309.41,2018-01-13,4 - Soir,6 - Samedi,Livraison,CA,KM,1
6325,0,375.9,341.61,2018-01-13,4 - Soir,6 - Samedi,Livraison,CA,UberEats,1
6327,0,476.33,432.94,2018-01-13,4 - Soir,6 - Samedi,Sur place,CA,,23
6330,200,0.0,0.0,2018-01-14,,7 - Dimanche,,CA,,0
6333,0,81.7,74.27,2018-01-14,3 - Après-midi,7 - Dimanche,À emporter,CA,,2
6334,0,5.0,4.54,2018-01-14,3 - Après-midi,7 - Dimanche,Limonade,CA,,1
6335,0,31.8,28.9,2018-01-14,3 - Après-midi,7 - Dimanche,Sur place,CA,,2
6336,-8,0.0,0.0,2018-01-14,4 - Soir,7 - Dimanche,,CA,,0
6339,0,87.9,79.9,2018-01-14,4 - Soir,7 - Dimanche,À emporter,CA,KM,1
6340,0,12.9,11.73,2018-01-14,4 - Soir,7 - Dimanche,À emporter,CA,,1
6341,0,181.9,165.32,2018-01-14,4 - Soir,7 - Dimanche,À emporter,CA,,9
6342,0,23.8,19.68,2018-01-14,4 - Soir,7 - Dimanche,Limonade,CA,,3
6345,0,339.4,308.46,2018-01-14,4 - Soir,7 - Dimanche,Livraison,CA,AlloResto,1
6346,0,833.0,757.08,2018-01-14,4 - Soir,7 - Dimanche,Livraison,CA,Deliveroo,1
6347,0,357.6,325.06,2018-01-14,4 - Soir,7 - Dimanche,Livraison,CA,KM,1
6348,0,469.1,425.61,2018-01-14,4 - Soir,7 - Dimanche,Livraison,CA,UberEats,1
6349,0,334.8,304.27,2018-01-14,4 - Soir,7 - Dimanche,Sur place,CA,Foodora,1
6351,0,226.6,205.48,2018-01-14,4 - Soir,7 - Dimanche,Sur place,CA,,10
6354,205,0.0,0.0,2018-01-15,,1 - Lundi,,CA,,0
6357,0,60.3,54.81,2018-01-15,2 - Midi,1 - Lundi,À emporter,CA,,3
6358,0,15.5,14.09,2018-01-15,2 - Midi,1 - Lundi,Limonade,CA,,3
6359,0,16.85,15.31,2018-01-15,2 - Midi,1 - Lundi,Livraison,CA,AlloResto,1
6360,0,15.9,14.45,2018-01-15,2 - Midi,1 - Lundi,Livraison,CA,Deliveroo,1
6361,0,31.3,28.46,2018-01-15,2 - Midi,1 - Lundi,Livraison,CA,Foodora,1
6362,0,177.9,161.69,2018-01-15,2 - Midi,1 - Lundi,Livraison,CA,UberEats,1
6363,0,651.1,591.88,2018-01-15,2 - Midi,1 - Lundi,Sur place,CA,,35
6365,-11,0.0,0.0,2018-01-15,4 - Soir,1 - Lundi,,CA,,0
6369,0,163.2,148.38,2018-01-15,4 - Soir,1 - Lundi,À emporter,CA,,9
6370,0,6.0,5.45,2018-01-15,4 - Soir,1 - Lundi,Limonade,CA,,2
6371,0,151.2,137.42,2018-01-15,4 - Soir,1 - Lundi,Livraison,CA,Deliveroo,1
6372,0,390.4,354.81,2018-01-15,4 - Soir,1 - Lundi,Livraison,CA,Foodora,1
6373,0,239.9,217.37,2018-01-15,4 - Soir,1 - Lundi,Livraison,CA,KM,2
6374,0,707.7,642.88,2018-01-15,4 - Soir,1 - Lundi,Livraison,CA,UberEats,3
6376,0,350.3,317.68,2018-01-15,4 - Soir,1 - Lundi,Sur place,CA,,16
6379,86,0.0,0.0,2018-01-16,,2 - Mardi,,CA,,0
6381,-8,0.0,0.0,2018-01-16,2 - Midi,2 - Mardi,,CA,,0
6384,0,12.9,11.73,2018-01-16,2 - Midi,2 - Mardi,À emporter,CA,KM,1
6385,0,249.5,226.74,2018-01-16,2 - Midi,2 - Mardi,À emporter,CA,,15
6386,0,19.4,17.63,2018-01-16,2 - Midi,2 - Mardi,Limonade,CA,,5
6387,0,17.65,16.04,2018-01-16,2 - Midi,2 - Mardi,Livraison,CA,AlloResto,1
6388,0,50.4,45.81,2018-01-16,2 - Midi,2 - Mardi,Livraison,CA,Deliveroo,1
6389,0,48.8,44.36,2018-01-16,2 - Midi,2 - Mardi,Livraison,CA,Foodora,1
6390,0,47.7,43.35,2018-01-16,2 - Midi,2 - Mardi,Livraison,CA,UberEats,1
6391,0,723.9,657.24,2018-01-16,2 - Midi,2 - Mardi,Sur place,CA,,44
6393,249,0.0,0.0,2018-01-17,,3 - Mercredi,,CA,,0
6396,-1,0.0,0.0,2018-01-17,2 - Midi,3 - Mercredi,,CA,,0
6399,0,248.8,226.11,2018-01-17,2 - Midi,3 - Mercredi,À emporter,CA,,14
6402,0,11.0,10.0,2018-01-17,2 - Midi,3 - Mercredi,Limonade,CA,,3
6403,0,33.7,30.63,2018-01-17,2 - Midi,3 - Mercredi,Livraison,CA,AlloResto,1
6404,0,117.1,106.45,2018-01-17,2 - Midi,3 - Mercredi,Livraison,CA,Deliveroo,1
6405,0,106.1,96.43,2018-01-17,2 - Midi,3 - Mercredi,Livraison,CA,Foodora,1
6406,0,198.5,180.4,2018-01-17,2 - Midi,3 - Mercredi,Livraison,CA,UberEats,1
6407,0,820.3,744.52,2018-01-17,2 - Midi,3 - Mercredi,Sur place,CA,,46
6408,0,15.9,14.45,2018-01-17,3 - Après-midi,3 - Mercredi,À emporter,CA,,1
6409,0,-4.35,-4.35,2018-01-17,3 - Après-midi,3 - Mercredi,Limonade,CA,,1
6410,-14,0.0,0.0,2018-01-17,4 - Soir,3 - Mercredi,,CA,,0
6413,0,56.2,51.09,2018-01-17,4 - Soir,3 - Mercredi,À emporter,CA,,4
6414,0,193.1,175.52,2018-01-17,4 - Soir,3 - Mercredi,Livraison,CA,AlloResto,1
6415,0,460.7,418.5,2018-01-17,4 - Soir,3 - Mercredi,Livraison,CA,Deliveroo,1
6416,0,391.6,355.91,2018-01-17,4 - Soir,3 - Mercredi,Livraison,CA,Foodora,1
6417,0,223.3,202.79,2018-01-17,4 - Soir,3 - Mercredi,Livraison,CA,KM,1
6418,0,503.8,457.93,2018-01-17,4 - Soir,3 - Mercredi,Livraison,CA,UberEats,1
6419,0,171.3,155.59,2018-01-17,4 - Soir,3 - Mercredi,Sur place,CA,,6
6421,290,0.0,0.0,2018-01-18,,4 - Jeudi,,CA,,0
6426,0,188.4,171.28,2018-01-18,2 - Midi,4 - Jeudi,À emporter,CA,,13
6427,0,3.0,2.72,2018-01-18,2 - Midi,4 - Jeudi,Limonade,CA,,2
6430,0,957.62,870.21,2018-01-18,2 - Midi,4 - Jeudi,Sur place,CA,,56
6432,0,22.4,20.36,2018-01-18,3 - Après-midi,4 - Jeudi,À emporter,CA,,1
6433,0,42.4,38.53,2018-01-18,3 - Après-midi,4 - Jeudi,Livraison,CA,AlloResto,1
6434,0,246.6,224.14,2018-01-18,3 - Après-midi,4 - Jeudi,Livraison,CA,Deliveroo,1
6435,0,183.4,166.68,2018-01-18,3 - Après-midi,4 - Jeudi,Livraison,CA,Foodora,1
6436,0,117.2,106.51,2018-01-18,3 - Après-midi,4 - Jeudi,Livraison,CA,UberEats,1
6437,-14,0.0,0.0,2018-01-18,4 - Soir,4 - Jeudi,,CA,,0
6440,0,168.5,153.11,2018-01-18,4 - Soir,4 - Jeudi,À emporter,CA,,8
6441,0,3.0,2.73,2018-01-18,4 - Soir,4 - Jeudi,Limonade,CA,,1
6442,0,160.45,145.84,2018-01-18,4 - Soir,4 - Jeudi,Livraison,CA,AlloResto,1
6443,0,498.3,452.62,2018-01-18,4 - Soir,4 - Jeudi,Livraison,CA,Deliveroo,1
6444,0,389.0,353.54,2018-01-18,4 - Soir,4 - Jeudi,Livraison,CA,Foodora,1
6445,0,166.1,150.99,2018-01-18,4 - Soir,4 - Jeudi,Livraison,CA,KM,1
6446,0,460.1,418.21,2018-01-18,4 - Soir,4 - Jeudi,Livraison,CA,UberEats,1
6447,0,504.3,457.81,2018-01-18,4 - Soir,4 - Jeudi,Sur place,CA,,23
6449,364,0.0,0.0,2018-01-19,,5 - Vendredi,,CA,,0
6452,0,1.5,1.36,2018-01-19,1 - Matin,5 - Vendredi,Limonade,CA,,1
6453,0,52.6,47.83,2018-01-19,2 - Midi,5 - Vendredi,À emporter,CA,KM,1
6454,0,296.46,269.15,2018-01-19,2 - Midi,5 - Vendredi,À emporter,CA,,19
6456,0,-0.17,-0.4,2018-01-19,2 - Midi,5 - Vendredi,Limonade,CA,,2
6457,0,46.3,42.09,2018-01-19,2 - Midi,5 - Vendredi,Livraison,CA,AlloResto,1
6458,0,72.0,65.44,2018-01-19,2 - Midi,5 - Vendredi,Livraison,CA,Deliveroo,1
6459,0,66.6,60.54,2018-01-19,2 - Midi,5 - Vendredi,Livraison,CA,Foodora,1
6460,0,44.2,40.18,2018-01-19,2 - Midi,5 - Vendredi,Livraison,CA,KM,1
6461,0,211.8,192.5,2018-01-19,2 - Midi,5 - Vendredi,Livraison,CA,UberEats,1
6463,0,1202.5,1092.26,2018-01-19,2 - Midi,5 - Vendredi,Sur place,CA,,68
6464,0,93.3,84.82,2018-01-19,3 - Après-midi,5 - Vendredi,Sur place,CA,,5
6465,-15,0.0,0.0,2018-01-19,4 - Soir,5 - Vendredi,,CA,,0
6469,0,80.4,73.1,2018-01-19,4 - Soir,5 - Vendredi,À emporter,CA,KM,1
6470,0,112.8,102.52,2018-01-19,4 - Soir,5 - Vendredi,À emporter,CA,,4
6471,0,238.3,213.48,2018-01-19,4 - Soir,5 - Vendredi,À emporter,CA,,9
6473,0,13.5,12.27,2018-01-19,4 - Soir,5 - Vendredi,Limonade,CA,,2
6474,0,289.45,263.08,2018-01-19,4 - Soir,5 - Vendredi,Livraison,CA,AlloResto,1
6475,0,373.3,339.24,2018-01-19,4 - Soir,5 - Vendredi,Livraison,CA,Deliveroo,1
6476,0,392.3,356.2,2018-01-19,4 - Soir,5 - Vendredi,Livraison,CA,Foodora,1
6477,0,263.0,239.08,2018-01-19,4 - Soir,5 - Vendredi,Livraison,CA,KM,1
6478,0,676.2,614.35,2018-01-19,4 - Soir,5 - Vendredi,Livraison,CA,UberEats,1
6479,0,106.3,96.26,2018-01-19,4 - Soir,5 - Vendredi,Sur place,CA,,7
6480,0,596.3,541.85,2018-01-19,4 - Soir,5 - Vendredi,Sur place,CA,,29
6483,466,0.0,0.0,2018-01-20,,6 - Samedi,,CA,,0
6486,0,195.0,177.26,2018-01-20,2 - Midi,6 - Samedi,À emporter,CA,,9
6487,0,46.5,42.28,2018-01-20,2 - Midi,6 - Samedi,Limonade,CA,,6
6488,0,11.0,10.0,2018-01-20,2 - Midi,6 - Samedi,Sur place,CA,,1
6489,0,1345.9,1223.24,2018-01-20,2 - Midi,6 - Samedi,Sur place,CA,,62
6490,0,15.9,14.45,2018-01-20,3 - Après-midi,6 - Samedi,À emporter,CA,,1
6491,0,151.7,137.93,2018-01-20,3 - Après-midi,6 - Samedi,À emporter,CA,,5
6492,0,-7.31,-7.31,2018-01-20,3 - Après-midi,6 - Samedi,Limonade,CA,,1
6493,0,13.0,11.82,2018-01-20,3 - Après-midi,6 - Samedi,Limonade,CA,,2
6494,0,32.05,29.13,2018-01-20,3 - Après-midi,6 - Samedi,Livraison,CA,AlloResto,1
6495,0,397.4,361.22,2018-01-20,3 - Après-midi,6 - Samedi,Livraison,CA,Deliveroo,1
6496,0,264.6,240.47,2018-01-20,3 - Après-midi,6 - Samedi,Livraison,CA,Foodora,1
6497,0,74.1,67.36,2018-01-20,3 - Après-midi,6 - Samedi,Livraison,CA,KM,1
6498,0,529.0,480.8,2018-01-20,3 - Après-midi,6 - Samedi,Livraison,CA,UberEats,1
6499,0,25.8,23.46,2018-01-20,3 - Après-midi,6 - Samedi,Sur place,CA,,1
6500,0,129.66,117.8,2018-01-20,3 - Après-midi,6 - Samedi,Sur place,CA,,5
6502,-15,0.0,0.0,2018-01-20,4 - Soir,6 - Samedi,,CA,,0
6505,0,38.7,35.19,2018-01-20,4 - Soir,6 - Samedi,À emporter,CA,KM,1
6506,0,259.0,235.44,2018-01-20,4 - Soir,6 - Samedi,À emporter,CA,,14
6507,0,17.0,15.45,2018-01-20,4 - Soir,6 - Samedi,Limonade,CA,,2
6508,0,317.95,288.97,2018-01-20,4 - Soir,6 - Samedi,Livraison,CA,AlloResto,1
6509,0,397.4,361.18,2018-01-20,4 - Soir,6 - Samedi,Livraison,CA,Deliveroo,2
6510,0,670.7,609.32,2018-01-20,4 - Soir,6 - Samedi,Livraison,CA,Foodora,1
6511,0,373.7,339.37,2018-01-20,4 - Soir,6 - Samedi,Livraison,CA,KM,1
6512,0,573.0,520.75,2018-01-20,4 - Soir,6 - Samedi,Livraison,CA,UberEats,1
6513,0,866.8,784.42,2018-01-20,4 - Soir,6 - Samedi,Sur place,CA,,24
6515,245,0.0,0.0,2018-01-21,,7 - Dimanche,,CA,,0
6518,0,15.9,14.45,2018-01-21,3 - Après-midi,7 - Dimanche,À emporter,CA,,1
6519,0,14.0,11.77,2018-01-21,3 - Après-midi,7 - Dimanche,Limonade,CA,,3
6520,0,153.6,139.64,2018-01-21,3 - Après-midi,7 - Dimanche,Sur place,CA,,9
6521,-7,0.0,0.0,2018-01-21,4 - Soir,7 - Dimanche,,CA,,0
6524,0,40.3,36.25,2018-01-21,4 - Soir,7 - Dimanche,À emporter,CA,KM,1
6525,0,238.5,216.5,2018-01-21,4 - Soir,7 - Dimanche,À emporter,CA,,7
6526,0,6.1,4.08,2018-01-21,4 - Soir,7 - Dimanche,Limonade,CA,,3
6529,0,431.4,392.1,2018-01-21,4 - Soir,7 - Dimanche,Livraison,CA,AlloResto,1
6530,0,586.1,532.34,2018-01-21,4 - Soir,7 - Dimanche,Livraison,CA,Deliveroo,1
6531,0,387.6,352.31,2018-01-21,4 - Soir,7 - Dimanche,Livraison,CA,Foodora,1
6532,0,463.0,420.78,2018-01-21,4 - Soir,7 - Dimanche,Livraison,CA,KM,1
6533,0,1101.8,1001.42,2018-01-21,4 - Soir,7 - Dimanche,Livraison,CA,UberEats,1
6534,0,241.1,218.7,2018-01-21,4 - Soir,7 - Dimanche,Sur place,CA,,13
6536,182,0.0,0.0,2018-01-22,,1 - Lundi,,CA,,0
6539,0,68.6,62.38,2018-01-22,2 - Midi,1 - Lundi,À emporter,CA,,5
6540,0,4.5,4.09,2018-01-22,2 - Midi,1 - Lundi,Limonade,CA,,2
6541,0,586.7,532.72,2018-01-22,2 - Midi,1 - Lundi,Sur place,CA,,27
6542,0,31.8,28.9,2018-01-22,3 - Après-midi,1 - Lundi,À emporter,CA,,1
6543,0,-90.85,-90.85,2018-01-22,3 - Après-midi,1 - Lundi,Limonade,CA,,2
6544,0,176.25,160.21,2018-01-22,3 - Après-midi,1 - Lundi,Livraison,CA,AlloResto,1
6545,0,696.4,632.87,2018-01-22,3 - Après-midi,1 - Lundi,Livraison,CA,Deliveroo,1
6546,0,242.6,220.48,2018-01-22,3 - Après-midi,1 - Lundi,Livraison,CA,Foodora,1
6547,0,133.7,121.56,2018-01-22,3 - Après-midi,1 - Lundi,Livraison,CA,KM,1
6548,0,465.9,423.36,2018-01-22,3 - Après-midi,1 - Lundi,Livraison,CA,UberEats,1
6549,-12,0.0,0.0,2018-01-22,4 - Soir,1 - Lundi,,CA,,0
6552,0,65.1,59.12,2018-01-22,4 - Soir,1 - Lundi,À emporter,CA,,2
6554,0,0.4,0.36,2018-01-22,4 - Soir,1 - Lundi,Limonade,CA,,1
6555,0,136.6,124.17,2018-01-22,4 - Soir,1 - Lundi,Sur place,CA,,6
6557,207,0.0,0.0,2018-01-23,,2 - Mardi,,CA,,0
6560,0,87.9,79.91,2018-01-23,2 - Midi,2 - Mardi,À emporter,CA,,6
6561,0,16.5,14.46,2018-01-23,2 - Midi,2 - Mardi,Limonade,CA,,4
6562,0,77.95,70.84,2018-01-23,2 - Midi,2 - Mardi,Livraison,CA,AlloResto,1
6563,0,87.8,79.79,2018-01-23,2 - Midi,2 - Mardi,Livraison,CA,Deliveroo,1
6564,0,69.1,62.81,2018-01-23,2 - Midi,2 - Mardi,Livraison,CA,Foodora,1
6565,0,23.4,21.26,2018-01-23,2 - Midi,2 - Mardi,Livraison,CA,KM,1
6566,0,62.2,56.53,2018-01-23,2 - Midi,2 - Mardi,Livraison,CA,UberEats,1
6567,0,962.7,874.09,2018-01-23,2 - Midi,2 - Mardi,Sur place,CA,,52
6568,0,22.8,20.73,2018-01-23,3 - Après-midi,2 - Mardi,Sur place,CA,,1
6569,-8,0.0,0.0,2018-01-23,4 - Soir,2 - Mardi,,CA,,0
6573,0,29.0,26.36,2018-01-23,4 - Soir,2 - Mardi,À emporter,CA,KM,1
6574,0,113.6,103.19,2018-01-23,4 - Soir,2 - Mardi,À emporter,CA,,6
6575,0,229.95,209.0,2018-01-23,4 - Soir,2 - Mardi,Livraison,CA,AlloResto,1
6576,0,286.3,260.21,2018-01-23,4 - Soir,2 - Mardi,Livraison,CA,Deliveroo,1
6577,0,405.0,368.12,2018-01-23,4 - Soir,2 - Mardi,Livraison,CA,Foodora,1
6578,0,60.9,55.36,2018-01-23,4 - Soir,2 - Mardi,Livraison,CA,KM,1
6579,0,261.1,237.32,2018-01-23,4 - Soir,2 - Mardi,Livraison,CA,UberEats,1
6580,0,178.4,162.2,2018-01-23,4 - Soir,2 - Mardi,Sur place,CA,,6
6582,241,0.0,0.0,2018-01-24,,3 - Mercredi,,CA,,0
6584,0,27.8,25.27,2018-01-24,2 - Midi,3 - Mercredi,À emporter,CA,KM,1
6585,0,69.7,63.38,2018-01-24,2 - Midi,3 - Mercredi,À emporter,CA,,5
6586,0,4.5,4.09,2018-01-24,2 - Midi,3 - Mercredi,Limonade,CA,,2
6587,0,94.0,85.43,2018-01-24,2 - Midi,3 - Mercredi,Livraison,CA,Deliveroo,1
6588,0,124.5,113.18,2018-01-24,2 - Midi,3 - Mercredi,Livraison,CA,Foodora,1
6589,0,82.0,74.55,2018-01-24,2 - Midi,3 - Mercredi,Livraison,CA,KM,1
6590,0,168.0,152.68,2018-01-24,2 - Midi,3 - Mercredi,Livraison,CA,UberEats,1
6591,0,962.6,874.78,2018-01-24,2 - Midi,3 - Mercredi,Sur place,CA,,54
6592,0,67.5,61.37,2018-01-24,3 - Après-midi,3 - Mercredi,Sur place,CA,,3
6593,-10,0.0,0.0,2018-01-24,4 - Soir,3 - Mercredi,,CA,,0
6596,0,88.1,79.91,2018-01-24,4 - Soir,3 - Mercredi,À emporter,CA,,5
6597,0,6.0,5.19,2018-01-24,4 - Soir,3 - Mercredi,Limonade,CA,,2
6598,0,84.3,76.62,2018-01-24,4 - Soir,3 - Mercredi,Livraison,CA,AlloResto,1
6599,0,428.9,389.49,2018-01-24,4 - Soir,3 - Mercredi,Livraison,CA,Deliveroo,1
6600,0,240.5,218.58,2018-01-24,4 - Soir,3 - Mercredi,Livraison,CA,Foodora,1
6601,0,304.6,276.9,2018-01-24,4 - Soir,3 - Mercredi,Livraison,CA,KM,1
6602,0,484.4,440.28,2018-01-24,4 - Soir,3 - Mercredi,Livraison,CA,UberEats,1
6603,0,254.8,231.26,2018-01-24,4 - Soir,3 - Mercredi,Sur place,CA,,14
6605,266,0.0,0.0,2018-01-25,,4 - Jeudi,,CA,,0
6607,0,1.5,1.36,2018-01-25,1 - Matin,4 - Jeudi,Limonade,CA,,1
6608,-1,0.0,0.0,2018-01-25,2 - Midi,4 - Jeudi,,CA,,0
6611,0,160.9,146.29,2018-01-25,2 - Midi,4 - Jeudi,À emporter,CA,,12
6612,0,28.0,24.08,2018-01-25,2 - Midi,4 - Jeudi,Limonade,CA,,3
6613,0,62.0,56.36,2018-01-25,2 - Midi,4 - Jeudi,Livraison,CA,AlloResto,1
6614,0,126.3,114.8,2018-01-25,2 - Midi,4 - Jeudi,Livraison,CA,Deliveroo,1
6615,0,49.2,44.72,2018-01-25,2 - Midi,4 - Jeudi,Livraison,CA,Foodora,1
6616,0,99.9,90.8,2018-01-25,2 - Midi,4 - Jeudi,Livraison,CA,UberEats,1
6617,0,1418.42,1286.97,2018-01-25,2 - Midi,4 - Jeudi,Sur place,CA,,82
6620,0,8.5,7.46,2018-01-25,3 - Après-midi,4 - Jeudi,Limonade,CA,,1
6621,0,12.9,11.65,2018-01-25,3 - Après-midi,4 - Jeudi,Sur place,CA,,1
6622,-10,0.0,0.0,2018-01-25,4 - Soir,4 - Jeudi,,CA,,0
6625,0,25.8,23.46,2018-01-25,4 - Soir,4 - Jeudi,À emporter,CA,KM,1
6626,0,205.8,186.88,2018-01-25,4 - Soir,4 - Jeudi,À emporter,CA,,8
6627,0,7.0,6.36,2018-01-25,4 - Soir,4 - Jeudi,Limonade,CA,,1
6628,0,211.95,192.62,2018-01-25,4 - Soir,4 - Jeudi,Livraison,CA,AlloResto,1
6629,0,228.3,207.51,2018-01-25,4 - Soir,4 - Jeudi,Livraison,CA,Deliveroo,1
6630,0,321.8,292.47,2018-01-25,4 - Soir,4 - Jeudi,Livraison,CA,Foodora,1
6631,0,295.74,268.69,2018-01-25,4 - Soir,4 - Jeudi,Livraison,CA,KM,1
6632,0,382.3,347.09,2018-01-25,4 - Soir,4 - Jeudi,Livraison,CA,UberEats,1
6633,0,284.0,257.77,2018-01-25,4 - Soir,4 - Jeudi,Sur place,CA,,14
6635,324,0.0,0.0,2018-01-26,,5 - Vendredi,,CA,,0
6637,-2,0.0,0.0,2018-01-26,2 - Midi,5 - Vendredi,,CA,,0
6640,0,369.25,335.6,2018-01-26,2 - Midi,5 - Vendredi,À emporter,CA,,22
6643,0,12.5,11.35,2018-01-26,2 - Midi,5 - Vendredi,Limonade,CA,,5
6644,0,20.85,18.95,2018-01-26,2 - Midi,5 - Vendredi,Livraison,CA,AlloResto,1
6645,0,87.4,79.44,2018-01-26,2 - Midi,5 - Vendredi,Livraison,CA,Deliveroo,1
6646,0,31.8,28.9,2018-01-26,2 - Midi,5 - Vendredi,Livraison,CA,Foodora,1
6647,0,260.8,237.02,2018-01-26,2 - Midi,5 - Vendredi,Livraison,CA,UberEats,1
6649,0,853.4,774.76,2018-01-26,2 - Midi,5 - Vendredi,Sur place,CA,,54
6650,0,28.3,25.73,2018-01-26,3 - Après-midi,5 - Vendredi,Sur place,CA,,1
6651,-13,0.0,0.0,2018-01-26,4 - Soir,5 - Vendredi,,CA,,0
6654,0,97.2,88.37,2018-01-26,4 - Soir,5 - Vendredi,À emporter,CA,KM,1
6655,0,28.8,26.18,2018-01-26,4 - Soir,5 - Vendredi,À emporter,CA,,2
6656,0,21.5,19.55,2018-01-26,4 - Soir,5 - Vendredi,Limonade,CA,,5
6657,0,197.6,179.59,2018-01-26,4 - Soir,5 - Vendredi,Livraison,CA,AlloResto,1
6658,0,414.4,376.66,2018-01-26,4 - Soir,5 - Vendredi,Livraison,CA,Deliveroo,2
6659,0,741.3,673.76,2018-01-26,4 - Soir,5 - Vendredi,Livraison,CA,Foodora,1
6660,0,472.75,429.54,2018-01-26,4 - Soir,5 - Vendredi,Livraison,CA,KM,1
6661,0,425.4,386.36,2018-01-26,4 - Soir,5 - Vendredi,Livraison,CA,UberEats,1
6662,0,424.0,385.3,2018-01-26,4 - Soir,5 - Vendredi,Sur place,CA,,21
6664,371,0.0,0.0,2018-01-27,,6 - Samedi,,CA,,0
6667,0,93.0,84.45,2018-01-27,2 - Midi,6 - Samedi,À emporter,CA,,6
6668,0,31.5,28.63,2018-01-27,2 - Midi,6 - Samedi,Limonade,CA,,3
6670,0,1471.5,1336.21,2018-01-27,2 - Midi,6 - Samedi,Sur place,CA,,65
6672,0,48.2,43.74,2018-01-27,3 - Après-midi,6 - Samedi,À emporter,CA,,3
6673,0,19.5,17.19,2018-01-27,3 - Après-midi,6 - Samedi,Limonade,CA,,3
6674,0,48.65,44.21,2018-01-27,3 - Après-midi,6 - Samedi,Livraison,CA,AlloResto,1
6675,0,194.0,176.33,2018-01-27,3 - Après-midi,6 - Samedi,Livraison,CA,Deliveroo,1
6676,0,138.9,126.24,2018-01-27,3 - Après-midi,6 - Samedi,Livraison,CA,Foodora,1
6677,0,63.8,58.0,2018-01-27,3 - Après-midi,6 - Samedi,Livraison,CA,KM,1
6678,0,483.4,439.35,2018-01-27,3 - Après-midi,6 - Samedi,Livraison,CA,UberEats,1
6679,0,158.9,144.38,2018-01-27,3 - Après-midi,6 - Samedi,Sur place,CA,,9
6680,-13,0.0,0.0,2018-01-27,4 - Soir,6 - Samedi,,CA,,0
6684,0,30.8,27.8,2018-01-27,4 - Soir,6 - Samedi,À emporter,CA,KM,1
6685,0,16.4,14.91,2018-01-27,4 - Soir,6 - Samedi,À emporter,CA,,1
6686,0,206.2,183.85,2018-01-27,4 - Soir,6 - Samedi,À emporter,CA,,9
6688,0,357.3,324.74,2018-01-27,4 - Soir,6 - Samedi,Livraison,CA,AlloResto,1
6689,0,608.2,552.63,2018-01-27,4 - Soir,6 - Samedi,Livraison,CA,Deliveroo,1
6690,0,497.2,451.88,2018-01-27,4 - Soir,6 - Samedi,Livraison,CA,Foodora,1
6691,0,266.9,242.42,2018-01-27,4 - Soir,6 - Samedi,Livraison,CA,KM,1
6692,0,509.2,462.79,2018-01-27,4 - Soir,6 - Samedi,Livraison,CA,UberEats,1
6693,0,100.5,91.19,2018-01-27,4 - Soir,6 - Samedi,Sur place,CA,,6
6694,0,141.1,128.28,2018-01-27,4 - Soir,6 - Samedi,Sur place,CA,,8
6696,140,0.0,0.0,2018-01-28,,7 - Dimanche,,CA,,0
6698,0,7.5,6.81,2018-01-28,3 - Après-midi,7 - Dimanche,Limonade,CA,,1
6699,0,145.6,131.9,2018-01-28,3 - Après-midi,7 - Dimanche,Sur place,CA,,8
6700,-7,0.0,0.0,2018-01-28,4 - Soir,7 - Dimanche,,CA,,0
6703,0,54.6,49.64,2018-01-28,4 - Soir,7 - Dimanche,À emporter,CA,KM,1
6704,0,238.8,217.06,2018-01-28,4 - Soir,7 - Dimanche,À emporter,CA,,10
6705,0,9.0,7.5,2018-01-28,4 - Soir,7 - Dimanche,Limonade,CA,,1
6706,0,169.6,154.16,2018-01-28,4 - Soir,7 - Dimanche,Livraison,CA,AlloResto,1
6707,0,476.0,432.62,2018-01-28,4 - Soir,7 - Dimanche,Livraison,CA,Deliveroo,1
6708,0,242.7,220.61,2018-01-28,4 - Soir,7 - Dimanche,Livraison,CA,KM,1
6709,0,650.2,590.65,2018-01-28,4 - Soir,7 - Dimanche,Livraison,CA,UberEats,1
6710,0,129.2,117.04,2018-01-28,4 - Soir,7 - Dimanche,Sur place,CA,,6
6712,233,0.0,0.0,2018-01-29,,1 - Lundi,,CA,,0
6715,0,13.9,12.64,2018-01-29,2 - Midi,1 - Lundi,À emporter,CA,KM,1
6716,0,90.0,81.82,2018-01-29,2 - Midi,1 - Lundi,À emporter,CA,,6
6717,0,-1.01,-1.28,2018-01-29,2 - Midi,1 - Lundi,Limonade,CA,,2
6718,0,35.6,32.35,2018-01-29,2 - Midi,1 - Lundi,Livraison,CA,AlloResto,1
6719,0,125.0,113.6,2018-01-29,2 - Midi,1 - Lundi,Livraison,CA,Deliveroo,1
6720,0,89.7,81.52,2018-01-29,2 - Midi,1 - Lundi,Livraison,CA,Foodora,1
6721,0,23.4,21.27,2018-01-29,2 - Midi,1 - Lundi,Livraison,CA,KM,1
6722,0,15.9,14.45,2018-01-29,2 - Midi,1 - Lundi,Livraison,CA,UberEats,1
6723,0,909.8,826.56,2018-01-29,2 - Midi,1 - Lundi,Sur place,CA,,58
6725,0,47.7,43.35,2018-01-29,3 - Après-midi,1 - Lundi,Sur place,CA,,2
6726,-8,0.0,0.0,2018-01-29,4 - Soir,1 - Lundi,,CA,,0
6729,0,15.9,14.45,2018-01-29,4 - Soir,1 - Lundi,À emporter,CA,KM,1
6730,0,130.2,118.38,2018-01-29,4 - Soir,1 - Lundi,À emporter,CA,,7
6731,0,13.5,12.27,2018-01-29,4 - Soir,1 - Lundi,Limonade,CA,,1
6732,0,105.4,95.79,2018-01-29,4 - Soir,1 - Lundi,Livraison,CA,AlloResto,1
6733,0,391.7,355.82,2018-01-29,4 - Soir,1 - Lundi,Livraison,CA,Deliveroo,1
6734,0,566.1,514.5,2018-01-29,4 - Soir,1 - Lundi,Livraison,CA,Foodora,1
6735,0,222.4,202.16,2018-01-29,4 - Soir,1 - Lundi,Livraison,CA,KM,1
6736,0,477.8,433.9,2018-01-29,4 - Soir,1 - Lundi,Livraison,CA,UberEats,1
6737,0,243.0,220.55,2018-01-29,4 - Soir,1 - Lundi,Sur place,CA,,15
6739,194,0.0,0.0,2018-01-30,,2 - Mardi,,CA,,0
6742,0,12.9,11.73,2018-01-30,2 - Midi,2 - Mardi,À emporter,CA,KM,1
6743,0,281.8,255.67,2018-01-30,2 - Midi,2 - Mardi,À emporter,CA,,19
6745,0,17.0,15.45,2018-01-30,2 - Midi,2 - Mardi,Limonade,CA,,3
6746,0,35.3,32.09,2018-01-30,2 - Midi,2 - Mardi,Livraison,CA,AlloResto,1
6747,0,78.3,71.17,2018-01-30,2 - Midi,2 - Mardi,Livraison,CA,Deliveroo,1
6748,0,14.5,13.18,2018-01-30,2 - Midi,2 - Mardi,Livraison,CA,Foodora,1
6749,0,52.2,47.44,2018-01-30,2 - Midi,2 - Mardi,Livraison,CA,UberEats,1
6750,0,625.7,568.79,2018-01-30,2 - Midi,2 - Mardi,Sur place,CA,,40
6751,0,21.4,19.45,2018-01-30,3 - Après-midi,2 - Mardi,À emporter,CA,,1
6752,-13,0.0,0.0,2018-01-30,4 - Soir,2 - Mardi,,CA,,0
6755,0,100.2,91.08,2018-01-30,4 - Soir,2 - Mardi,À emporter,CA,,6
6757,0,3.0,2.73,2018-01-30,4 - Soir,2 - Mardi,Limonade,CA,,1
6758,0,197.25,179.27,2018-01-30,4 - Soir,2 - Mardi,Livraison,CA,AlloResto,1
6759,0,351.8,319.76,2018-01-30,4 - Soir,2 - Mardi,Livraison,CA,Deliveroo,1
6760,0,352.4,320.27,2018-01-30,4 - Soir,2 - Mardi,Livraison,CA,Foodora,1
6761,0,236.8,215.27,2018-01-30,4 - Soir,2 - Mardi,Livraison,CA,KM,1
6762,0,280.6,255.03,2018-01-30,4 - Soir,2 - Mardi,Livraison,CA,UberEats,1
6763,0,97.3,88.38,2018-01-30,4 - Soir,2 - Mardi,Sur place,CA,,5
6765,244,0.0,0.0,2018-01-31,,3 - Mercredi,,CA,,0
6768,0,437.31,397.48,2018-01-31,2 - Midi,3 - Mercredi,À emporter,CA,,28
6770,0,4.5,4.08,2018-01-31,2 - Midi,3 - Mercredi,Limonade,CA,,3
6771,0,72.8,66.18,2018-01-31,2 - Midi,3 - Mercredi,Livraison,CA,Deliveroo,1
6772,0,46.0,41.81,2018-01-31,2 - Midi,3 - Mercredi,Livraison,CA,Foodora,1
6773,0,102.9,93.53,2018-01-31,2 - Midi,3 - Mercredi,Livraison,CA,KM,1
6774,0,771.2,700.43,2018-01-31,2 - Midi,3 - Mercredi,Sur place,CA,,43
6776,0,11.5,10.46,2018-01-31,3 - Après-midi,3 - Mercredi,À emporter,CA,,1
6777,0,64.2,58.35,2018-01-31,3 - Après-midi,3 - Mercredi,Livraison,CA,AlloResto,1
6778,0,125.7,114.25,2018-01-31,3 - Après-midi,3 - Mercredi,Livraison,CA,UberEats,1
6779,0,64.5,58.41,2018-01-31,3 - Après-midi,3 - Mercredi,Sur place,CA,,2
6780,-10,0.0,0.0,2018-01-31,4 - Soir,3 - Mercredi,,CA,,0
6783,0,133.3,121.17,2018-01-31,4 - Soir,3 - Mercredi,À emporter,CA,,6
6785,0,11.0,9.74,2018-01-31,4 - Soir,3 - Mercredi,Limonade,CA,,2
6786,0,155.85,141.66,2018-01-31,4 - Soir,3 - Mercredi,Livraison,CA,AlloResto,2
6787,0,592.7,537.75,2018-01-31,4 - Soir,3 - Mercredi,Livraison,CA,Deliveroo,1
6788,0,324.4,294.85,2018-01-31,4 - Soir,3 - Mercredi,Livraison,CA,Foodora,1
6789,0,91.9,83.53,2018-01-31,4 - Soir,3 - Mercredi,Livraison,CA,KM,1
6790,0,273.7,248.77,2018-01-31,4 - Soir,3 - Mercredi,Livraison,CA,UberEats,1
6791,0,254.4,231.17,2018-01-31,4 - Soir,3 - Mercredi,Sur place,CA,,13
6793,287,0.0,0.0,2018-02-01,,4 - Jeudi,,CA,,0
6796,0,12.9,11.73,2018-02-01,2 - Midi,4 - Jeudi,À emporter,CA,KM,1
6797,0,194.1,176.48,2018-02-01,2 - Midi,4 - Jeudi,À emporter,CA,,13
6798,0,16.85,15.31,2018-02-01,2 - Midi,4 - Jeudi,Livraison,CA,AlloResto,1
6799,0,15.9,14.45,2018-02-01,2 - Midi,4 - Jeudi,Livraison,CA,Deliveroo,1
6800,0,172.3,156.62,2018-02-01,2 - Midi,4 - Jeudi,Livraison,CA,Foodora,1
6801,0,152.6,138.68,2018-02-01,2 - Midi,4 - Jeudi,Livraison,CA,UberEats,1
6803,0,975.6,886.73,2018-02-01,2 - Midi,4 - Jeudi,Sur place,CA,,62
6804,0,12.9,11.65,2018-02-01,3 - Après-midi,4 - Jeudi,Sur place,CA,,1
6805,-11,0.0,0.0,2018-02-01,4 - Soir,4 - Jeudi,,CA,,0
6808,0,25.8,23.46,2018-02-01,4 - Soir,4 - Jeudi,À emporter,CA,KM,1
6809,0,120.3,109.28,2018-02-01,4 - Soir,4 - Jeudi,À emporter,CA,,7
6810,0,6.5,5.91,2018-02-01,4 - Soir,4 - Jeudi,Limonade,CA,,2
6811,0,248.25,225.62,2018-02-01,4 - Soir,4 - Jeudi,Livraison,CA,AlloResto,1
6812,0,493.9,448.34,2018-02-01,4 - Soir,4 - Jeudi,Livraison,CA,Deliveroo,1
6813,0,176.0,159.94,2018-02-01,4 - Soir,4 - Jeudi,Livraison,CA,Foodora,1
6814,0,279.3,253.82,2018-02-01,4 - Soir,4 - Jeudi,Livraison,CA,KM,1
6815,0,619.9,563.42,2018-02-01,4 - Soir,4 - Jeudi,Livraison,CA,UberEats,1
6816,0,572.0,518.93,2018-02-01,4 - Soir,4 - Jeudi,Sur place,CA,,29
6818,310,0.0,0.0,2018-02-02,,5 - Vendredi,,CA,,0
6820,-4,0.0,0.0,2018-02-02,2 - Midi,5 - Vendredi,,CA,,0
6823,0,148.21,134.73,2018-02-02,2 - Midi,5 - Vendredi,À emporter,CA,,10
6825,0,24.0,21.82,2018-02-02,2 - Midi,5 - Vendredi,Limonade,CA,,4
6826,0,88.4,80.34,2018-02-02,2 - Midi,5 - Vendredi,Livraison,CA,UberEats,1
6827,0,949.2,861.55,2018-02-02,2 - Midi,5 - Vendredi,Sur place,CA,,49
6830,0,15.9,14.45,2018-02-02,3 - Après-midi,5 - Vendredi,À emporter,CA,KM,1
6831,0,92.4,83.98,2018-02-02,3 - Après-midi,5 - Vendredi,Livraison,CA,Deliveroo,1
6832,0,57.0,51.8,2018-02-02,3 - Après-midi,5 - Vendredi,Livraison,CA,Foodora,1
6833,0,61.8,55.99,2018-02-02,3 - Après-midi,5 - Vendredi,Livraison,CA,KM,1
6834,0,15.9,14.45,2018-02-02,3 - Après-midi,5 - Vendredi,Sur place,CA,,1
6835,-15,0.0,0.0,2018-02-02,4 - Soir,5 - Vendredi,,CA,,0
6838,0,220.4,200.4,2018-02-02,4 - Soir,5 - Vendredi,À emporter,CA,,8
6839,0,2.5,2.27,2018-02-02,4 - Soir,5 - Vendredi,Limonade,CA,,1
6840,0,400.6,364.09,2018-02-02,4 - Soir,5 - Vendredi,Livraison,CA,AlloResto,1
6841,0,370.3,336.58,2018-02-02,4 - Soir,5 - Vendredi,Livraison,CA,Deliveroo,1
6842,0,543.7,494.14,2018-02-02,4 - Soir,5 - Vendredi,Livraison,CA,Foodora,1
6843,0,190.4,173.09,2018-02-02,4 - Soir,5 - Vendredi,Livraison,CA,KM,1
6844,0,699.3,635.57,2018-02-02,4 - Soir,5 - Vendredi,Livraison,CA,UberEats,1
6845,0,475.2,431.62,2018-02-02,4 - Soir,5 - Vendredi,Sur place,CA,,17
6847,391,0.0,0.0,2018-02-03,,6 - Samedi,,CA,,0
6849,0,168.3,152.99,2018-02-03,2 - Midi,6 - Samedi,À emporter,CA,,7
6850,0,19.0,17.28,2018-02-03,2 - Midi,6 - Samedi,Limonade,CA,,5
6851,0,1669.2,1516.8,2018-02-03,2 - Midi,6 - Samedi,Sur place,CA,,59
6852,0,25.8,23.46,2018-02-03,3 - Après-midi,6 - Samedi,À emporter,CA,,1
6853,0,6.15,4.59,2018-02-03,3 - Après-midi,6 - Samedi,Limonade,CA,,3
6854,0,66.45,60.39,2018-02-03,3 - Après-midi,6 - Samedi,Livraison,CA,AlloResto,1
6855,0,337.4,306.39,2018-02-03,3 - Après-midi,6 - Samedi,Livraison,CA,Deliveroo,1
6856,0,260.2,236.51,2018-02-03,3 - Après-midi,6 - Samedi,Livraison,CA,Foodora,1
6857,0,28.3,25.73,2018-02-03,3 - Après-midi,6 - Samedi,Livraison,CA,KM,1
6858,0,328.2,298.27,2018-02-03,3 - Après-midi,6 - Samedi,Livraison,CA,UberEats,1
6859,0,151.0,137.14,2018-02-03,3 - Après-midi,6 - Samedi,Sur place,CA,,7
6860,-14,0.0,0.0,2018-02-03,4 - Soir,6 - Samedi,,CA,,0
6863,0,144.5,131.38,2018-02-03,4 - Soir,6 - Samedi,À emporter,CA,KM,1
6864,0,85.6,77.8,2018-02-03,4 - Soir,6 - Samedi,À emporter,CA,,3
6865,0,3.0,2.73,2018-02-03,4 - Soir,6 - Samedi,Limonade,CA,Foodora,1
6866,0,13.5,12.28,2018-02-03,4 - Soir,6 - Samedi,Limonade,CA,,3
6867,0,224.7,204.24,2018-02-03,4 - Soir,6 - Samedi,Livraison,CA,AlloResto,1
6868,0,406.0,369.02,2018-02-03,4 - Soir,6 - Samedi,Livraison,CA,Deliveroo,1
6869,0,476.7,432.99,2018-02-03,4 - Soir,6 - Samedi,Livraison,CA,Foodora,1
6870,0,378.8,344.37,2018-02-03,4 - Soir,6 - Samedi,Livraison,CA,KM,1
6871,0,360.8,327.93,2018-02-03,4 - Soir,6 - Samedi,Livraison,CA,UberEats,1
6872,0,599.7,544.04,2018-02-03,4 - Soir,6 - Samedi,Sur place,CA,,17
6874,176,0.0,0.0,2018-02-04,,7 - Dimanche,,CA,,0
6875,0,26.8,24.29,2018-02-04,3 - Après-midi,7 - Dimanche,Sur place,CA,,1
6876,0,161.3,146.43,2018-02-04,4 - Soir,7 - Dimanche,À emporter,CA,,7
6877,0,9.5,8.1,2018-02-04,4 - Soir,7 - Dimanche,Limonade,CA,,2
6878,0,152.9,138.96,2018-02-04,4 - Soir,7 - Dimanche,Livraison,CA,AlloResto,1
6879,0,511.0,464.43,2018-02-04,4 - Soir,7 - Dimanche,Livraison,CA,Deliveroo,1
6880,0,401.3,364.72,2018-02-04,4 - Soir,7 - Dimanche,Livraison,CA,Foodora,1
6881,0,290.5,264.07,2018-02-04,4 - Soir,7 - Dimanche,Livraison,CA,KM,1
6882,0,967.8,878.44,2018-02-04,4 - Soir,7 - Dimanche,Livraison,CA,UberEats,1
6883,0,279.8,254.01,2018-02-04,4 - Soir,7 - Dimanche,Sur place,CA,,15
6884,199,0.0,0.0,2018-02-05,,1 - Lundi,,CA,,0
6886,0,-57.23,-57.55,2018-02-05,1 - Matin,1 - Lundi,Limonade,CA,,4
6887,0,126.2,114.72,2018-02-05,2 - Midi,1 - Lundi,À emporter,CA,,8
6888,0,17.0,15.47,2018-02-05,2 - Midi,1 - Lundi,Limonade,CA,,4
6889,0,52.15,47.4,2018-02-05,2 - Midi,1 - Lundi,Livraison,CA,AlloResto,1
6890,0,50.7,46.08,2018-02-05,2 - Midi,1 - Lundi,Livraison,CA,Deliveroo,1
6891,0,33.0,30.01,2018-02-05,2 - Midi,1 - Lundi,Livraison,CA,Foodora,1
6892,0,54.9,49.92,2018-02-05,2 - Midi,1 - Lundi,Livraison,CA,KM,1
6893,0,183.4,166.67,2018-02-05,2 - Midi,1 - Lundi,Livraison,CA,UberEats,1
6894,0,865.6,786.51,2018-02-05,2 - Midi,1 - Lundi,Sur place,CA,,51
6895,0,1.5,1.36,2018-02-05,3 - Après-midi,1 - Lundi,Limonade,CA,,1
6896,0,26.8,24.29,2018-02-05,3 - Après-midi,1 - Lundi,Sur place,CA,,1
6897,-10,0.0,0.0,2018-02-05,4 - Soir,1 - Lundi,,CA,,0
6900,0,21.4,19.46,2018-02-05,4 - Soir,1 - Lundi,À emporter,CA,KM,1
6901,0,209.7,190.64,2018-02-05,4 - Soir,1 - Lundi,À emporter,CA,,10
6902,0,112.6,102.34,2018-02-05,4 - Soir,1 - Lundi,Livraison,CA,AlloResto,1
6903,0,202.0,183.62,2018-02-05,4 - Soir,1 - Lundi,Livraison,CA,Deliveroo,1
6904,0,247.0,224.52,2018-02-05,4 - Soir,1 - Lundi,Livraison,CA,Foodora,1
6905,0,152.7,138.81,2018-02-05,4 - Soir,1 - Lundi,Livraison,CA,KM,1
6906,0,399.8,363.09,2018-02-05,4 - Soir,1 - Lundi,Livraison,CA,UberEats,1
6907,0,76.96,69.87,2018-02-05,4 - Soir,1 - Lundi,Sur place,CA,,4
6910,200,0.0,0.0,2018-02-06,,2 - Mardi,,CA,,0
6912,0,69.5,63.19,2018-02-06,2 - Midi,2 - Mardi,À emporter,CA,,5
6913,0,-8.85,-8.85,2018-02-06,2 - Midi,2 - Mardi,Limonade,CA,,3
6914,0,32.75,29.76,2018-02-06,2 - Midi,2 - Mardi,Livraison,CA,AlloResto,1
6915,0,122.4,111.23,2018-02-06,2 - Midi,2 - Mardi,Livraison,CA,Deliveroo,1
6916,0,33.4,30.36,2018-02-06,2 - Midi,2 - Mardi,Livraison,CA,Foodora,1
6917,0,102.9,93.52,2018-02-06,2 - Midi,2 - Mardi,Livraison,CA,UberEats,1
6918,0,963.31,875.52,2018-02-06,2 - Midi,2 - Mardi,Sur place,CA,,57
6920,0,70.1,63.64,2018-02-06,3 - Après-midi,2 - Mardi,Sur place,CA,,3
6921,-9,0.0,0.0,2018-02-06,4 - Soir,2 - Mardi,,CA,,0
6924,0,100.9,91.72,2018-02-06,4 - Soir,2 - Mardi,À emporter,CA,,6
6925,0,173.25,157.45,2018-02-06,4 - Soir,2 - Mardi,Livraison,CA,AlloResto,1
6926,0,249.3,226.56,2018-02-06,4 - Soir,2 - Mardi,Livraison,CA,Deliveroo,1
6927,0,275.5,250.4,2018-02-06,4 - Soir,2 - Mardi,Livraison,CA,Foodora,1
6928,0,237.7,216.11,2018-02-06,4 - Soir,2 - Mardi,Livraison,CA,KM,1
6929,0,221.3,201.15,2018-02-06,4 - Soir,2 - Mardi,Livraison,CA,UberEats,1
6930,0,165.4,150.19,2018-02-06,4 - Soir,2 - Mardi,Sur place,CA,,10
6932,250,0.0,0.0,2018-02-07,,3 - Mercredi,,CA,,0
6935,0,42.8,38.9,2018-02-07,2 - Midi,3 - Mercredi,À emporter,CA,KM,1
6936,0,218.6,198.73,2018-02-07,2 - Midi,3 - Mercredi,À emporter,CA,,12
6937,0,4.0,3.63,2018-02-07,2 - Midi,3 - Mercredi,Limonade,CA,,2
6938,0,16.85,15.31,2018-02-07,2 - Midi,3 - Mercredi,Livraison,CA,AlloResto,1
6939,0,62.2,56.53,2018-02-07,2 - Midi,3 - Mercredi,Livraison,CA,Deliveroo,1
6940,0,71.8,65.27,2018-02-07,2 - Midi,3 - Mercredi,Livraison,CA,Foodora,1
6941,0,97.0,88.15,2018-02-07,2 - Midi,3 - Mercredi,Livraison,CA,UberEats,1
6942,0,846.01,768.82,2018-02-07,2 - Midi,3 - Mercredi,Sur place,CA,,49
6944,0,14.5,13.18,2018-02-07,3 - Après-midi,3 - Mercredi,À emporter,CA,,1
6945,0,-27.5,-27.5,2018-02-07,3 - Après-midi,3 - Mercredi,Limonade,CA,,1
6946,-11,0.0,0.0,2018-02-07,4 - Soir,3 - Mercredi,,CA,,0
6949,0,189.9,172.56,2018-02-07,4 - Soir,3 - Mercredi,À emporter,CA,,10
6950,0,302.95,275.34,2018-02-07,4 - Soir,3 - Mercredi,Livraison,CA,AlloResto,1
6951,0,409.4,372.08,2018-02-07,4 - Soir,3 - Mercredi,Livraison,CA,Deliveroo,1
6952,0,251.3,228.39,2018-02-07,4 - Soir,3 - Mercredi,Livraison,CA,Foodora,1
6953,0,461.5,418.39,2018-02-07,4 - Soir,3 - Mercredi,Livraison,CA,KM,1
6954,0,458.0,416.27,2018-02-07,4 - Soir,3 - Mercredi,Livraison,CA,UberEats,1
6955,0,125.1,113.66,2018-02-07,4 - Soir,3 - Mercredi,Sur place,CA,,6
6957,311,0.0,0.0,2018-02-08,,4 - Jeudi,,CA,,0
6959,0,158.42,144.03,2018-02-08,2 - Midi,4 - Jeudi,À emporter,CA,,10
6961,0,8.5,7.72,2018-02-08,2 - Midi,4 - Jeudi,Limonade,CA,,2
6962,0,29.9,27.17,2018-02-08,2 - Midi,4 - Jeudi,Livraison,CA,Deliveroo,1
6963,0,15.9,14.45,2018-02-08,2 - Midi,4 - Jeudi,Livraison,CA,Foodora,1
6964,0,105.9,96.27,2018-02-08,2 - Midi,4 - Jeudi,Livraison,CA,KM,1
6965,0,172.3,156.6,2018-02-08,2 - Midi,4 - Jeudi,Livraison,CA,UberEats,1
6966,0,1354.22,1230.69,2018-02-08,2 - Midi,4 - Jeudi,Sur place,CA,,71
6968,0,1.5,1.36,2018-02-08,3 - Après-midi,4 - Jeudi,Limonade,CA,,1
6969,0,11.0,10.0,2018-02-08,3 - Après-midi,4 - Jeudi,Sur place,CA,,1
6970,-11,0.0,0.0,2018-02-08,4 - Soir,4 - Jeudi,,CA,,0
6973,0,47.4,43.1,2018-02-08,4 - Soir,4 - Jeudi,À emporter,CA,,2
6974,0,4.0,3.64,2018-02-08,4 - Soir,4 - Jeudi,Limonade,CA,,1
6975,0,276.95,251.7,2018-02-08,4 - Soir,4 - Jeudi,Livraison,CA,AlloResto,1
6976,0,244.7,222.03,2018-02-08,4 - Soir,4 - Jeudi,Livraison,CA,Deliveroo,1
6977,0,441.8,401.56,2018-02-08,4 - Soir,4 - Jeudi,Livraison,CA,Foodora,1
6978,0,101.9,92.62,2018-02-08,4 - Soir,4 - Jeudi,Livraison,CA,KM,1
6979,0,314.4,285.67,2018-02-08,4 - Soir,4 - Jeudi,Livraison,CA,UberEats,1
6980,0,1069.6,972.08,2018-02-08,4 - Soir,4 - Jeudi,Sur place,CA,,72
6982,386,0.0,0.0,2018-02-09,,5 - Vendredi,,CA,,0
6985,0,1.5,1.36,2018-02-09,1 - Matin,5 - Vendredi,Limonade,CA,,1
6986,-1,0.0,0.0,2018-02-09,2 - Midi,5 - Vendredi,,CA,,0
6990,0,331.91,301.53,2018-02-09,2 - Midi,5 - Vendredi,À emporter,CA,,19
6992,0,14.0,12.71,2018-02-09,2 - Midi,5 - Vendredi,Limonade,CA,,5
6993,0,13.85,12.59,2018-02-09,2 - Midi,5 - Vendredi,Livraison,CA,AlloResto,1
6994,0,88.7,80.62,2018-02-09,2 - Midi,5 - Vendredi,Livraison,CA,Deliveroo,1
6995,0,95.4,86.7,2018-02-09,2 - Midi,5 - Vendredi,Livraison,CA,Foodora,1
6996,0,23.9,21.72,2018-02-09,2 - Midi,5 - Vendredi,Livraison,CA,KM,1
6997,0,1063.14,964.69,2018-02-09,2 - Midi,5 - Vendredi,Sur place,CA,,61
7000,0,571.1,518.67,2018-02-09,3 - Après-midi,5 - Vendredi,Livraison,CA,UberEats,1
7001,0,38.7,35.19,2018-02-09,3 - Après-midi,5 - Vendredi,Sur place,CA,,2
7002,-15,0.0,0.0,2018-02-09,4 - Soir,5 - Vendredi,,CA,,0
7005,0,27.8,25.27,2018-02-09,4 - Soir,5 - Vendredi,À emporter,CA,KM,1
7006,0,244.8,222.46,2018-02-09,4 - Soir,5 - Vendredi,À emporter,CA,,9
7007,0,6.5,5.91,2018-02-09,4 - Soir,5 - Vendredi,Limonade,CA,,1
7008,0,265.85,241.62,2018-02-09,4 - Soir,5 - Vendredi,Livraison,CA,AlloResto,1
7009,0,315.2,286.39,2018-02-09,4 - Soir,5 - Vendredi,Livraison,CA,Deliveroo,1
7010,0,488.9,444.41,2018-02-09,4 - Soir,5 - Vendredi,Livraison,CA,Foodora,1
7011,0,187.6,170.32,2018-02-09,4 - Soir,5 - Vendredi,Livraison,CA,KM,1
7012,0,1444.8,1313.15,2018-02-09,4 - Soir,5 - Vendredi,Livraison,CA,UberEats,2
7013,0,494.9,449.26,2018-02-09,4 - Soir,5 - Vendredi,Sur place,CA,,27
7015,451,0.0,0.0,2018-02-10,,6 - Samedi,,CA,,0
7018,0,181.93,165.42,2018-02-10,2 - Midi,6 - Samedi,À emporter,CA,,9
7020,0,3.5,2.92,2018-02-10,2 - Midi,6 - Samedi,Limonade,CA,,1
7021,0,1121.1,1018.06,2018-02-10,2 - Midi,6 - Samedi,Sur place,CA,,45
7022,0,44.3,40.26,2018-02-10,3 - Après-midi,6 - Samedi,À emporter,CA,,1
7023,0,3.0,2.73,2018-02-10,3 - Après-midi,6 - Samedi,Limonade,CA,,1
7024,0,15.0,13.37,2018-02-10,3 - Après-midi,6 - Samedi,Limonade,CA,,2
7025,0,16.85,15.31,2018-02-10,3 - Après-midi,6 - Samedi,Livraison,CA,AlloResto,1
7026,0,205.4,186.68,2018-02-10,3 - Après-midi,6 - Samedi,Livraison,CA,Deliveroo,1
7027,0,339.0,308.13,2018-02-10,3 - Après-midi,6 - Samedi,Livraison,CA,Foodora,1
7028,0,58.8,53.46,2018-02-10,3 - Après-midi,6 - Samedi,Livraison,CA,KM,1
7029,0,955.1,868.08,2018-02-10,3 - Après-midi,6 - Samedi,Livraison,CA,UberEats,1
7030,0,43.7,39.57,2018-02-10,3 - Après-midi,6 - Samedi,Sur place,CA,,2
7031,-10,0.0,0.0,2018-02-10,4 - Soir,6 - Samedi,,CA,,0
7035,0,11.5,10.46,2018-02-10,4 - Soir,6 - Samedi,À emporter,CA,KM,1
7036,0,154.0,139.92,2018-02-10,4 - Soir,6 - Samedi,À emporter,CA,,7
7038,0,224.65,203.38,2018-02-10,4 - Soir,6 - Samedi,Livraison,CA,AlloResto,1
7039,0,384.9,349.83,2018-02-10,4 - Soir,6 - Samedi,Livraison,CA,Deliveroo,1
7040,0,561.9,510.71,2018-02-10,4 - Soir,6 - Samedi,Livraison,CA,Foodora,1
7041,0,294.1,267.13,2018-02-10,4 - Soir,6 - Samedi,Livraison,CA,KM,1
7042,0,1700.3,1544.93,2018-02-10,4 - Soir,6 - Samedi,Livraison,CA,UberEats,1
7043,0,604.52,546.97,2018-02-10,4 - Soir,6 - Samedi,Sur place,CA,,31
7046,262,0.0,0.0,2018-02-11,,7 - Dimanche,,CA,,0
7049,0,27.8,25.12,2018-02-11,3 - Après-midi,7 - Dimanche,À emporter,CA,,1
7051,-8,0.0,0.0,2018-02-11,4 - Soir,7 - Dimanche,,CA,,0
7054,0,28.8,26.18,2018-02-11,4 - Soir,7 - Dimanche,À emporter,CA,KM,1
7055,0,185.2,168.36,2018-02-11,4 - Soir,7 - Dimanche,À emporter,CA,,9
7056,0,3.0,2.73,2018-02-11,4 - Soir,7 - Dimanche,Limonade,CA,,1
7057,0,151.7,137.35,2018-02-11,4 - Soir,7 - Dimanche,Livraison,CA,AlloResto,1
7058,0,562.7,510.92,2018-02-11,4 - Soir,7 - Dimanche,Livraison,CA,Deliveroo,1
7059,0,482.7,438.34,2018-02-11,4 - Soir,7 - Dimanche,Livraison,CA,Foodora,1
7060,0,156.4,142.16,2018-02-11,4 - Soir,7 - Dimanche,Livraison,CA,KM,1
7061,0,2220.2,2017.6,2018-02-11,4 - Soir,7 - Dimanche,Livraison,CA,UberEats,5
7063,0,221.4,201.14,2018-02-11,4 - Soir,7 - Dimanche,Sur place,CA,,11
7065,247,0.0,0.0,2018-02-12,,1 - Lundi,,CA,,0
7068,0,1.5,1.36,2018-02-12,1 - Matin,1 - Lundi,Limonade,CA,,1
7069,0,11.9,10.82,2018-02-12,2 - Midi,1 - Lundi,À emporter,CA,,1
7070,0,185.67,168.79,2018-02-12,2 - Midi,1 - Lundi,À emporter,CA,,14
7072,0,-1.21,-1.66,2018-02-12,2 - Midi,1 - Lundi,Limonade,CA,,2
7073,0,48.65,44.21,2018-02-12,2 - Midi,1 - Lundi,Livraison,CA,AlloResto,1
7074,0,31.9,29.0,2018-02-12,2 - Midi,1 - Lundi,Livraison,CA,Deliveroo,1
7075,0,168.5,153.14,2018-02-12,2 - Midi,1 - Lundi,Livraison,CA,Foodora,1
7076,0,114.9,104.43,2018-02-12,2 - Midi,1 - Lundi,Livraison,CA,UberEats,1
7077,0,28.8,26.18,2018-02-12,2 - Midi,1 - Lundi,Sur place,CA,,1
7078,0,748.9,680.61,2018-02-12,2 - Midi,1 - Lundi,Sur place,CA,,36
7080,0,7.0,5.83,2018-02-12,3 - Après-midi,1 - Lundi,Limonade,CA,,1
7081,-10,0.0,0.0,2018-02-12,4 - Soir,1 - Lundi,,CA,,0
7084,0,23.0,20.91,2018-02-12,4 - Soir,1 - Lundi,À emporter,CA,KM,1
7085,0,237.5,215.92,2018-02-12,4 - Soir,1 - Lundi,À emporter,CA,,5
7086,0,198.7,180.59,2018-02-12,4 - Soir,1 - Lundi,Livraison,CA,AlloResto,1
7087,0,361.2,328.32,2018-02-12,4 - Soir,1 - Lundi,Livraison,CA,Deliveroo,1
7088,0,702.8,638.77,2018-02-12,4 - Soir,1 - Lundi,Livraison,CA,Foodora,1
7089,0,57.2,51.81,2018-02-12,4 - Soir,1 - Lundi,Livraison,CA,KM,1
7090,0,342.4,311.22,2018-02-12,4 - Soir,1 - Lundi,Livraison,CA,UberEats,1
7092,0,56.7,51.55,2018-02-12,4 - Soir,1 - Lundi,Sur place,CA,,3
7093,0,124.2,112.51,2018-02-12,4 - Soir,1 - Lundi,Sur place,CA,,5
7095,233,0.0,0.0,2018-02-13,,2 - Mardi,,CA,,0
7098,0,90.5,82.29,2018-02-13,2 - Midi,2 - Mardi,À emporter,CA,,5
7099,0,33.7,30.63,2018-02-13,2 - Midi,2 - Mardi,Livraison,CA,AlloResto,1
7100,0,83.3,75.7,2018-02-13,2 - Midi,2 - Mardi,Livraison,CA,Deliveroo,1
7101,0,123.2,111.99,2018-02-13,2 - Midi,2 - Mardi,Livraison,CA,Foodora,1
7102,0,70.1,63.73,2018-02-13,2 - Midi,2 - Mardi,Livraison,CA,KM,1
7103,0,51.8,47.08,2018-02-13,2 - Midi,2 - Mardi,Livraison,CA,UberEats,1
7104,0,808.8,735.26,2018-02-13,2 - Midi,2 - Mardi,Sur place,CA,,41
7105,0,31.8,28.9,2018-02-13,3 - Après-midi,2 - Mardi,Sur place,CA,,1
7106,0,25.8,23.46,2018-02-13,4 - Soir,2 - Mardi,À emporter,CA,KM,1
7107,0,37.9,34.26,2018-02-13,4 - Soir,2 - Mardi,À emporter,CA,,2
7108,0,3.36,2.91,2018-02-13,4 - Soir,2 - Mardi,Limonade,CA,,2
7109,0,205.7,186.67,2018-02-13,4 - Soir,2 - Mardi,Livraison,CA,AlloResto,1
7110,0,242.0,219.94,2018-02-13,4 - Soir,2 - Mardi,Livraison,CA,Deliveroo,1
7111,0,631.9,574.34,2018-02-13,4 - Soir,2 - Mardi,Livraison,CA,Foodora,1
7112,0,147.4,134.0,2018-02-13,4 - Soir,2 - Mardi,Livraison,CA,KM,1
7113,0,380.9,346.2,2018-02-13,4 - Soir,2 - Mardi,Livraison,CA,UberEats,1
7115,0,336.1,302.09,2018-02-13,4 - Soir,2 - Mardi,Sur place,CA,,20
7118,237,0.0,0.0,2018-02-14,,3 - Mercredi,,CA,,0
7121,0,93.9,85.38,2018-02-14,2 - Midi,3 - Mercredi,À emporter,CA,,7
7122,0,12.0,10.91,2018-02-14,2 - Midi,3 - Mercredi,Limonade,CA,,3
7123,0,16.85,15.31,2018-02-14,2 - Midi,3 - Mercredi,Livraison,CA,AlloResto,1
7124,0,31.8,28.9,2018-02-14,2 - Midi,3 - Mercredi,Livraison,CA,Deliveroo,1
7125,0,105.3,95.7,2018-02-14,2 - Midi,3 - Mercredi,Livraison,CA,Foodora,1
7126,0,49.6,45.07,2018-02-14,2 - Midi,3 - Mercredi,Livraison,CA,UberEats,1
7127,0,770.8,699.98,2018-02-14,2 - Midi,3 - Mercredi,Sur place,CA,,39
7128,-9,0.0,0.0,2018-02-14,4 - Soir,3 - Mercredi,,CA,,0
7131,0,25.8,23.46,2018-02-14,4 - Soir,3 - Mercredi,À emporter,CA,KM,1
7132,0,134.8,122.52,2018-02-14,4 - Soir,3 - Mercredi,À emporter,CA,,5
7134,0,254.4,231.21,2018-02-14,4 - Soir,3 - Mercredi,Livraison,CA,AlloResto,1
7135,0,206.4,187.59,2018-02-14,4 - Soir,3 - Mercredi,Livraison,CA,Deliveroo,1
7136,0,677.9,615.87,2018-02-14,4 - Soir,3 - Mercredi,Livraison,CA,Foodora,1
7137,0,288.3,262.11,2018-02-14,4 - Soir,3 - Mercredi,Livraison,CA,KM,1
7138,0,391.1,355.46,2018-02-14,4 - Soir,3 - Mercredi,Livraison,CA,UberEats,1
7139,0,438.9,398.29,2018-02-14,4 - Soir,3 - Mercredi,Sur place,CA,,21
7141,314,0.0,0.0,2018-02-15,,4 - Jeudi,,CA,,0
7144,0,30.3,27.54,2018-02-15,2 - Midi,4 - Jeudi,À emporter,CA,KM,1
7145,0,176.7,160.67,2018-02-15,2 - Midi,4 - Jeudi,À emporter,CA,,13
7146,0,8.0,7.27,2018-02-15,2 - Midi,4 - Jeudi,Limonade,CA,,2
7147,0,54.65,49.67,2018-02-15,2 - Midi,4 - Jeudi,Livraison,CA,AlloResto,1
7148,0,70.3,63.9,2018-02-15,2 - Midi,4 - Jeudi,Livraison,CA,Deliveroo,1
7149,0,315.5,286.74,2018-02-15,2 - Midi,4 - Jeudi,Livraison,CA,Foodora,1
7150,0,131.2,119.23,2018-02-15,2 - Midi,4 - Jeudi,Livraison,CA,UberEats,1
7151,0,1290.2,1172.59,2018-02-15,2 - Midi,4 - Jeudi,Sur place,CA,,67
7153,0,190.3,172.22,2018-02-15,3 - Après-midi,4 - Jeudi,Sur place,CA,,8
7154,-9,0.0,0.0,2018-02-15,4 - Soir,4 - Jeudi,,CA,,0
7157,0,15.9,14.45,2018-02-15,4 - Soir,4 - Jeudi,À emporter,CA,KM,1
7158,0,74.2,67.46,2018-02-15,4 - Soir,4 - Jeudi,À emporter,CA,,4
7159,0,257.15,233.7,2018-02-15,4 - Soir,4 - Jeudi,Livraison,CA,AlloResto,1
7160,0,206.4,186.13,2018-02-15,4 - Soir,4 - Jeudi,Livraison,CA,Deliveroo,1
7161,0,759.3,690.05,2018-02-15,4 - Soir,4 - Jeudi,Livraison,CA,Foodora,1
7162,0,226.9,205.51,2018-02-15,4 - Soir,4 - Jeudi,Livraison,CA,KM,1
7163,0,268.6,244.11,2018-02-15,4 - Soir,4 - Jeudi,Livraison,CA,UberEats,1
7165,0,529.4,478.01,2018-02-15,4 - Soir,4 - Jeudi,Sur place,CA,,26
7167,323,0.0,0.0,2018-02-16,,5 - Vendredi,,CA,,0
7171,-1,0.0,0.0,2018-02-16,2 - Midi,5 - Vendredi,,CA,,0
7174,0,57.1,51.91,2018-02-16,2 - Midi,5 - Vendredi,À emporter,CA,KM,1
7175,0,259.3,235.67,2018-02-16,2 - Midi,5 - Vendredi,À emporter,CA,,8
7176,0,1.5,1.36,2018-02-16,2 - Midi,5 - Vendredi,Limonade,CA,,1
7177,0,5.0,4.54,2018-02-16,2 - Midi,5 - Vendredi,Limonade,CA,,2
7178,0,16.85,15.31,2018-02-16,2 - Midi,5 - Vendredi,Livraison,CA,AlloResto,1
7179,0,134.4,121.41,2018-02-16,2 - Midi,5 - Vendredi,Livraison,CA,Deliveroo,1
7180,0,194.2,176.5,2018-02-16,2 - Midi,5 - Vendredi,Livraison,CA,Foodora,1
7181,0,60.6,55.09,2018-02-16,2 - Midi,5 - Vendredi,Livraison,CA,KM,1
7182,0,205.2,186.48,2018-02-16,2 - Midi,5 - Vendredi,Livraison,CA,UberEats,1
7185,0,273.01,246.75,2018-02-16,2 - Midi,5 - Vendredi,Sur place,CA,,13
7186,0,741.9,674.33,2018-02-16,2 - Midi,5 - Vendredi,Sur place,CA,,41
7190,0,15.9,14.45,2018-02-16,3 - Après-midi,5 - Vendredi,Sur place,CA,,1
7191,-12,0.0,0.0,2018-02-16,4 - Soir,5 - Vendredi,,CA,,0
7194,0,43.2,39.28,2018-02-16,4 - Soir,5 - Vendredi,À emporter,CA,KM,1
7195,0,184.3,167.56,2018-02-16,4 - Soir,5 - Vendredi,À emporter,CA,,9
7196,0,7.5,6.56,2018-02-16,4 - Soir,5 - Vendredi,Limonade,CA,,2
7197,0,99.05,90.02,2018-02-16,4 - Soir,5 - Vendredi,Livraison,CA,AlloResto,1
7198,0,385.6,349.95,2018-02-16,4 - Soir,5 - Vendredi,Livraison,CA,Deliveroo,1
7199,0,789.1,717.24,2018-02-16,4 - Soir,5 - Vendredi,Livraison,CA,Foodora,1
7200,0,370.8,336.81,2018-02-16,4 - Soir,5 - Vendredi,Livraison,CA,KM,1
7201,0,403.2,366.48,2018-02-16,4 - Soir,5 - Vendredi,Livraison,CA,UberEats,1
7203,0,375.5,340.7,2018-02-16,4 - Soir,5 - Vendredi,Sur place,CA,,16
7205,356,0.0,0.0,2018-02-17,,6 - Samedi,,CA,,0
7208,0,80.11,72.83,2018-02-17,2 - Midi,6 - Samedi,À emporter,CA,,4
7210,0,21.5,19.54,2018-02-17,2 - Midi,6 - Samedi,Limonade,CA,,5
7211,0,1214.5,1102.1,2018-02-17,2 - Midi,6 - Samedi,Sur place,CA,,54
7212,0,25.8,23.46,2018-02-17,3 - Après-midi,6 - Samedi,À emporter,CA,,1
7213,0,4.5,4.09,2018-02-17,3 - Après-midi,6 - Samedi,Limonade,CA,,1
7214,0,35.6,32.35,2018-02-17,3 - Après-midi,6 - Samedi,Livraison,CA,AlloResto,1
7215,0,209.3,190.24,2018-02-17,3 - Après-midi,6 - Samedi,Livraison,CA,Deliveroo,1
7216,0,352.1,320.05,2018-02-17,3 - Après-midi,6 - Samedi,Livraison,CA,Foodora,1
7217,0,126.8,115.29,2018-02-17,3 - Après-midi,6 - Samedi,Livraison,CA,KM,1
7218,0,83.1,75.52,2018-02-17,3 - Après-midi,6 - Samedi,Livraison,CA,UberEats,1
7219,0,173.5,157.43,2018-02-17,3 - Après-midi,6 - Samedi,Sur place,CA,,10
7221,-13,0.0,0.0,2018-02-17,4 - Soir,6 - Samedi,,CA,,0
7224,0,165.7,150.63,2018-02-17,4 - Soir,6 - Samedi,À emporter,CA,,8
7225,0,9.0,8.18,2018-02-17,4 - Soir,6 - Samedi,Limonade,CA,,2
7227,0,30.7,27.91,2018-02-17,4 - Soir,6 - Samedi,Livraison,CA,AlloResto,1
7228,0,163.3,148.41,2018-02-17,4 - Soir,6 - Samedi,Livraison,CA,Deliveroo,1
7229,0,1223.6,1112.04,2018-02-17,4 - Soir,6 - Samedi,Livraison,CA,Foodora,1
7230,0,265.0,240.67,2018-02-17,4 - Soir,6 - Samedi,Livraison,CA,KM,1
7231,0,420.6,381.89,2018-02-17,4 - Soir,6 - Samedi,Livraison,CA,UberEats,1
7233,0,570.7,518.26,2018-02-17,4 - Soir,6 - Samedi,Sur place,CA,,28
7235,255,0.0,0.0,2018-02-18,,7 - Dimanche,,CA,,0
7238,0,28.8,26.18,2018-02-18,3 - Après-midi,7 - Dimanche,À emporter,CA,,1
7239,0,3.2,2.91,2018-02-18,3 - Après-midi,7 - Dimanche,Limonade,CA,,1
7241,0,18.4,16.53,2018-02-18,3 - Après-midi,7 - Dimanche,Sur place,CA,,1
7242,0,45.3,40.79,2018-02-18,3 - Après-midi,7 - Dimanche,Sur place,CA,,2
7243,-7,0.0,0.0,2018-02-18,4 - Soir,7 - Dimanche,,CA,,0
7246,0,182.1,165.54,2018-02-18,4 - Soir,7 - Dimanche,À emporter,CA,,10
7247,0,25.5,21.25,2018-02-18,4 - Soir,7 - Dimanche,Limonade,CA,,3
7248,0,296.85,269.25,2018-02-18,4 - Soir,7 - Dimanche,Livraison,CA,AlloResto,1
7249,0,810.4,736.19,2018-02-18,4 - Soir,7 - Dimanche,Livraison,CA,Deliveroo,1
7250,0,1389.3,1262.33,2018-02-18,4 - Soir,7 - Dimanche,Livraison,CA,Foodora,5
7251,0,324.0,294.44,2018-02-18,4 - Soir,7 - Dimanche,Livraison,CA,KM,1
7252,0,487.3,441.52,2018-02-18,4 - Soir,7 - Dimanche,Livraison,CA,UberEats,1
7254,0,305.5,274.48,2018-02-18,4 - Soir,7 - Dimanche,Sur place,CA,,17
7257,203,0.0,0.0,2018-02-19,,1 - Lundi,,CA,,0
7260,0,189.9,172.62,2018-02-19,2 - Midi,1 - Lundi,À emporter,CA,,13
7261,0,8.5,7.19,2018-02-19,2 - Midi,1 - Lundi,Limonade,CA,,2
7262,0,27.95,25.4,2018-02-19,2 - Midi,1 - Lundi,Livraison,CA,AlloResto,1
7263,0,95.1,86.43,2018-02-19,2 - Midi,1 - Lundi,Livraison,CA,Deliveroo,1
7264,0,129.5,115.88,2018-02-19,2 - Midi,1 - Lundi,Livraison,CA,Foodora,1
7265,0,50.7,46.08,2018-02-19,2 - Midi,1 - Lundi,Livraison,CA,UberEats,1
7266,0,804.5,730.97,2018-02-19,2 - Midi,1 - Lundi,Sur place,CA,,45
7267,0,19.5,17.72,2018-02-19,3 - Après-midi,1 - Lundi,À emporter,CA,,2
7268,0,4.5,4.09,2018-02-19,3 - Après-midi,1 - Lundi,Limonade,CA,,1
7269,-8,0.0,0.0,2018-02-19,4 - Soir,1 - Lundi,,CA,,0
7272,0,23.0,20.91,2018-02-19,4 - Soir,1 - Lundi,À emporter,CA,KM,1
7273,0,97.0,88.17,2018-02-19,4 - Soir,1 - Lundi,À emporter,CA,,4
7274,0,7.5,6.81,2018-02-19,4 - Soir,1 - Lundi,Limonade,CA,,2
7275,0,223.75,203.35,2018-02-19,4 - Soir,1 - Lundi,Livraison,CA,AlloResto,1
7276,0,249.6,226.67,2018-02-19,4 - Soir,1 - Lundi,Livraison,CA,Deliveroo,1
7277,0,252.9,229.85,2018-02-19,4 - Soir,1 - Lundi,Livraison,CA,Foodora,1
7278,0,115.8,105.26,2018-02-19,4 - Soir,1 - Lundi,Livraison,CA,KM,1
7279,0,332.2,301.93,2018-02-19,4 - Soir,1 - Lundi,Livraison,CA,UberEats,1
7280,0,266.7,239.59,2018-02-19,4 - Soir,1 - Lundi,Sur place,CA,,15
7283,176,0.0,0.0,2018-02-20,,2 - Mardi,,CA,,0
7285,0,127.9,116.26,2018-02-20,2 - Midi,2 - Mardi,À emporter,CA,,7
7286,0,8.5,7.73,2018-02-20,2 - Midi,2 - Mardi,Limonade,CA,,3
7287,0,77.1,70.07,2018-02-20,2 - Midi,2 - Mardi,Livraison,CA,Deliveroo,1
7288,0,52.9,48.09,2018-02-20,2 - Midi,2 - Mardi,Livraison,CA,Foodora,1
7289,0,31.4,28.55,2018-02-20,2 - Midi,2 - Mardi,Livraison,CA,UberEats,1
7291,0,786.7,714.76,2018-02-20,2 - Midi,2 - Mardi,Sur place,CA,,39
7292,0,39.8,36.17,2018-02-20,3 - Après-midi,2 - Mardi,Sur place,CA,,1
7293,-8,0.0,0.0,2018-02-20,4 - Soir,2 - Mardi,,CA,,0
7296,0,40.3,36.63,2018-02-20,4 - Soir,2 - Mardi,À emporter,CA,KM,1
7297,0,123.3,111.58,2018-02-20,4 - Soir,2 - Mardi,À emporter,CA,,5
7298,0,44.85,40.76,2018-02-20,4 - Soir,2 - Mardi,Livraison,CA,AlloResto,1
7299,0,400.2,363.73,2018-02-20,4 - Soir,2 - Mardi,Livraison,CA,Deliveroo,1
7300,0,253.7,230.59,2018-02-20,4 - Soir,2 - Mardi,Livraison,CA,Foodora,1
7301,0,125.2,113.81,2018-02-20,4 - Soir,2 - Mardi,Livraison,CA,KM,1
7302,0,357.1,324.55,2018-02-20,4 - Soir,2 - Mardi,Livraison,CA,UberEats,1
7303,0,45.6,41.46,2018-02-20,4 - Soir,2 - Mardi,Sur place,CA,,2
7305,200,0.0,0.0,2018-02-21,,3 - Mercredi,,CA,,0
7307,0,8.5,7.73,2018-02-21,2 - Midi,3 - Mercredi,À emporter,CA,KM,1
7308,0,244.5,222.19,2018-02-21,2 - Midi,3 - Mercredi,À emporter,CA,,15
7309,0,12.11,10.74,2018-02-21,2 - Midi,3 - Mercredi,Limonade,CA,,4
7310,0,15.9,14.45,2018-02-21,2 - Midi,3 - Mercredi,Livraison,CA,Deliveroo,1
7311,0,89.3,81.17,2018-02-21,2 - Midi,3 - Mercredi,Livraison,CA,Foodora,1
7312,0,23.9,21.73,2018-02-21,2 - Midi,3 - Mercredi,Livraison,CA,KM,1
7313,0,15.9,14.45,2018-02-21,2 - Midi,3 - Mercredi,Livraison,CA,UberEats,1
7314,0,571.3,519.12,2018-02-21,2 - Midi,3 - Mercredi,Sur place,CA,,32
7315,0,16.4,14.57,2018-02-21,3 - Après-midi,3 - Mercredi,Sur place,CA,,1
7316,0,13.9,12.63,2018-02-21,4 - Soir,3 - Mercredi,À emporter,CA,KM,1
7317,0,173.6,157.59,2018-02-21,4 - Soir,3 - Mercredi,À emporter,CA,,5
7318,0,6.5,5.91,2018-02-21,4 - Soir,3 - Mercredi,Limonade,CA,,1
7319,0,54.55,49.58,2018-02-21,4 - Soir,3 - Mercredi,Livraison,CA,AlloResto,1
7320,0,495.0,449.16,2018-02-21,4 - Soir,3 - Mercredi,Livraison,CA,Deliveroo,1
7321,0,327.2,297.37,2018-02-21,4 - Soir,3 - Mercredi,Livraison,CA,Foodora,1
7322,0,314.4,285.71,2018-02-21,4 - Soir,3 - Mercredi,Livraison,CA,KM,1
7323,0,224.7,204.22,2018-02-21,4 - Soir,3 - Mercredi,Livraison,CA,UberEats,1
7325,0,279.0,253.49,2018-02-21,4 - Soir,3 - Mercredi,Sur place,CA,,15
7327,259,0.0,0.0,2018-02-22,,4 - Jeudi,,CA,,0
7330,0,261.1,237.38,2018-02-22,2 - Midi,4 - Jeudi,À emporter,CA,,19
7331,0,1.18,0.81,2018-02-22,2 - Midi,4 - Jeudi,Limonade,CA,,3
7332,0,12.45,11.31,2018-02-22,2 - Midi,4 - Jeudi,Livraison,CA,AlloResto,1
7333,0,73.7,66.98,2018-02-22,2 - Midi,4 - Jeudi,Livraison,CA,Deliveroo,1
7334,0,83.1,75.54,2018-02-22,2 - Midi,4 - Jeudi,Livraison,CA,Foodora,1
7335,0,85.0,77.3,2018-02-22,2 - Midi,4 - Jeudi,Livraison,CA,KM,1
7336,0,147.8,134.33,2018-02-22,2 - Midi,4 - Jeudi,Livraison,CA,UberEats,1
7337,0,1012.32,919.57,2018-02-22,2 - Midi,4 - Jeudi,Sur place,CA,,55
7340,0,2.5,2.27,2018-02-22,3 - Après-midi,4 - Jeudi,Limonade,CA,,1
7341,-10,0.0,0.0,2018-02-22,4 - Soir,4 - Jeudi,,CA,,0
7344,0,60.9,55.37,2018-02-22,4 - Soir,4 - Jeudi,À emporter,CA,KM,1
7345,0,185.1,168.25,2018-02-22,4 - Soir,4 - Jeudi,À emporter,CA,,6
7346,0,13.5,12.01,2018-02-22,4 - Soir,4 - Jeudi,Limonade,CA,,2
7347,0,116.05,105.47,2018-02-22,4 - Soir,4 - Jeudi,Livraison,CA,AlloResto,1
7348,0,580.8,527.9,2018-02-22,4 - Soir,4 - Jeudi,Livraison,CA,Deliveroo,1
7349,0,249.9,227.13,2018-02-22,4 - Soir,4 - Jeudi,Livraison,CA,Foodora,1
7350,0,119.2,108.18,2018-02-22,4 - Soir,4 - Jeudi,Livraison,CA,KM,1
7351,0,400.3,363.83,2018-02-22,4 - Soir,4 - Jeudi,Livraison,CA,UberEats,1
7352,0,316.54,287.33,2018-02-22,4 - Soir,4 - Jeudi,Sur place,CA,,15
7355,414,0.0,0.0,2018-02-23,,5 - Vendredi,,CA,,0
7357,0,314.6,286.02,2018-02-23,2 - Midi,5 - Vendredi,À emporter,CA,,23
7358,0,10.0,8.33,2018-02-23,2 - Midi,5 - Vendredi,Limonade,CA,,1
7359,0,16.85,15.31,2018-02-23,2 - Midi,5 - Vendredi,Livraison,CA,AlloResto,1
7360,0,154.0,139.96,2018-02-23,2 - Midi,5 - Vendredi,Livraison,CA,Deliveroo,1
7361,0,123.3,112.07,2018-02-23,2 - Midi,5 - Vendredi,Livraison,CA,Foodora,1
7362,0,140.0,127.28,2018-02-23,2 - Midi,5 - Vendredi,Livraison,CA,KM,1
7363,0,186.2,168.85,2018-02-23,2 - Midi,5 - Vendredi,Livraison,CA,UberEats,1
7365,0,1300.6,1181.59,2018-02-23,2 - Midi,5 - Vendredi,Sur place,CA,,67
7366,-12,0.0,0.0,2018-02-23,4 - Soir,5 - Vendredi,,CA,,0
7369,0,74.9,68.09,2018-02-23,4 - Soir,5 - Vendredi,À emporter,CA,KM,1
7370,0,223.2,202.83,2018-02-23,4 - Soir,5 - Vendredi,À emporter,CA,,9
7371,0,-10.34,-10.92,2018-02-23,4 - Soir,5 - Vendredi,Limonade,CA,,2
7373,0,305.25,277.45,2018-02-23,4 - Soir,5 - Vendredi,Livraison,CA,AlloResto,1
7374,0,759.8,690.37,2018-02-23,4 - Soir,5 - Vendredi,Livraison,CA,Deliveroo,1
7375,0,507.0,460.78,2018-02-23,4 - Soir,5 - Vendredi,Livraison,CA,Foodora,1
7376,0,709.2,644.41,2018-02-23,4 - Soir,5 - Vendredi,Livraison,CA,KM,1
7377,0,660.2,600.06,2018-02-23,4 - Soir,5 - Vendredi,Livraison,CA,UberEats,1
7378,0,449.2,407.66,2018-02-23,4 - Soir,5 - Vendredi,Sur place,CA,,17
7380,317,0.0,0.0,2018-02-24,,6 - Samedi,,CA,,0
7383,0,5.5,5.0,2018-02-24,2 - Midi,6 - Samedi,À emporter,CA,,1
7384,0,4.47,3.07,2018-02-24,2 - Midi,6 - Samedi,Limonade,CA,,5
7385,0,1211.5,1100.54,2018-02-24,2 - Midi,6 - Samedi,Sur place,CA,,47
7386,0,45.6,41.46,2018-02-24,3 - Après-midi,6 - Samedi,À emporter,CA,KM,1
7387,0,15.9,14.45,2018-02-24,3 - Après-midi,6 - Samedi,À emporter,CA,,1
7388,0,15.58,13.67,2018-02-24,3 - Après-midi,6 - Samedi,Limonade,CA,,5
7389,0,75.9,68.98,2018-02-24,3 - Après-midi,6 - Samedi,Livraison,CA,AlloResto,1
7390,0,266.9,242.6,2018-02-24,3 - Après-midi,6 - Samedi,Livraison,CA,Deliveroo,1
7391,0,184.2,167.41,2018-02-24,3 - Après-midi,6 - Samedi,Livraison,CA,Foodora,1
7392,0,437.5,397.62,2018-02-24,3 - Après-midi,6 - Samedi,Livraison,CA,UberEats,1
7393,0,27.9,25.36,2018-02-24,3 - Après-midi,6 - Samedi,Sur place,CA,,1
7394,0,75.43,68.57,2018-02-24,3 - Après-midi,6 - Samedi,Sur place,CA,,2
7396,0,22.5,20.46,2018-02-24,4 - Soir,6 - Samedi,À emporter,CA,KM,1
7397,0,84.91,77.18,2018-02-24,4 - Soir,6 - Samedi,À emporter,CA,,4
7399,0,13.5,11.25,2018-02-24,4 - Soir,6 - Samedi,Limonade,CA,,2
7400,0,185.95,169.01,2018-02-24,4 - Soir,6 - Samedi,Livraison,CA,AlloResto,1
7401,0,406.0,369.02,2018-02-24,4 - Soir,6 - Samedi,Livraison,CA,Deliveroo,1
7402,0,278.2,252.89,2018-02-24,4 - Soir,6 - Samedi,Livraison,CA,Foodora,1
7403,0,505.2,458.94,2018-02-24,4 - Soir,6 - Samedi,Livraison,CA,KM,1
7404,0,621.9,565.23,2018-02-24,4 - Soir,6 - Samedi,Livraison,CA,UberEats,1
7405,0,217.3,196.73,2018-02-24,4 - Soir,6 - Samedi,Sur place,CA,,9
7406,250,0.0,0.0,2018-02-25,,7 - Dimanche,,CA,,0
7409,0,53.6,48.74,2018-02-25,3 - Après-midi,7 - Dimanche,À emporter,CA,,2
7410,0,28.0,25.44,2018-02-25,3 - Après-midi,7 - Dimanche,Sur place,CA,,2
7411,-9,0.0,0.0,2018-02-25,4 - Soir,7 - Dimanche,,CA,,0
7414,0,103.8,94.34,2018-02-25,4 - Soir,7 - Dimanche,À emporter,CA,KM,1
7415,0,51.3,46.45,2018-02-25,4 - Soir,7 - Dimanche,À emporter,CA,,3
7416,0,309.25,280.53,2018-02-25,4 - Soir,7 - Dimanche,Livraison,CA,AlloResto,1
7417,0,780.9,705.4,2018-02-25,4 - Soir,7 - Dimanche,Livraison,CA,Deliveroo,1
7418,0,623.8,566.94,2018-02-25,4 - Soir,7 - Dimanche,Livraison,CA,Foodora,1
7419,0,447.8,406.96,2018-02-25,4 - Soir,7 - Dimanche,Livraison,CA,KM,1
7420,0,938.7,853.13,2018-02-25,4 - Soir,7 - Dimanche,Livraison,CA,UberEats,1
7422,0,456.2,413.31,2018-02-25,4 - Soir,7 - Dimanche,Sur place,CA,,23
7424,140,0.0,0.0,2018-02-26,,1 - Lundi,,CA,,0
7426,-4,0.0,0.0,2018-02-26,4 - Soir,1 - Lundi,,CA,,0
7429,0,61.6,55.99,2018-02-26,4 - Soir,1 - Lundi,À emporter,CA,KM,1
7430,0,89.3,81.2,2018-02-26,4 - Soir,1 - Lundi,À emporter,CA,,4
7431,0,2.5,2.27,2018-02-26,4 - Soir,1 - Lundi,Limonade,CA,,1
7432,0,263.45,239.46,2018-02-26,4 - Soir,1 - Lundi,Livraison,CA,AlloResto,1
7433,0,324.8,295.18,2018-02-26,4 - Soir,1 - Lundi,Livraison,CA,Deliveroo,1
7434,0,327.9,298.01,2018-02-26,4 - Soir,1 - Lundi,Livraison,CA,Foodora,1
7435,0,253.3,230.29,2018-02-26,4 - Soir,1 - Lundi,Livraison,CA,KM,1
7436,0,538.6,489.49,2018-02-26,4 - Soir,1 - Lundi,Livraison,CA,UberEats,1
7437,0,230.3,209.19,2018-02-26,4 - Soir,1 - Lundi,Sur place,CA,,9
7439,236,0.0,0.0,2018-02-27,,2 - Mardi,,CA,,0
7441,0,196.0,178.16,2018-02-27,2 - Midi,2 - Mardi,À emporter,CA,,10
7442,0,8.0,7.28,2018-02-27,2 - Midi,2 - Mardi,Limonade,CA,,2
7443,0,65.5,59.53,2018-02-27,2 - Midi,2 - Mardi,Livraison,CA,AlloResto,1
7444,0,77.8,70.71,2018-02-27,2 - Midi,2 - Mardi,Livraison,CA,Deliveroo,1
7445,0,18.5,16.82,2018-02-27,2 - Midi,2 - Mardi,Livraison,CA,Foodora,1
7446,0,58.2,52.91,2018-02-27,2 - Midi,2 - Mardi,Livraison,CA,KM,1
7447,0,162.1,147.34,2018-02-27,2 - Midi,2 - Mardi,Livraison,CA,UberEats,1
7448,0,939.6,853.42,2018-02-27,2 - Midi,2 - Mardi,Sur place,CA,,44
7449,-10,0.0,0.0,2018-02-27,4 - Soir,2 - Mardi,,CA,,0
7452,0,22.0,20.01,2018-02-27,4 - Soir,2 - Mardi,À emporter,CA,KM,1
7453,0,75.6,68.71,2018-02-27,4 - Soir,2 - Mardi,À emporter,CA,,3
7454,0,16.5,15.0,2018-02-27,4 - Soir,2 - Mardi,Limonade,CA,,3
7455,0,230.3,209.31,2018-02-27,4 - Soir,2 - Mardi,Livraison,CA,AlloResto,1
7456,0,182.4,165.77,2018-02-27,4 - Soir,2 - Mardi,Livraison,CA,Deliveroo,1
7457,0,269.0,244.48,2018-02-27,4 - Soir,2 - Mardi,Livraison,CA,Foodora,1
7458,0,409.0,371.79,2018-02-27,4 - Soir,2 - Mardi,Livraison,CA,KM,1
7459,0,448.1,407.25,2018-02-27,4 - Soir,2 - Mardi,Livraison,CA,UberEats,1
7460,0,333.31,302.6,2018-02-27,4 - Soir,2 - Mardi,Sur place,CA,,17
7463,229,0.0,0.0,2018-02-28,,3 - Mercredi,,CA,,0
7465,0,-7.0,-7.0,2018-02-28,1 - Matin,3 - Mercredi,Limonade,CA,,1
7466,0,17.4,15.81,2018-02-28,2 - Midi,3 - Mercredi,À emporter,CA,,1
7467,0,122.8,111.64,2018-02-28,2 - Midi,3 - Mercredi,À emporter,CA,,8
7468,0,86.2,78.37,2018-02-28,2 - Midi,3 - Mercredi,Limonade,CA,Foodora,1
7469,0,21.45,19.49,2018-02-28,2 - Midi,3 - Mercredi,Livraison,CA,AlloResto,1
7470,0,138.4,125.79,2018-02-28,2 - Midi,3 - Mercredi,Livraison,CA,Deliveroo,1
7471,0,39.7,36.02,2018-02-28,2 - Midi,3 - Mercredi,Sur place,CA,,2
7472,0,113.5,103.1,2018-02-28,2 - Midi,3 - Mercredi,Sur place,CA,,6
7473,0,822.5,747.74,2018-02-28,2 - Midi,3 - Mercredi,Sur place,CA,,46
7474,0,176.9,160.76,2018-02-28,3 - Après-midi,3 - Mercredi,Livraison,CA,UberEats,1
7475,0,51.8,47.09,2018-02-28,3 - Après-midi,3 - Mercredi,Sur place,CA,,1
7476,-9,0.0,0.0,2018-02-28,4 - Soir,3 - Mercredi,,CA,,0
7479,0,36.4,33.0,2018-02-28,4 - Soir,3 - Mercredi,À emporter,CA,,2
7480,0,127.15,115.57,2018-02-28,4 - Soir,3 - Mercredi,Livraison,CA,AlloResto,1
7481,0,372.5,338.55,2018-02-28,4 - Soir,3 - Mercredi,Livraison,CA,Deliveroo,1
7482,0,418.4,380.23,2018-02-28,4 - Soir,3 - Mercredi,Livraison,CA,Foodora,1
7483,0,34.3,31.17,2018-02-28,4 - Soir,3 - Mercredi,Livraison,CA,KM,1
7484,0,593.8,539.28,2018-02-28,4 - Soir,3 - Mercredi,Livraison,CA,UberEats,1
7485,0,147.5,133.57,2018-02-28,4 - Soir,3 - Mercredi,Sur place,CA,,7
7487,264,0.0,0.0,2018-03-01,,4 - Jeudi,,CA,,0
7492,0,243.1,220.93,2018-03-01,2 - Midi,4 - Jeudi,À emporter,CA,,15
7493,0,9.71,8.67,2018-03-01,2 - Midi,4 - Jeudi,Limonade,CA,,4
7495,0,28.35,25.76,2018-03-01,2 - Midi,4 - Jeudi,Livraison,CA,AlloResto,1
7496,0,93.1,84.62,2018-03-01,2 - Midi,4 - Jeudi,Livraison,CA,Deliveroo,1
7497,0,295.1,268.22,2018-03-01,2 - Midi,4 - Jeudi,Livraison,CA,Foodora,1
7498,0,140.2,127.41,2018-03-01,2 - Midi,4 - Jeudi,Livraison,CA,UberEats,1
7499,0,856.4,777.57,2018-03-01,2 - Midi,4 - Jeudi,Sur place,CA,,49
7500,-12,0.0,0.0,2018-03-01,4 - Soir,4 - Jeudi,,CA,,0
7504,0,58.7,53.38,2018-03-01,4 - Soir,4 - Jeudi,À emporter,CA,,4
7505,0,6.5,5.91,2018-03-01,4 - Soir,4 - Jeudi,Limonade,CA,,2
7507,0,119.85,108.93,2018-03-01,4 - Soir,4 - Jeudi,Livraison,CA,AlloResto,1
7508,0,452.8,411.1,2018-03-01,4 - Soir,4 - Jeudi,Livraison,CA,Deliveroo,1
7509,0,428.9,389.86,2018-03-01,4 - Soir,4 - Jeudi,Livraison,CA,Foodora,1
7510,0,170.9,155.27,2018-03-01,4 - Soir,4 - Jeudi,Livraison,CA,KM,1
7511,0,410.0,372.65,2018-03-01,4 - Soir,4 - Jeudi,Livraison,CA,UberEats,1
7513,0,367.9,333.8,2018-03-01,4 - Soir,4 - Jeudi,Sur place,CA,,17
7515,384,0.0,0.0,2018-03-02,,5 - Vendredi,,CA,,0
7517,-3,0.0,0.0,2018-03-02,2 - Midi,5 - Vendredi,,CA,,0
7520,0,295.71,268.73,2018-03-02,2 - Midi,5 - Vendredi,À emporter,CA,,18
7522,0,39.5,35.48,2018-03-02,2 - Midi,5 - Vendredi,Limonade,CA,,9
7523,0,14.95,13.59,2018-03-02,2 - Midi,5 - Vendredi,Livraison,CA,AlloResto,1
7524,0,123.5,112.24,2018-03-02,2 - Midi,5 - Vendredi,Livraison,CA,Deliveroo,1
7525,0,137.3,124.79,2018-03-02,2 - Midi,5 - Vendredi,Livraison,CA,Foodora,1
7526,0,304.7,276.91,2018-03-02,2 - Midi,5 - Vendredi,Livraison,CA,UberEats,1
7527,0,912.31,828.07,2018-03-02,2 - Midi,5 - Vendredi,Sur place,CA,,51
7530,0,27.8,25.12,2018-03-02,3 - Après-midi,5 - Vendredi,Sur place,CA,,1
7532,-14,0.0,0.0,2018-03-02,4 - Soir,5 - Vendredi,,CA,,0
7535,0,23.0,20.91,2018-03-02,4 - Soir,5 - Vendredi,À emporter,CA,KM,1
7536,0,207.1,188.3,2018-03-02,4 - Soir,5 - Vendredi,À emporter,CA,,8
7537,0,21.5,18.71,2018-03-02,4 - Soir,5 - Vendredi,Limonade,CA,,2
7539,0,245.9,223.47,2018-03-02,4 - Soir,5 - Vendredi,Livraison,CA,AlloResto,1
7540,0,499.9,453.97,2018-03-02,4 - Soir,5 - Vendredi,Livraison,CA,Deliveroo,1
7541,0,595.2,540.95,2018-03-02,4 - Soir,5 - Vendredi,Livraison,CA,Foodora,1
7542,0,671.8,610.28,2018-03-02,4 - Soir,5 - Vendredi,Livraison,CA,KM,1
7543,0,916.7,832.76,2018-03-02,4 - Soir,5 - Vendredi,Livraison,CA,UberEats,1
7544,0,547.7,497.72,2018-03-02,4 - Soir,5 - Vendredi,Sur place,CA,,32
7546,428,0.0,0.0,2018-03-03,,6 - Samedi,,CA,,0
7550,0,-1.18,-1.18,2018-03-03,1 - Matin,6 - Samedi,Limonade,CA,,1
7551,0,235.6,214.17,2018-03-03,2 - Midi,6 - Samedi,À emporter,CA,,11
7552,0,1.56,-1.4,2018-03-03,2 - Midi,6 - Samedi,Limonade,CA,,5
7554,0,82.35,74.84,2018-03-03,2 - Midi,6 - Samedi,Livraison,CA,AlloResto,1
7555,0,106.8,97.07,2018-03-03,2 - Midi,6 - Samedi,Livraison,CA,Foodora,1
7556,0,191.4,173.82,2018-03-03,2 - Midi,6 - Samedi,Livraison,CA,KM,1
7557,0,1662.7,1509.22,2018-03-03,2 - Midi,6 - Samedi,Sur place,CA,,58
7559,0,28.8,26.18,2018-03-03,3 - Après-midi,6 - Samedi,À emporter,CA,,1
7560,0,40.76,35.23,2018-03-03,3 - Après-midi,6 - Samedi,Limonade,CA,,11
7561,0,254.0,230.86,2018-03-03,3 - Après-midi,6 - Samedi,Livraison,CA,Deliveroo,1
7562,0,330.8,300.66,2018-03-03,3 - Après-midi,6 - Samedi,Livraison,CA,UberEats,1
7563,0,99.3,90.27,2018-03-03,3 - Après-midi,6 - Samedi,Sur place,CA,,4
7564,0,263.9,239.47,2018-03-03,3 - Après-midi,6 - Samedi,Sur place,CA,,7
7565,-16,0.0,0.0,2018-03-03,4 - Soir,6 - Samedi,,CA,,0
7568,0,125.7,114.29,2018-03-03,4 - Soir,6 - Samedi,À emporter,CA,,5
7569,0,4.5,4.09,2018-03-03,4 - Soir,6 - Samedi,Limonade,CA,,1
7570,0,376.0,341.74,2018-03-03,4 - Soir,6 - Samedi,Livraison,CA,AlloResto,1
7571,0,525.8,477.62,2018-03-03,4 - Soir,6 - Samedi,Livraison,CA,Deliveroo,1
7572,0,436.1,396.37,2018-03-03,4 - Soir,6 - Samedi,Livraison,CA,Foodora,1
7573,0,228.2,207.47,2018-03-03,4 - Soir,6 - Samedi,Livraison,CA,KM,1
7574,0,650.2,590.95,2018-03-03,4 - Soir,6 - Samedi,Livraison,CA,UberEats,1
7575,0,34.8,31.64,2018-03-03,4 - Soir,6 - Samedi,Sur place,CA,,1
7576,0,509.6,462.71,2018-03-03,4 - Soir,6 - Samedi,Sur place,CA,,21
7578,237,0.0,0.0,2018-03-04,,7 - Dimanche,,CA,,0
7581,0,8.5,7.73,2018-03-04,3 - Après-midi,7 - Dimanche,Sur place,CA,,1
7582,-9,0.0,0.0,2018-03-04,4 - Soir,7 - Dimanche,,CA,,0
7585,0,30.3,27.55,2018-03-04,4 - Soir,7 - Dimanche,À emporter,CA,KM,1
7586,0,71.7,65.18,2018-03-04,4 - Soir,7 - Dimanche,À emporter,CA,,4
7587,0,7.0,6.0,2018-03-04,4 - Soir,7 - Dimanche,Limonade,CA,,2
7589,0,515.6,468.09,2018-03-04,4 - Soir,7 - Dimanche,Livraison,CA,AlloResto,1
7590,0,651.8,591.61,2018-03-04,4 - Soir,7 - Dimanche,Livraison,CA,Deliveroo,1
7591,0,626.0,568.94,2018-03-04,4 - Soir,7 - Dimanche,Livraison,CA,Foodora,1
7592,0,368.4,334.8,2018-03-04,4 - Soir,7 - Dimanche,Livraison,CA,KM,1
7593,0,904.5,822.08,2018-03-04,4 - Soir,7 - Dimanche,Livraison,CA,UberEats,1
7594,0,310.9,282.54,2018-03-04,4 - Soir,7 - Dimanche,Sur place,CA,,16
7596,242,0.0,0.0,2018-03-05,,1 - Lundi,,CA,,0
7599,0,-8.4,-8.4,2018-03-05,1 - Matin,1 - Lundi,Limonade,CA,,1
7600,0,25.8,23.46,2018-03-05,2 - Midi,1 - Lundi,À emporter,CA,KM,1
7601,0,41.7,37.9,2018-03-05,2 - Midi,1 - Lundi,À emporter,CA,,1
7602,0,160.6,145.99,2018-03-05,2 - Midi,1 - Lundi,À emporter,CA,,9
7603,0,1.5,1.36,2018-03-05,2 - Midi,1 - Lundi,Limonade,CA,,1
7604,0,6.0,5.46,2018-03-05,2 - Midi,1 - Lundi,Limonade,CA,,2
7605,0,48.2,43.81,2018-03-05,2 - Midi,1 - Lundi,Livraison,CA,AlloResto,1
7606,0,181.6,165.05,2018-03-05,2 - Midi,1 - Lundi,Livraison,CA,Deliveroo,1
7607,0,74.6,67.81,2018-03-05,2 - Midi,1 - Lundi,Livraison,CA,Foodora,1
7608,0,50.2,45.63,2018-03-05,2 - Midi,1 - Lundi,Livraison,CA,UberEats,1
7610,0,12.9,11.73,2018-03-05,2 - Midi,1 - Lundi,Sur place,CA,,1
7611,0,124.2,112.9,2018-03-05,2 - Midi,1 - Lundi,Sur place,CA,,9
7612,0,893.4,810.13,2018-03-05,2 - Midi,1 - Lundi,Sur place,CA,,43
7614,0,14.5,13.19,2018-03-05,3 - Après-midi,1 - Lundi,À emporter,CA,,1
7615,0,76.7,68.98,2018-03-05,3 - Après-midi,1 - Lundi,Sur place,CA,,1
7616,-4,0.0,0.0,2018-03-05,4 - Soir,1 - Lundi,,CA,,0
7619,0,174.9,158.99,2018-03-05,4 - Soir,1 - Lundi,À emporter,CA,,8
7620,0,11.0,10.01,2018-03-05,4 - Soir,1 - Lundi,Limonade,CA,,2
7621,0,132.3,120.24,2018-03-05,4 - Soir,1 - Lundi,Livraison,CA,AlloResto,1
7622,0,334.1,303.65,2018-03-05,4 - Soir,1 - Lundi,Livraison,CA,Deliveroo,1
7623,0,355.6,323.19,2018-03-05,4 - Soir,1 - Lundi,Livraison,CA,Foodora,1
7624,0,202.1,183.75,2018-03-05,4 - Soir,1 - Lundi,Livraison,CA,KM,1
7625,0,411.9,374.36,2018-03-05,4 - Soir,1 - Lundi,Livraison,CA,UberEats,1
7627,0,236.0,214.54,2018-03-05,4 - Soir,1 - Lundi,Sur place,CA,,13
7629,213,0.0,0.0,2018-03-06,,2 - Mardi,,CA,,0
7632,0,108.4,98.47,2018-03-06,2 - Midi,2 - Mardi,À emporter,CA,,7
7633,0,6.0,5.19,2018-03-06,2 - Midi,2 - Mardi,Limonade,CA,,1
7635,0,83.1,75.14,2018-03-06,2 - Midi,2 - Mardi,Livraison,CA,Deliveroo,1
7636,0,53.4,48.55,2018-03-06,2 - Midi,2 - Mardi,Livraison,CA,Foodora,1
7637,0,81.4,74.0,2018-03-06,2 - Midi,2 - Mardi,Livraison,CA,KM,1
7638,0,154.0,139.98,2018-03-06,2 - Midi,2 - Mardi,Livraison,CA,UberEats,1
7639,0,192.1,174.57,2018-03-06,2 - Midi,2 - Mardi,Sur place,CA,,13
7640,0,503.32,453.24,2018-03-06,2 - Midi,2 - Mardi,Sur place,CA,,32
7643,-12,0.0,0.0,2018-03-06,4 - Soir,2 - Mardi,,CA,,0
7646,0,46.7,42.29,2018-03-06,4 - Soir,2 - Mardi,À emporter,CA,,2
7647,0,59.5,54.09,2018-03-06,4 - Soir,2 - Mardi,Livraison,CA,AlloResto,1
7648,0,508.8,462.25,2018-03-06,4 - Soir,2 - Mardi,Livraison,CA,Deliveroo,1
7649,0,406.0,368.46,2018-03-06,4 - Soir,2 - Mardi,Livraison,CA,Foodora,1
7650,0,218.2,198.32,2018-03-06,4 - Soir,2 - Mardi,Livraison,CA,KM,1
7651,0,371.4,337.56,2018-03-06,4 - Soir,2 - Mardi,Livraison,CA,UberEats,1
7653,0,225.9,204.83,2018-03-06,4 - Soir,2 - Mardi,Sur place,CA,,6
7655,238,0.0,0.0,2018-03-07,,3 - Mercredi,,CA,,0
7657,0,309.73,281.38,2018-03-07,2 - Midi,3 - Mercredi,À emporter,CA,,20
7659,0,1.5,1.36,2018-03-07,2 - Midi,3 - Mercredi,Limonade,CA,,1
7660,0,19.5,17.72,2018-03-07,2 - Midi,3 - Mercredi,Limonade,CA,,5
7661,0,19.85,18.04,2018-03-07,2 - Midi,3 - Mercredi,Livraison,CA,AlloResto,1
7662,0,98.9,89.89,2018-03-07,2 - Midi,3 - Mercredi,Livraison,CA,Deliveroo,1
7663,0,92.3,83.9,2018-03-07,2 - Midi,3 - Mercredi,Livraison,CA,Foodora,1
7664,0,31.0,28.18,2018-03-07,2 - Midi,3 - Mercredi,Livraison,CA,KM,1
7665,0,185.9,168.94,2018-03-07,2 - Midi,3 - Mercredi,Livraison,CA,UberEats,1
7667,0,17.4,15.81,2018-03-07,2 - Midi,3 - Mercredi,Sur place,CA,,1
7668,0,792.01,719.42,2018-03-07,2 - Midi,3 - Mercredi,Sur place,CA,,47
7673,0,12.9,11.73,2018-03-07,3 - Après-midi,3 - Mercredi,À emporter,CA,,1
7674,0,1.5,1.36,2018-03-07,3 - Après-midi,3 - Mercredi,Limonade,CA,,1
7676,0,64.5,58.65,2018-03-07,3 - Après-midi,3 - Mercredi,Sur place,CA,,2
7677,-14,0.0,0.0,2018-03-07,4 - Soir,3 - Mercredi,,CA,,0
7681,0,219.26,199.3,2018-03-07,4 - Soir,3 - Mercredi,À emporter,CA,,9
7683,0,386.2,350.57,2018-03-07,4 - Soir,3 - Mercredi,Livraison,CA,Deliveroo,1
7684,0,202.0,183.59,2018-03-07,4 - Soir,3 - Mercredi,Livraison,CA,Foodora,1
7685,0,50.5,45.92,2018-03-07,4 - Soir,3 - Mercredi,Livraison,CA,KM,1
7686,0,407.8,370.64,2018-03-07,4 - Soir,3 - Mercredi,Livraison,CA,UberEats,1
7687,0,364.9,329.85,2018-03-07,4 - Soir,3 - Mercredi,Sur place,CA,,15
7689,268,0.0,0.0,2018-03-08,,4 - Jeudi,,CA,,0
7693,0,15.9,14.45,2018-03-08,2 - Midi,4 - Jeudi,À emporter,CA,,1
7694,0,334.5,303.92,2018-03-08,2 - Midi,4 - Jeudi,À emporter,CA,,21
7695,0,16.5,15.0,2018-03-08,2 - Midi,4 - Jeudi,Limonade,CA,,5
7696,0,41.75,37.95,2018-03-08,2 - Midi,4 - Jeudi,Livraison,CA,AlloResto,1
7697,0,88.2,80.16,2018-03-08,2 - Midi,4 - Jeudi,Livraison,CA,Deliveroo,1
7698,0,53.7,48.8,2018-03-08,2 - Midi,4 - Jeudi,Livraison,CA,Foodora,1
7699,0,141.1,128.23,2018-03-08,2 - Midi,4 - Jeudi,Livraison,CA,UberEats,1
7700,0,28.8,26.18,2018-03-08,2 - Midi,4 - Jeudi,Sur place,CA,,2
7701,0,871.32,791.37,2018-03-08,2 - Midi,4 - Jeudi,Sur place,CA,,51
7702,-11,0.0,0.0,2018-03-08,4 - Soir,4 - Jeudi,,CA,,0
7706,0,48.4,44.0,2018-03-08,4 - Soir,4 - Jeudi,À emporter,CA,KM,1
7707,0,143.37,130.08,2018-03-08,4 - Soir,4 - Jeudi,À emporter,CA,,5
7709,0,14.0,12.2,2018-03-08,4 - Soir,4 - Jeudi,Limonade,CA,,3
7710,0,314.1,284.95,2018-03-08,4 - Soir,4 - Jeudi,Livraison,CA,AlloResto,1
7711,0,496.1,450.36,2018-03-08,4 - Soir,4 - Jeudi,Livraison,CA,Deliveroo,1
7712,0,362.6,329.28,2018-03-08,4 - Soir,4 - Jeudi,Livraison,CA,Foodora,1
7713,0,307.0,278.69,2018-03-08,4 - Soir,4 - Jeudi,Livraison,CA,KM,1
7714,0,212.1,192.76,2018-03-08,4 - Soir,4 - Jeudi,Livraison,CA,UberEats,1
7715,0,334.12,302.56,2018-03-08,4 - Soir,4 - Jeudi,Sur place,CA,,11
7719,383,0.0,0.0,2018-03-09,,5 - Vendredi,,CA,,0
7721,0,52.6,47.83,2018-03-09,2 - Midi,5 - Vendredi,À emporter,CA,,4
7722,0,177.0,160.9,2018-03-09,2 - Midi,5 - Vendredi,À emporter,CA,,13
7723,0,5.0,4.54,2018-03-09,2 - Midi,5 - Vendredi,Limonade,CA,,1
7724,0,108.65,98.76,2018-03-09,2 - Midi,5 - Vendredi,Livraison,CA,AlloResto,1
7725,0,173.0,157.25,2018-03-09,2 - Midi,5 - Vendredi,Livraison,CA,Deliveroo,1
7726,0,132.3,120.25,2018-03-09,2 - Midi,5 - Vendredi,Livraison,CA,Foodora,1
7727,0,259.2,235.56,2018-03-09,2 - Midi,5 - Vendredi,Livraison,CA,UberEats,1
7728,0,522.4,474.83,2018-03-09,2 - Midi,5 - Vendredi,Sur place,CA,,31
7729,0,630.12,572.62,2018-03-09,2 - Midi,5 - Vendredi,Sur place,CA,,38
7731,-16,0.0,0.0,2018-03-09,4 - Soir,5 - Vendredi,,CA,,0
7734,0,49.0,44.54,2018-03-09,4 - Soir,5 - Vendredi,À emporter,CA,AlloResto,1
7735,0,385.4,349.9,2018-03-09,4 - Soir,5 - Vendredi,À emporter,CA,,15
7736,0,5.0,4.54,2018-03-09,4 - Soir,5 - Vendredi,Limonade,CA,,1
7737,0,115.65,105.13,2018-03-09,4 - Soir,5 - Vendredi,Livraison,CA,AlloResto,1
7738,0,616.6,560.43,2018-03-09,4 - Soir,5 - Vendredi,Livraison,CA,Deliveroo,1
7739,0,734.7,667.74,2018-03-09,4 - Soir,5 - Vendredi,Livraison,CA,Foodora,1
7740,0,428.4,389.09,2018-03-09,4 - Soir,5 - Vendredi,Livraison,CA,KM,1
7741,0,660.8,600.54,2018-03-09,4 - Soir,5 - Vendredi,Livraison,CA,UberEats,1
7743,0,439.6,398.46,2018-03-09,4 - Soir,5 - Vendredi,Sur place,CA,,18
7745,378,0.0,0.0,2018-03-10,,6 - Samedi,,CA,,0
7747,0,-1.58,-1.58,2018-03-10,1 - Matin,6 - Samedi,Limonade,CA,,1
7748,0,179.7,163.39,2018-03-10,2 - Midi,6 - Samedi,À emporter,CA,,8
7749,0,9.0,7.92,2018-03-10,2 - Midi,6 - Samedi,Limonade,CA,,2
7750,0,33.7,30.63,2018-03-10,2 - Midi,6 - Samedi,Livraison,CA,AlloResto,1
7751,0,1055.9,959.31,2018-03-10,2 - Midi,6 - Samedi,Sur place,CA,,41
7752,0,57.6,52.35,2018-03-10,3 - Après-midi,6 - Samedi,À emporter,CA,,1
7753,0,4.0,3.63,2018-03-10,3 - Après-midi,6 - Samedi,Limonade,CA,,1
7754,0,354.7,322.37,2018-03-10,3 - Après-midi,6 - Samedi,Livraison,CA,Deliveroo,1
7755,0,129.7,117.88,2018-03-10,3 - Après-midi,6 - Samedi,Livraison,CA,Foodora,1
7756,0,430.0,390.47,2018-03-10,3 - Après-midi,6 - Samedi,Livraison,CA,UberEats,1
7757,0,91.9,83.55,2018-03-10,3 - Après-midi,6 - Samedi,Sur place,CA,,2
7758,0,100.3,91.18,2018-03-10,3 - Après-midi,6 - Samedi,Sur place,CA,,7
7760,0,31.3,28.3,2018-03-10,4 - Soir,6 - Samedi,À emporter,CA,KM,1
7761,0,122.6,111.46,2018-03-10,4 - Soir,6 - Samedi,À emporter,CA,,7
7763,0,29.5,25.75,2018-03-10,4 - Soir,6 - Samedi,Limonade,CA,,6
7764,0,267.9,243.48,2018-03-10,4 - Soir,6 - Samedi,Livraison,CA,AlloResto,1
7765,0,726.6,659.82,2018-03-10,4 - Soir,6 - Samedi,Livraison,CA,Deliveroo,1
7766,0,519.7,472.35,2018-03-10,4 - Soir,6 - Samedi,Livraison,CA,Foodora,1
7767,0,287.5,261.3,2018-03-10,4 - Soir,6 - Samedi,Livraison,CA,KM,1
7768,0,506.5,460.09,2018-03-10,4 - Soir,6 - Samedi,Livraison,CA,UberEats,1
7769,0,632.0,573.97,2018-03-10,4 - Soir,6 - Samedi,Sur place,CA,,22
7770,247,0.0,0.0,2018-03-11,,7 - Dimanche,,CA,,0
7772,-12,0.0,0.0,2018-03-11,3 - Après-midi,7 - Dimanche,,CA,,0
7775,0,83.0,75.46,2018-03-11,3 - Après-midi,7 - Dimanche,À emporter,CA,,4
7776,0,2.25,2.05,2018-03-11,3 - Après-midi,7 - Dimanche,Limonade,CA,,1
7778,0,32.3,29.09,2018-03-11,3 - Après-midi,7 - Dimanche,Sur place,CA,,1
7780,-10,0.0,0.0,2018-03-11,4 - Soir,7 - Dimanche,,CA,,0
7783,0,64.6,58.73,2018-03-11,4 - Soir,7 - Dimanche,À emporter,CA,KM,2
7784,0,257.9,233.7,2018-03-11,4 - Soir,7 - Dimanche,À emporter,CA,,9
7785,0,7.5,6.82,2018-03-11,4 - Soir,7 - Dimanche,Limonade,CA,,2
7786,0,418.45,379.77,2018-03-11,4 - Soir,7 - Dimanche,Livraison,CA,AlloResto,1
7787,0,527.4,479.34,2018-03-11,4 - Soir,7 - Dimanche,Livraison,CA,Deliveroo,1
7788,0,588.3,534.68,2018-03-11,4 - Soir,7 - Dimanche,Livraison,CA,Foodora,1
7789,0,479.1,435.47,2018-03-11,4 - Soir,7 - Dimanche,Livraison,CA,KM,1
7790,0,828.9,753.38,2018-03-11,4 - Soir,7 - Dimanche,Livraison,CA,UberEats,1
7791,0,210.6,191.37,2018-03-11,4 - Soir,7 - Dimanche,Sur place,CA,,10
7793,182,0.0,0.0,2018-03-12,,1 - Lundi,,CA,,0
7795,0,136.51,124.08,2018-03-12,2 - Midi,1 - Lundi,À emporter,CA,,6
7797,0,12.5,11.36,2018-03-12,2 - Midi,1 - Lundi,Limonade,CA,,3
7798,0,136.7,124.24,2018-03-12,2 - Midi,1 - Lundi,Livraison,CA,AlloResto,1
7799,0,40.4,36.73,2018-03-12,2 - Midi,1 - Lundi,Livraison,CA,Deliveroo,1
7800,0,99.5,90.43,2018-03-12,2 - Midi,1 - Lundi,Livraison,CA,Foodora,1
7801,0,177.1,160.96,2018-03-12,2 - Midi,1 - Lundi,Livraison,CA,UberEats,1
7802,0,122.4,111.26,2018-03-12,2 - Midi,1 - Lundi,Sur place,CA,,7
7803,0,730.81,663.95,2018-03-12,2 - Midi,1 - Lundi,Sur place,CA,,37
7805,0,2.5,2.27,2018-03-12,3 - Après-midi,1 - Lundi,Limonade,CA,,1
7806,0,133.3,121.18,2018-03-12,4 - Soir,1 - Lundi,À emporter,CA,,7
7807,0,199.5,181.33,2018-03-12,4 - Soir,1 - Lundi,Livraison,CA,AlloResto,1
7808,0,222.9,202.4,2018-03-12,4 - Soir,1 - Lundi,Livraison,CA,Deliveroo,1
7809,0,223.6,203.2,2018-03-12,4 - Soir,1 - Lundi,Livraison,CA,Foodora,1
7810,0,159.1,144.65,2018-03-12,4 - Soir,1 - Lundi,Livraison,CA,KM,1
7811,0,350.3,318.39,2018-03-12,4 - Soir,1 - Lundi,Livraison,CA,UberEats,1
7812,0,102.9,93.34,2018-03-12,4 - Soir,1 - Lundi,Sur place,CA,,6
7813,262,0.0,0.0,2018-03-13,,2 - Mardi,,CA,,0
7816,0,21.8,19.81,2018-03-13,2 - Midi,2 - Mardi,À emporter,CA,KM,1
7817,0,474.3,430.75,2018-03-13,2 - Midi,2 - Mardi,À emporter,CA,,30
7818,0,4.0,3.63,2018-03-13,2 - Midi,2 - Mardi,Limonade,CA,,1
7819,0,14.5,12.65,2018-03-13,2 - Midi,2 - Mardi,Limonade,CA,,4
7820,0,86.65,78.77,2018-03-13,2 - Midi,2 - Mardi,Livraison,CA,AlloResto,1
7821,0,25.0,22.72,2018-03-13,2 - Midi,2 - Mardi,Livraison,CA,Deliveroo,1
7822,0,89.6,81.44,2018-03-13,2 - Midi,2 - Mardi,Livraison,CA,Foodora,1
7823,0,125.7,112.91,2018-03-13,2 - Midi,2 - Mardi,Livraison,CA,KM,7
7824,0,297.1,270.02,2018-03-13,2 - Midi,2 - Mardi,Livraison,CA,UberEats,1
7826,0,696.6,632.57,2018-03-13,2 - Midi,2 - Mardi,Sur place,CA,,37
7827,0,37.9,34.45,2018-03-13,3 - Après-midi,2 - Mardi,À emporter,CA,KM,3
7828,0,212.8,191.54,2018-03-13,3 - Après-midi,2 - Mardi,Livraison,CA,KM,10
7829,-13,0.0,0.0,2018-03-13,4 - Soir,2 - Mardi,,CA,,0
7832,0,86.4,78.54,2018-03-13,4 - Soir,2 - Mardi,À emporter,CA,KM,5
7833,0,169.3,152.49,2018-03-13,4 - Soir,2 - Mardi,À emporter,CA,,6
7834,0,6.0,5.46,2018-03-13,4 - Soir,2 - Mardi,Limonade,CA,,1
7835,0,10.5,9.29,2018-03-13,4 - Soir,2 - Mardi,Limonade,CA,,3
7836,0,98.75,89.75,2018-03-13,4 - Soir,2 - Mardi,Livraison,CA,AlloResto,1
7837,0,151.2,137.42,2018-03-13,4 - Soir,2 - Mardi,Livraison,CA,Deliveroo,1
7838,0,23.4,21.27,2018-03-13,4 - Soir,2 - Mardi,Livraison,CA,Foodora,1
7839,0,490.1,441.35,2018-03-13,4 - Soir,2 - Mardi,Livraison,CA,KM,22
7840,0,328.2,298.29,2018-03-13,4 - Soir,2 - Mardi,Livraison,CA,UberEats,1
7841,0,12.9,11.73,2018-03-13,4 - Soir,2 - Mardi,Sur place,CA,,1
7842,0,166.5,149.76,2018-03-13,4 - Soir,2 - Mardi,Sur place,CA,,7
7844,314,0.0,0.0,2018-03-14,,3 - Mercredi,,CA,,0
7846,0,11.6,10.55,2018-03-14,1 - Matin,3 - Mercredi,À emporter,CA,KM,1
7847,0,21.2,19.28,2018-03-14,2 - Midi,3 - Mercredi,À emporter,CA,KM,2
7848,0,15.9,14.45,2018-03-14,2 - Midi,3 - Mercredi,À emporter,CA,,1
7849,0,115.9,105.3,2018-03-14,2 - Midi,3 - Mercredi,À emporter,CA,,9
7850,0,387.16,351.57,2018-03-14,2 - Midi,3 - Mercredi,À emporter,CA,,22
7852,0,60.65,55.13,2018-03-14,2 - Midi,3 - Mercredi,Livraison,CA,AlloResto,1
7853,0,25.4,23.1,2018-03-14,2 - Midi,3 - Mercredi,Livraison,CA,Foodora,1
7854,0,15.3,13.72,2018-03-14,2 - Midi,3 - Mercredi,Livraison,CA,KM,1
7855,0,366.9,332.57,2018-03-14,2 - Midi,3 - Mercredi,Livraison,CA,KM,5
7856,0,94.5,85.89,2018-03-14,2 - Midi,3 - Mercredi,Livraison,CA,UberEats,1
7858,0,213.5,194.03,2018-03-14,2 - Midi,3 - Mercredi,Sur place,CA,,12
7859,0,463.0,420.47,2018-03-14,2 - Midi,3 - Mercredi,Sur place,CA,,25
7860,0,23.0,20.91,2018-03-14,3 - Après-midi,3 - Mercredi,À emporter,CA,KM,1
7861,0,25.8,23.46,2018-03-14,3 - Après-midi,3 - Mercredi,À emporter,CA,,1
7862,0,120.8,108.66,2018-03-14,3 - Après-midi,3 - Mercredi,Livraison,CA,KM,6
7863,0,17.0,15.45,2018-03-14,3 - Après-midi,3 - Mercredi,Sur place,CA,,1
7864,-14,0.0,0.0,2018-03-14,4 - Soir,3 - Mercredi,,CA,,0
7867,0,38.0,34.54,2018-03-14,4 - Soir,3 - Mercredi,À emporter,CA,KM,2
7868,0,298.8,271.54,2018-03-14,4 - Soir,3 - Mercredi,À emporter,CA,,13
7869,0,3.0,2.73,2018-03-14,4 - Soir,3 - Mercredi,Limonade,CA,,1
7870,0,342.65,311.4,2018-03-14,4 - Soir,3 - Mercredi,Livraison,CA,AlloResto,1
7871,0,219.0,199.04,2018-03-14,4 - Soir,3 - Mercredi,Livraison,CA,Deliveroo,1
7872,0,291.9,265.32,2018-03-14,4 - Soir,3 - Mercredi,Livraison,CA,Foodora,1
7873,0,13.3,11.9,2018-03-14,4 - Soir,3 - Mercredi,Livraison,CA,KM,1
7874,0,457.6,411.93,2018-03-14,4 - Soir,3 - Mercredi,Livraison,CA,KM,22
7875,0,395.3,359.27,2018-03-14,4 - Soir,3 - Mercredi,Livraison,CA,UberEats,1
7876,0,227.1,205.04,2018-03-14,4 - Soir,3 - Mercredi,Sur place,CA,,13
7878,315,0.0,0.0,2018-03-15,,4 - Jeudi,,CA,,0
7881,0,103.3,93.33,2018-03-15,1 - Matin,4 - Jeudi,Livraison,CA,KM,3
7882,0,198.4,180.36,2018-03-15,2 - Midi,4 - Jeudi,À emporter,CA,,14
7883,0,354.21,322.03,2018-03-15,2 - Midi,4 - Jeudi,À emporter,CA,,19
7885,0,2.5,2.27,2018-03-15,2 - Midi,4 - Jeudi,Limonade,CA,,1
7886,0,62.05,56.4,2018-03-15,2 - Midi,4 - Jeudi,Livraison,CA,AlloResto,1
7887,0,63.7,57.9,2018-03-15,2 - Midi,4 - Jeudi,Livraison,CA,Deliveroo,1
7888,0,64.6,58.71,2018-03-15,2 - Midi,4 - Jeudi,Livraison,CA,Foodora,1
7889,0,344.1,311.25,2018-03-15,2 - Midi,4 - Jeudi,Livraison,CA,KM,8
7890,0,153.2,139.23,2018-03-15,2 - Midi,4 - Jeudi,Livraison,CA,UberEats,1
7891,0,105.41,95.33,2018-03-15,2 - Midi,4 - Jeudi,Sur place,CA,,7
7892,0,318.4,289.09,2018-03-15,2 - Midi,4 - Jeudi,Sur place,CA,,20
7894,0,3.5,3.18,2018-03-15,3 - Après-midi,4 - Jeudi,Limonade,CA,,1
7895,0,91.0,82.15,2018-03-15,3 - Après-midi,4 - Jeudi,Livraison,CA,KM,3
7896,0,12.9,11.65,2018-03-15,3 - Après-midi,4 - Jeudi,Sur place,CA,,1
7897,-15,0.0,0.0,2018-03-15,4 - Soir,4 - Jeudi,,CA,,0
7900,0,25.8,23.46,2018-03-15,4 - Soir,4 - Jeudi,À emporter,CA,KM,1
7901,0,297.4,270.04,2018-03-15,4 - Soir,4 - Jeudi,À emporter,CA,,13
7902,0,21.5,19.29,2018-03-15,4 - Soir,4 - Jeudi,Limonade,CA,,6
7903,0,36.7,33.36,2018-03-15,4 - Soir,4 - Jeudi,Livraison,CA,AlloResto,1
7904,0,250.4,227.59,2018-03-15,4 - Soir,4 - Jeudi,Livraison,CA,Deliveroo,1
7905,0,230.4,209.38,2018-03-15,4 - Soir,4 - Jeudi,Livraison,CA,Foodora,2
7906,0,520.63,469.27,2018-03-15,4 - Soir,4 - Jeudi,Livraison,CA,KM,21
7907,0,466.0,423.49,2018-03-15,4 - Soir,4 - Jeudi,Livraison,CA,UberEats,1
7909,0,567.6,514.9,2018-03-15,4 - Soir,4 - Jeudi,Sur place,CA,,28
7911,391,0.0,0.0,2018-03-16,,5 - Vendredi,,CA,,0
7913,0,36.6,33.28,2018-03-16,2 - Midi,5 - Vendredi,À emporter,CA,KM,2
7914,0,155.5,141.37,2018-03-16,2 - Midi,5 - Vendredi,À emporter,CA,,9
7915,0,260.0,236.26,2018-03-16,2 - Midi,5 - Vendredi,À emporter,CA,,18
7916,0,25.9,23.01,2018-03-16,2 - Midi,5 - Vendredi,Limonade,CA,,3
7917,0,156.1,141.86,2018-03-16,2 - Midi,5 - Vendredi,Livraison,CA,Deliveroo,1
7918,0,87.0,79.07,2018-03-16,2 - Midi,5 - Vendredi,Livraison,CA,Foodora,1
7919,0,162.8,146.49,2018-03-16,2 - Midi,5 - Vendredi,Livraison,CA,KM,8
7920,0,61.7,56.08,2018-03-16,2 - Midi,5 - Vendredi,Livraison,CA,UberEats,1
7922,0,434.7,394.1,2018-03-16,2 - Midi,5 - Vendredi,Sur place,CA,,24
7923,0,669.3,607.98,2018-03-16,2 - Midi,5 - Vendredi,Sur place,CA,,37
7924,0,135.9,122.4,2018-03-16,3 - Après-midi,5 - Vendredi,Livraison,CA,KM,6
7925,0,17.5,15.72,2018-03-16,3 - Après-midi,5 - Vendredi,Livraison,CA,,1
7926,-14,0.0,0.0,2018-03-16,4 - Soir,5 - Vendredi,,CA,,0
7929,0,15.9,14.45,2018-03-16,4 - Soir,5 - Vendredi,À emporter,CA,,1
7930,0,426.5,386.92,2018-03-16,4 - Soir,5 - Vendredi,À emporter,CA,,17
7931,0,4.5,4.09,2018-03-16,4 - Soir,5 - Vendredi,Limonade,CA,,1
7932,0,9.5,8.37,2018-03-16,4 - Soir,5 - Vendredi,Limonade,CA,,2
7933,0,204.6,184.82,2018-03-16,4 - Soir,5 - Vendredi,Livraison,CA,AlloResto,1
7934,0,630.3,571.83,2018-03-16,4 - Soir,5 - Vendredi,Livraison,CA,Deliveroo,2
7935,0,454.9,413.49,2018-03-16,4 - Soir,5 - Vendredi,Livraison,CA,Foodora,1
7936,0,518.43,468.07,2018-03-16,4 - Soir,5 - Vendredi,Livraison,CA,KM,17
7937,0,663.1,602.66,2018-03-16,4 - Soir,5 - Vendredi,Livraison,CA,UberEats,1
7939,0,15.9,14.45,2018-03-16,4 - Soir,5 - Vendredi,Sur place,CA,,1
7940,0,315.5,286.82,2018-03-16,4 - Soir,5 - Vendredi,Sur place,CA,,12
7942,419,0.0,0.0,2018-03-17,,6 - Samedi,,CA,,0
7944,0,10.8,9.82,2018-03-17,1 - Matin,6 - Samedi,À emporter,CA,KM,1
7945,0,-2.97,-2.97,2018-03-17,1 - Matin,6 - Samedi,Limonade,CA,,1
7946,0,58.9,53.16,2018-03-17,1 - Matin,6 - Samedi,Livraison,CA,KM,2
7947,0,88.9,80.83,2018-03-17,2 - Midi,6 - Samedi,À emporter,CA,KM,2
7948,0,15.9,14.45,2018-03-17,2 - Midi,6 - Samedi,À emporter,CA,,1
7949,0,54.6,49.64,2018-03-17,2 - Midi,6 - Samedi,À emporter,CA,,3
7950,0,105.5,95.92,2018-03-17,2 - Midi,6 - Samedi,À emporter,CA,,5
7951,0,14.86,12.32,2018-03-17,2 - Midi,6 - Samedi,Limonade,CA,,3
7952,0,104.2,94.7,2018-03-17,2 - Midi,6 - Samedi,Livraison,CA,AlloResto,1
7953,0,213.3,193.87,2018-03-17,2 - Midi,6 - Samedi,Livraison,CA,Deliveroo,1
7954,0,187.9,170.78,2018-03-17,2 - Midi,6 - Samedi,Livraison,CA,Foodora,1
7955,0,64.7,58.05,2018-03-17,2 - Midi,6 - Samedi,Livraison,CA,KM,4
7956,0,77.4,70.38,2018-03-17,2 - Midi,6 - Samedi,Sur place,CA,,3
7957,0,470.7,427.11,2018-03-17,2 - Midi,6 - Samedi,Sur place,CA,,14
7958,0,615.1,559.13,2018-03-17,2 - Midi,6 - Samedi,Sur place,CA,,21
7959,0,32.3,29.36,2018-03-17,3 - Après-midi,6 - Samedi,À emporter,CA,,2
7960,0,52.7,47.91,2018-03-17,3 - Après-midi,6 - Samedi,À emporter,CA,,3
7961,0,16.5,14.24,2018-03-17,3 - Après-midi,6 - Samedi,Limonade,CA,,4
7963,0,223.8,202.28,2018-03-17,3 - Après-midi,6 - Samedi,Livraison,CA,KM,6
7964,0,164.0,149.07,2018-03-17,3 - Après-midi,6 - Samedi,Livraison,CA,UberEats,1
7965,0,64.5,58.65,2018-03-17,3 - Après-midi,6 - Samedi,Sur place,CA,,4
7966,0,110.6,100.53,2018-03-17,3 - Après-midi,6 - Samedi,Sur place,CA,,5
7967,-16,0.0,0.0,2018-03-17,4 - Soir,6 - Samedi,,CA,,0
7970,0,515.7,468.63,2018-03-17,4 - Soir,6 - Samedi,À emporter,CA,Deliveroo,1
7971,0,18.4,16.73,2018-03-17,4 - Soir,6 - Samedi,À emporter,CA,KM,1
7972,0,194.3,176.64,2018-03-17,4 - Soir,6 - Samedi,À emporter,CA,,9
7973,0,-10.65,-10.65,2018-03-17,4 - Soir,6 - Samedi,Limonade,CA,,1
7974,0,77.95,70.86,2018-03-17,4 - Soir,6 - Samedi,Livraison,CA,AlloResto,1
7975,0,838.8,760.9,2018-03-17,4 - Soir,6 - Samedi,Livraison,CA,Foodora,1
7976,0,610.18,550.74,2018-03-17,4 - Soir,6 - Samedi,Livraison,CA,KM,21
7977,0,612.8,556.93,2018-03-17,4 - Soir,6 - Samedi,Livraison,CA,UberEats,1
7979,0,346.6,314.95,2018-03-17,4 - Soir,6 - Samedi,Sur place,CA,,12
7981,229,0.0,0.0,2018-03-18,,7 - Dimanche,,CA,,0
7984,0,23.3,20.99,2018-03-18,2 - Midi,7 - Dimanche,Livraison,CA,KM,1
7986,0,15.8,14.37,2018-03-18,3 - Après-midi,7 - Dimanche,À emporter,CA,KM,1
7987,0,20.8,18.91,2018-03-18,3 - Après-midi,7 - Dimanche,À emporter,CA,KM,2
7988,0,25.8,23.45,2018-03-18,3 - Après-midi,7 - Dimanche,À emporter,CA,,2
7989,0,129.4,116.67,2018-03-18,3 - Après-midi,7 - Dimanche,Livraison,CA,KM,5
7990,-7,0.0,0.0,2018-03-18,4 - Soir,7 - Dimanche,,CA,,0
7993,0,607.8,552.47,2018-03-18,4 - Soir,7 - Dimanche,À emporter,CA,Deliveroo,1
7994,0,12.9,11.73,2018-03-18,4 - Soir,7 - Dimanche,À emporter,CA,KM,1
7995,0,290.3,263.83,2018-03-18,4 - Soir,7 - Dimanche,À emporter,CA,,14
7996,0,21.5,19.54,2018-03-18,4 - Soir,7 - Dimanche,Limonade,CA,,3
7997,0,300.15,272.54,2018-03-18,4 - Soir,7 - Dimanche,Livraison,CA,AlloResto,1
7998,0,601.7,546.9,2018-03-18,4 - Soir,7 - Dimanche,Livraison,CA,Foodora,2
7999,0,267.9,241.21,2018-03-18,4 - Soir,7 - Dimanche,Livraison,CA,KM,12
8000,0,653.2,593.65,2018-03-18,4 - Soir,7 - Dimanche,Livraison,CA,UberEats,1
8001,0,289.1,262.6,2018-03-18,4 - Soir,7 - Dimanche,Sur place,CA,,11
8003,170,0.0,0.0,2018-03-19,,1 - Lundi,,CA,,0
8006,0,-1.98,-1.98,2018-03-19,1 - Matin,1 - Lundi,Limonade,CA,,1
8007,0,28.8,26.18,2018-03-19,2 - Midi,1 - Lundi,À emporter,CA,,1
8008,0,236.6,212.08,2018-03-19,2 - Midi,1 - Lundi,À emporter,CA,,12
8010,0,103.9,94.43,2018-03-19,2 - Midi,1 - Lundi,Limonade,CA,Deliveroo,1
8011,0,8.0,7.27,2018-03-19,2 - Midi,1 - Lundi,Limonade,CA,,1
8012,0,62.3,56.63,2018-03-19,2 - Midi,1 - Lundi,Livraison,CA,Foodora,1
8013,0,143.8,130.7,2018-03-19,2 - Midi,1 - Lundi,Livraison,CA,UberEats,1
8014,0,44.7,40.63,2018-03-19,2 - Midi,1 - Lundi,Sur place,CA,,2
8015,0,337.3,306.45,2018-03-19,2 - Midi,1 - Lundi,Sur place,CA,,20
8016,0,68.9,62.05,2018-03-19,3 - Après-midi,1 - Lundi,Livraison,CA,KM,3
8020,0,42.5,38.63,2018-03-19,4 - Soir,1 - Lundi,À emporter,CA,KM,1
8021,0,157.8,141.32,2018-03-19,4 - Soir,1 - Lundi,À emporter,CA,,9
8023,0,18.26,17.08,2018-03-19,4 - Soir,1 - Lundi,Limonade,CA,,3
8024,0,106.85,97.12,2018-03-19,4 - Soir,1 - Lundi,Livraison,CA,AlloResto,1
8025,0,174.0,158.15,2018-03-19,4 - Soir,1 - Lundi,Livraison,CA,Deliveroo,1
8026,0,288.1,261.87,2018-03-19,4 - Soir,1 - Lundi,Livraison,CA,Foodora,1
8027,0,117.8,106.15,2018-03-19,4 - Soir,1 - Lundi,Livraison,CA,KM,5
8028,0,540.2,490.73,2018-03-19,4 - Soir,1 - Lundi,Livraison,CA,,1
8029,0,157.9,143.54,2018-03-19,4 - Soir,1 - Lundi,Sur place,CA,,8
8030,240,0.0,0.0,2018-03-20,,2 - Mardi,,CA,,0
8033,0,466.1,423.15,2018-03-20,2 - Midi,2 - Mardi,À emporter,CA,,30
8034,0,3.0,2.73,2018-03-20,2 - Midi,2 - Mardi,Limonade,CA,,1
8035,0,50.55,45.94,2018-03-20,2 - Midi,2 - Mardi,Livraison,CA,AlloResto,1
8036,0,31.8,28.9,2018-03-20,2 - Midi,2 - Mardi,Livraison,CA,Deliveroo,1
8037,0,114.1,102.76,2018-03-20,2 - Midi,2 - Mardi,Livraison,CA,KM,5
8038,0,354.0,321.73,2018-03-20,2 - Midi,2 - Mardi,Livraison,CA,UberEats,1
8039,0,15.4,14.0,2018-03-20,2 - Midi,2 - Mardi,Sur place,CA,,1
8040,0,374.5,340.09,2018-03-20,2 - Midi,2 - Mardi,Sur place,CA,,20
8041,-12,0.0,0.0,2018-03-20,4 - Soir,2 - Mardi,,CA,,0
8044,0,43.0,39.08,2018-03-20,4 - Soir,2 - Mardi,À emporter,CA,KM,2
8045,0,176.0,159.97,2018-03-20,4 - Soir,2 - Mardi,À emporter,CA,,5
8046,0,-7.5,-7.5,2018-03-20,4 - Soir,2 - Mardi,Limonade,CA,,1
8047,0,22.45,19.87,2018-03-20,4 - Soir,2 - Mardi,Livraison,CA,AlloResto,1
8048,0,369.0,335.38,2018-03-20,4 - Soir,2 - Mardi,Livraison,CA,Deliveroo,1
8049,0,255.7,232.43,2018-03-20,4 - Soir,2 - Mardi,Livraison,CA,Foodora,1
8050,0,1015.5,922.92,2018-03-20,4 - Soir,2 - Mardi,Livraison,CA,UberEats,1
8051,0,16.85,15.31,2018-03-20,4 - Soir,2 - Mardi,Sur place,CA,AlloResto,1
8052,0,167.2,151.91,2018-03-20,4 - Soir,2 - Mardi,Sur place,CA,,9
8054,275,0.0,0.0,2018-03-21,,3 - Mercredi,,CA,,0
8057,0,91.5,83.1,2018-03-21,2 - Midi,3 - Mercredi,À emporter,CA,,4
8058,0,199.4,181.24,2018-03-21,2 - Midi,3 - Mercredi,À emporter,CA,,12
8059,0,9.0,8.18,2018-03-21,2 - Midi,3 - Mercredi,Limonade,CA,,1
8060,0,5.5,5.0,2018-03-21,2 - Midi,3 - Mercredi,Limonade,CA,,2
8061,0,20.85,18.95,2018-03-21,2 - Midi,3 - Mercredi,Livraison,CA,AlloResto,1
8062,0,93.7,85.17,2018-03-21,2 - Midi,3 - Mercredi,Livraison,CA,Deliveroo,1
8063,0,98.2,89.27,2018-03-21,2 - Midi,3 - Mercredi,Livraison,CA,Foodora,1
8064,0,322.5,293.12,2018-03-21,2 - Midi,3 - Mercredi,Livraison,CA,UberEats,1
8065,0,206.2,186.58,2018-03-21,2 - Midi,3 - Mercredi,Sur place,CA,,13
8066,0,698.0,634.38,2018-03-21,2 - Midi,3 - Mercredi,Sur place,CA,,41
8067,0,8.5,7.73,2018-03-21,3 - Après-midi,3 - Mercredi,À emporter,CA,,1
8068,0,25.8,23.46,2018-03-21,3 - Après-midi,3 - Mercredi,Sur place,CA,,1
8069,-12,0.0,0.0,2018-03-21,4 - Soir,3 - Mercredi,,CA,,0
8072,0,147.4,133.99,2018-03-21,4 - Soir,3 - Mercredi,À emporter,CA,,7
8073,0,9.5,8.64,2018-03-21,4 - Soir,3 - Mercredi,Limonade,CA,,3
8074,0,239.65,217.81,2018-03-21,4 - Soir,3 - Mercredi,Livraison,CA,AlloResto,1
8075,0,233.8,212.11,2018-03-21,4 - Soir,3 - Mercredi,Livraison,CA,Deliveroo,1
8076,0,366.4,333.0,2018-03-21,4 - Soir,3 - Mercredi,Livraison,CA,Foodora,1
8077,0,890.1,808.98,2018-03-21,4 - Soir,3 - Mercredi,Livraison,CA,UberEats,1
8079,0,307.0,278.63,2018-03-21,4 - Soir,3 - Mercredi,Sur place,CA,,15
8081,249,0.0,0.0,2018-03-22,,4 - Jeudi,,CA,,0
8083,0,131.0,119.08,2018-03-22,2 - Midi,4 - Jeudi,À emporter,CA,KM,4
8084,0,316.02,287.31,2018-03-22,2 - Midi,4 - Jeudi,À emporter,CA,,21
8086,0,11.5,10.46,2018-03-22,2 - Midi,4 - Jeudi,Limonade,CA,,3
8087,0,151.5,137.7,2018-03-22,2 - Midi,4 - Jeudi,Livraison,CA,Deliveroo,1
8088,0,46.5,42.27,2018-03-22,2 - Midi,4 - Jeudi,Livraison,CA,Foodora,1
8089,0,159.0,144.5,2018-03-22,2 - Midi,4 - Jeudi,Livraison,CA,UberEats,1
8091,0,598.9,544.28,2018-03-22,2 - Midi,4 - Jeudi,Sur place,CA,,35
8094,-11,0.0,0.0,2018-03-22,4 - Soir,4 - Jeudi,,CA,,0
8098,0,297.0,269.35,2018-03-22,4 - Soir,4 - Jeudi,À emporter,CA,,13
8099,0,40.0,33.52,2018-03-22,4 - Soir,4 - Jeudi,Limonade,CA,,3
8100,0,207.6,188.68,2018-03-22,4 - Soir,4 - Jeudi,Livraison,CA,AlloResto,1
8101,0,499.2,452.97,2018-03-22,4 - Soir,4 - Jeudi,Livraison,CA,Deliveroo,1
8102,0,406.1,369.1,2018-03-22,4 - Soir,4 - Jeudi,Livraison,CA,Foodora,1
8103,0,416.0,378.09,2018-03-22,4 - Soir,4 - Jeudi,Livraison,CA,UberEats,1
8104,0,284.7,257.52,2018-03-22,4 - Soir,4 - Jeudi,Sur place,CA,,15
8106,348,0.0,0.0,2018-03-23,,5 - Vendredi,,CA,,0
8107,0,29.3,26.64,2018-03-23,2 - Midi,5 - Vendredi,À emporter,CA,KM,2
8108,0,356.7,324.31,2018-03-23,2 - Midi,5 - Vendredi,À emporter,CA,,21
8109,0,2.5,2.27,2018-03-23,2 - Midi,5 - Vendredi,Limonade,CA,,1
8110,0,14.95,13.59,2018-03-23,2 - Midi,5 - Vendredi,Livraison,CA,AlloResto,1
8111,0,227.6,206.34,2018-03-23,2 - Midi,5 - Vendredi,Livraison,CA,Deliveroo,2
8112,0,51.7,46.99,2018-03-23,2 - Midi,5 - Vendredi,Livraison,CA,Foodora,1
8113,0,45.29,40.79,2018-03-23,2 - Midi,5 - Vendredi,Livraison,CA,KM,2
8114,0,274.4,249.38,2018-03-23,2 - Midi,5 - Vendredi,Livraison,CA,UberEats,1
8117,0,849.0,770.4,2018-03-23,2 - Midi,5 - Vendredi,Sur place,CA,,44
8118,0,3.0,2.73,2018-03-23,3 - Après-midi,5 - Vendredi,Limonade,CA,,1
8119,0,32.0,29.09,2018-03-23,3 - Après-midi,5 - Vendredi,Livraison,CA,Foodora,1
8120,0,36.3,32.81,2018-03-23,3 - Après-midi,5 - Vendredi,Livraison,CA,KM,1
8122,0,312.0,283.57,2018-03-23,4 - Soir,5 - Vendredi,À emporter,CA,AlloResto,1
8123,0,419.7,381.46,2018-03-23,4 - Soir,5 - Vendredi,À emporter,CA,Foodora,1
8124,0,88.4,80.36,2018-03-23,4 - Soir,5 - Vendredi,À emporter,CA,KM,3
8125,0,580.0,526.75,2018-03-23,4 - Soir,5 - Vendredi,À emporter,CA,,28
8126,0,3.0,2.73,2018-03-23,4 - Soir,5 - Vendredi,Limonade,CA,,1
8127,0,628.9,571.4,2018-03-23,4 - Soir,5 - Vendredi,Livraison,CA,Deliveroo,1
8128,0,495.17,446.51,2018-03-23,4 - Soir,5 - Vendredi,Livraison,CA,KM,19
8129,0,291.1,264.6,2018-03-23,4 - Soir,5 - Vendredi,Livraison,CA,UberEats,1
8131,0,215.8,195.82,2018-03-23,4 - Soir,5 - Vendredi,Sur place,CA,,12
8132,422,0.0,0.0,2018-03-24,,6 - Samedi,,CA,,0
8134,0,394.6,358.73,2018-03-24,2 - Midi,6 - Samedi,À emporter,CA,,21
8135,0,19.5,17.72,2018-03-24,2 - Midi,6 - Samedi,Limonade,CA,,4
8136,0,86.4,77.97,2018-03-24,2 - Midi,6 - Samedi,Livraison,CA,KM,3
8138,0,807.7,732.54,2018-03-24,2 - Midi,6 - Samedi,Sur place,CA,,31
8139,0,41.7,37.91,2018-03-24,3 - Après-midi,6 - Samedi,À emporter,CA,,2
8140,0,87.7,79.73,2018-03-24,3 - Après-midi,6 - Samedi,Limonade,CA,KM,1
8141,0,4.48,4.34,2018-03-24,3 - Après-midi,6 - Samedi,Limonade,CA,,2
8142,0,997.23,905.25,2018-03-24,3 - Après-midi,6 - Samedi,Livraison,CA,KM,9
8144,0,42.7,38.74,2018-03-24,3 - Après-midi,6 - Samedi,Sur place,CA,,3
8145,0,1156.8,1051.44,2018-03-24,4 - Soir,6 - Samedi,À emporter,CA,Deliveroo,1
8146,0,12.06,10.97,2018-03-24,4 - Soir,6 - Samedi,À emporter,CA,KM,1
8147,0,138.9,126.08,2018-03-24,4 - Soir,6 - Samedi,À emporter,CA,,5
8148,0,155.7,141.54,2018-03-24,4 - Soir,6 - Samedi,À emporter,CA,,8
8150,0,4.0,3.64,2018-03-24,4 - Soir,6 - Samedi,Limonade,CA,,2
8151,0,429.1,390.0,2018-03-24,4 - Soir,6 - Samedi,Livraison,CA,AlloResto,1
8152,0,498.2,452.83,2018-03-24,4 - Soir,6 - Samedi,Livraison,CA,Foodora,1
8153,0,288.4,259.64,2018-03-24,4 - Soir,6 - Samedi,Livraison,CA,KM,13
8154,0,601.9,547.06,2018-03-24,4 - Soir,6 - Samedi,Livraison,CA,UberEats,1
8156,0,174.0,157.81,2018-03-24,4 - Soir,6 - Samedi,Sur place,CA,,7
8157,0,314.6,285.67,2018-03-24,4 - Soir,6 - Samedi,Sur place,CA,,11
8158,194,0.0,0.0,2018-03-25,,7 - Dimanche,,CA,,0
8161,0,47.2,42.91,2018-03-25,3 - Après-midi,7 - Dimanche,À emporter,CA,,3
8162,0,31.5,28.44,2018-03-25,3 - Après-midi,7 - Dimanche,Livraison,CA,KM,1
8163,0,15.9,14.45,2018-03-25,3 - Après-midi,7 - Dimanche,Sur place,CA,,1
8164,-8,0.0,0.0,2018-03-25,4 - Soir,7 - Dimanche,,CA,,0
8167,0,44.7,40.63,2018-03-25,4 - Soir,7 - Dimanche,À emporter,CA,KM,2
8168,0,799.8,726.91,2018-03-25,4 - Soir,7 - Dimanche,À emporter,CA,UberEats,2
8169,0,279.6,252.82,2018-03-25,4 - Soir,7 - Dimanche,À emporter,CA,,12
8170,0,18.9,16.91,2018-03-25,4 - Soir,7 - Dimanche,Limonade,CA,,4
8172,0,252.6,228.22,2018-03-25,4 - Soir,7 - Dimanche,Livraison,CA,AlloResto,1
8173,0,540.5,491.08,2018-03-25,4 - Soir,7 - Dimanche,Livraison,CA,Deliveroo,1
8174,0,419.4,380.31,2018-03-25,4 - Soir,7 - Dimanche,Livraison,CA,Foodora,1
8175,0,280.13,252.55,2018-03-25,4 - Soir,7 - Dimanche,Livraison,CA,KM,11
8177,0,164.4,149.47,2018-03-25,4 - Soir,7 - Dimanche,Sur place,CA,,7
8179,168,0.0,0.0,2018-03-26,,1 - Lundi,,CA,,0
8180,0,-4.95,-4.95,2018-03-26,1 - Matin,1 - Lundi,Limonade,CA,,1
8182,0,272.8,247.9,2018-03-26,2 - Midi,1 - Lundi,À emporter,CA,,17
8183,0,14.0,12.73,2018-03-26,2 - Midi,1 - Lundi,Limonade,CA,,5
8184,0,537.7,488.31,2018-03-26,2 - Midi,1 - Lundi,Livraison,CA,Deliveroo,1
8185,0,17.86,16.04,2018-03-26,2 - Midi,1 - Lundi,Livraison,CA,KM,1
8186,0,414.5,376.75,2018-03-26,2 - Midi,1 - Lundi,Livraison,CA,UberEats,1
8189,0,556.4,505.65,2018-03-26,2 - Midi,1 - Lundi,Sur place,CA,,35
8190,0,47.33,43.03,2018-03-26,3 - Après-midi,1 - Lundi,À emporter,CA,KM,1
8191,0,52.0,47.27,2018-03-26,3 - Après-midi,1 - Lundi,À emporter,CA,,1
8193,0,187.2,170.18,2018-03-26,4 - Soir,1 - Lundi,À emporter,CA,,9
8194,0,6.0,5.46,2018-03-26,4 - Soir,1 - Lundi,Limonade,CA,,2
8195,0,176.55,160.49,2018-03-26,4 - Soir,1 - Lundi,Livraison,CA,AlloResto,1
8196,0,91.2,82.89,2018-03-26,4 - Soir,1 - Lundi,Livraison,CA,Foodora,1
8197,0,122.68,110.76,2018-03-26,4 - Soir,1 - Lundi,Livraison,CA,KM,4
8199,0,34.3,30.79,2018-03-26,4 - Soir,1 - Lundi,Sur place,CA,,1
8200,184,0.0,0.0,2018-03-27,,2 - Mardi,,CA,,0
8202,0,32.67,29.31,2018-03-27,1 - Matin,2 - Mardi,Livraison,CA,KM,2
8204,0,31.8,28.9,2018-03-27,2 - Midi,2 - Mardi,À emporter,CA,,2
8205,0,231.5,210.17,2018-03-27,2 - Midi,2 - Mardi,À emporter,CA,,16
8206,0,70.0,63.45,2018-03-27,2 - Midi,2 - Mardi,Sur place,CA,,4
8207,0,563.9,511.9,2018-03-27,2 - Midi,2 - Mardi,Sur place,CA,,33
8208,0,79.1,71.72,2018-03-27,3 - Après-midi,2 - Mardi,Livraison,CA,KM,1
8209,0,25.8,23.46,2018-03-27,3 - Après-midi,2 - Mardi,Sur place,CA,,1
8210,-9,0.0,0.0,2018-03-27,4 - Soir,2 - Mardi,,CA,,0
8213,0,80.6,73.18,2018-03-27,4 - Soir,2 - Mardi,À emporter,CA,,5
8214,0,5.5,4.58,2018-03-27,4 - Soir,2 - Mardi,Limonade,CA,,1
8215,0,219.25,199.26,2018-03-27,4 - Soir,2 - Mardi,Livraison,CA,AlloResto,1
8216,0,463.7,421.43,2018-03-27,4 - Soir,2 - Mardi,Livraison,CA,Deliveroo,1
8217,0,231.4,210.31,2018-03-27,4 - Soir,2 - Mardi,Livraison,CA,Foodora,1
8218,0,596.3,541.98,2018-03-27,4 - Soir,2 - Mardi,Livraison,CA,UberEats,1
8219,0,103.4,93.12,2018-03-27,4 - Soir,2 - Mardi,Sur place,CA,,6
8221,197,0.0,0.0,2018-03-28,,3 - Mercredi,,CA,,0
8223,0,25.15,22.87,2018-03-28,2 - Midi,3 - Mercredi,À emporter,CA,KM,2
8224,0,63.6,57.8,2018-03-28,2 - Midi,3 - Mercredi,À emporter,CA,UberEats,1
8225,0,192.8,175.26,2018-03-28,2 - Midi,3 - Mercredi,À emporter,CA,,10
8227,0,30.7,27.91,2018-03-28,2 - Midi,3 - Mercredi,Livraison,CA,AlloResto,1
8228,0,85.4,77.62,2018-03-28,2 - Midi,3 - Mercredi,Livraison,CA,Deliveroo,1
8229,0,18.4,16.72,2018-03-28,2 - Midi,3 - Mercredi,Livraison,CA,Foodora,1
8230,0,37.2,33.63,2018-03-28,2 - Midi,3 - Mercredi,Livraison,CA,KM,1
8232,0,691.9,629.02,2018-03-28,2 - Midi,3 - Mercredi,Sur place,CA,,38
8233,0,17.0,15.45,2018-03-28,3 - Après-midi,3 - Mercredi,À emporter,CA,,1
8234,0,25.8,23.46,2018-03-28,3 - Après-midi,3 - Mercredi,Sur place,CA,,2
8235,-11,0.0,0.0,2018-03-28,4 - Soir,3 - Mercredi,,CA,,0
8238,0,67.7,61.55,2018-03-28,4 - Soir,3 - Mercredi,À emporter,CA,,3
8239,0,20.0,18.18,2018-03-28,4 - Soir,3 - Mercredi,Limonade,CA,,4
8240,0,317.2,288.28,2018-03-28,4 - Soir,3 - Mercredi,Livraison,CA,AlloResto,1
8241,0,370.9,337.11,2018-03-28,4 - Soir,3 - Mercredi,Livraison,CA,Deliveroo,1
8242,0,197.4,179.4,2018-03-28,4 - Soir,3 - Mercredi,Livraison,CA,Foodora,1
8243,0,461.7,419.66,2018-03-28,4 - Soir,3 - Mercredi,Livraison,CA,UberEats,1
8244,0,189.7,172.21,2018-03-28,4 - Soir,3 - Mercredi,Sur place,CA,,11
8246,264,0.0,0.0,2018-03-29,,4 - Jeudi,,CA,,0
8248,0,155.2,141.1,2018-03-29,2 - Midi,4 - Jeudi,À emporter,CA,,11
8250,0,6.5,5.91,2018-03-29,2 - Midi,4 - Jeudi,Limonade,CA,,2
8251,0,406.6,368.3,2018-03-29,2 - Midi,4 - Jeudi,Livraison,CA,Deliveroo,1
8252,0,31.8,28.9,2018-03-29,2 - Midi,4 - Jeudi,Livraison,CA,Foodora,1
8253,0,247.4,224.85,2018-03-29,2 - Midi,4 - Jeudi,Livraison,CA,UberEats,1
8255,0,1004.0,911.82,2018-03-29,2 - Midi,4 - Jeudi,Sur place,CA,,61
8256,0,5.0,4.54,2018-03-29,3 - Après-midi,4 - Jeudi,Limonade,CA,,1
8257,0,30.3,27.47,2018-03-29,3 - Après-midi,4 - Jeudi,Sur place,CA,,1
8258,-10,0.0,0.0,2018-03-29,4 - Soir,4 - Jeudi,,CA,,0
8261,0,21.4,19.46,2018-03-29,4 - Soir,4 - Jeudi,À emporter,CA,KM,1
8262,0,188.6,171.45,2018-03-29,4 - Soir,4 - Jeudi,À emporter,CA,,11
8263,0,13.5,12.28,2018-03-29,4 - Soir,4 - Jeudi,Limonade,CA,,3
8264,0,131.6,119.6,2018-03-29,4 - Soir,4 - Jeudi,Livraison,CA,AlloResto,1
8265,0,330.5,300.4,2018-03-29,4 - Soir,4 - Jeudi,Livraison,CA,Foodora,2
8266,0,144.24,129.78,2018-03-29,4 - Soir,4 - Jeudi,Livraison,CA,KM,6
8267,0,644.2,585.49,2018-03-29,4 - Soir,4 - Jeudi,Livraison,CA,UberEats,1
8269,0,402.14,364.77,2018-03-29,4 - Soir,4 - Jeudi,Sur place,CA,,23
8272,346,0.0,0.0,2018-03-30,,5 - Vendredi,,CA,,0
8276,0,11.5,10.46,2018-03-30,2 - Midi,5 - Vendredi,À emporter,CA,,1
8277,0,55.7,50.64,2018-03-30,2 - Midi,5 - Vendredi,À emporter,CA,,3
8278,0,270.5,244.39,2018-03-30,2 - Midi,5 - Vendredi,À emporter,CA,,21
8280,0,7.0,5.83,2018-03-30,2 - Midi,5 - Vendredi,Limonade,CA,,1
8281,0,19.85,18.04,2018-03-30,2 - Midi,5 - Vendredi,Livraison,CA,AlloResto,1
8282,0,273.7,248.76,2018-03-30,2 - Midi,5 - Vendredi,Livraison,CA,Deliveroo,1
8283,0,12.9,11.73,2018-03-30,2 - Midi,5 - Vendredi,Livraison,CA,Foodora,1
8284,0,156.0,141.22,2018-03-30,2 - Midi,5 - Vendredi,Livraison,CA,KM,3
8285,0,298.0,270.84,2018-03-30,2 - Midi,5 - Vendredi,Sur place,CA,UberEats,1
8286,0,25.8,23.46,2018-03-30,2 - Midi,5 - Vendredi,Sur place,CA,,1
8287,0,239.8,217.82,2018-03-30,2 - Midi,5 - Vendredi,Sur place,CA,,15
8288,0,434.1,394.48,2018-03-30,2 - Midi,5 - Vendredi,Sur place,CA,,21
8289,0,41.27,37.33,2018-03-30,3 - Après-midi,5 - Vendredi,Livraison,CA,KM,1
8291,-11,0.0,0.0,2018-03-30,4 - Soir,5 - Vendredi,,CA,,0
8294,0,62.26,56.59,2018-03-30,4 - Soir,5 - Vendredi,À emporter,CA,KM,3
8295,0,158.1,143.71,2018-03-30,4 - Soir,5 - Vendredi,À emporter,CA,,8
8297,0,18.5,16.56,2018-03-30,4 - Soir,5 - Vendredi,Limonade,CA,,2
8298,0,221.15,201.02,2018-03-30,4 - Soir,5 - Vendredi,Livraison,CA,AlloResto,1
8299,0,723.6,657.55,2018-03-30,4 - Soir,5 - Vendredi,Livraison,CA,Deliveroo,1
8300,0,281.7,254.67,2018-03-30,4 - Soir,5 - Vendredi,Livraison,CA,Foodora,1
8301,0,200.82,181.4,2018-03-30,4 - Soir,5 - Vendredi,Livraison,CA,KM,6
8302,0,1212.6,1100.43,2018-03-30,4 - Soir,5 - Vendredi,Livraison,CA,UberEats,1
8304,0,14.0,12.72,2018-03-30,4 - Soir,5 - Vendredi,Sur place,CA,,1
8305,0,332.5,301.02,2018-03-30,4 - Soir,5 - Vendredi,Sur place,CA,,15
8307,369,0.0,0.0,2018-03-31,,6 - Samedi,,CA,,0
8309,0,316.52,287.7,2018-03-31,2 - Midi,6 - Samedi,À emporter,CA,,14
8311,0,16.5,14.16,2018-03-31,2 - Midi,6 - Samedi,Limonade,CA,,4
8312,0,97.15,88.3,2018-03-31,2 - Midi,6 - Samedi,Livraison,CA,AlloResto,1
8313,0,146.1,132.78,2018-03-31,2 - Midi,6 - Samedi,Livraison,CA,Deliveroo,1
8314,0,54.8,49.81,2018-03-31,2 - Midi,6 - Samedi,Livraison,CA,Foodora,1
8315,0,140.65,127.08,2018-03-31,2 - Midi,6 - Samedi,Livraison,CA,KM,4
8316,0,274.1,249.1,2018-03-31,2 - Midi,6 - Samedi,Livraison,CA,UberEats,1
8318,0,862.56,783.47,2018-03-31,2 - Midi,6 - Samedi,Sur place,CA,,27
8320,0,45.7,41.55,2018-03-31,3 - Après-midi,6 - Samedi,À emporter,CA,,1
8321,0,5.5,4.99,2018-03-31,3 - Après-midi,6 - Samedi,Limonade,CA,,3
8322,0,36.35,32.85,2018-03-31,3 - Après-midi,6 - Samedi,Livraison,CA,KM,1
8323,0,1206.8,1096.18,2018-03-31,3 - Après-midi,6 - Samedi,Livraison,CA,UberEats,1
8325,0,179.0,162.04,2018-03-31,3 - Après-midi,6 - Samedi,Sur place,CA,,2
8326,-11,0.0,0.0,2018-03-31,4 - Soir,6 - Samedi,,CA,,0
8329,0,64.6,58.2,2018-03-31,4 - Soir,6 - Samedi,À emporter,CA,,3
8330,0,122.3,111.19,2018-03-31,4 - Soir,6 - Samedi,À emporter,CA,,5
8331,0,14.0,12.73,2018-03-31,4 - Soir,6 - Samedi,Limonade,CA,,3
8332,0,207.15,188.27,2018-03-31,4 - Soir,6 - Samedi,Livraison,CA,AlloResto,1
8333,0,563.2,511.87,2018-03-31,4 - Soir,6 - Samedi,Livraison,CA,Deliveroo,1
8334,0,255.3,232.02,2018-03-31,4 - Soir,6 - Samedi,Livraison,CA,Foodora,1
8335,0,132.99,119.94,2018-03-31,4 - Soir,6 - Samedi,Livraison,CA,KM,5
8338,0,183.3,166.65,2018-03-31,4 - Soir,6 - Samedi,Sur place,CA,,8
8339,0,457.1,415.42,2018-03-31,4 - Soir,6 - Samedi,Sur place,CA,,18
8341,155,0.0,0.0,2018-04-01,,7 - Dimanche,,CA,,0
8343,0,22.5,20.46,2018-04-01,3 - Après-midi,7 - Dimanche,À emporter,CA,,1
8344,0,3.83,2.61,2018-04-01,3 - Après-midi,7 - Dimanche,Limonade,CA,,2
8345,0,34.2,30.89,2018-04-01,3 - Après-midi,7 - Dimanche,Livraison,CA,KM,1
8346,-8,0.0,0.0,2018-04-01,4 - Soir,7 - Dimanche,,CA,,0
8349,0,13.4,12.18,2018-04-01,4 - Soir,7 - Dimanche,À emporter,CA,KM,1
8350,0,303.4,275.76,2018-04-01,4 - Soir,7 - Dimanche,À emporter,CA,,13
8351,0,20.0,17.76,2018-04-01,4 - Soir,7 - Dimanche,Limonade,CA,,3
8352,0,134.75,122.47,2018-04-01,4 - Soir,7 - Dimanche,Livraison,CA,AlloResto,1
8353,0,593.3,539.02,2018-04-01,4 - Soir,7 - Dimanche,Livraison,CA,Deliveroo,1
8354,0,281.9,255.67,2018-04-01,4 - Soir,7 - Dimanche,Livraison,CA,Foodora,1
8355,0,144.4,130.32,2018-04-01,4 - Soir,7 - Dimanche,Livraison,CA,KM,5
8356,0,568.6,516.8,2018-04-01,4 - Soir,7 - Dimanche,Livraison,CA,UberEats,1
8359,0,12.9,11.73,2018-04-01,4 - Soir,7 - Dimanche,Sur place,CA,,1
8360,0,124.8,113.07,2018-04-01,4 - Soir,7 - Dimanche,Sur place,CA,,5
8362,174,0.0,0.0,2018-04-02,,1 - Lundi,,CA,,0
8363,0,-19.04,-19.04,2018-04-02,1 - Matin,1 - Lundi,Limonade,CA,,1
8364,0,19.5,17.73,2018-04-02,2 - Midi,1 - Lundi,À emporter,CA,,1
8365,0,7.5,6.81,2018-04-02,2 - Midi,1 - Lundi,Limonade,CA,,1
8366,0,179.4,163.04,2018-04-02,2 - Midi,1 - Lundi,Livraison,CA,UberEats,1
8367,0,126.9,115.35,2018-04-02,2 - Midi,1 - Lundi,Sur place,CA,Deliveroo,1
8368,0,63.1,56.82,2018-04-02,2 - Midi,1 - Lundi,Sur place,CA,,1
8369,0,323.19,293.53,2018-04-02,2 - Midi,1 - Lundi,Sur place,CA,,12
8371,0,25.8,23.46,2018-04-02,3 - Après-midi,1 - Lundi,Sur place,CA,,1
8372,0,45.89,41.74,2018-04-02,4 - Soir,1 - Lundi,À emporter,CA,KM,3
8373,0,36.8,33.46,2018-04-02,4 - Soir,1 - Lundi,À emporter,CA,,3
8375,0,17.5,15.91,2018-04-02,4 - Soir,1 - Lundi,Limonade,CA,,1
8376,0,219.9,199.86,2018-04-02,4 - Soir,1 - Lundi,Livraison,CA,AlloResto,1
8377,0,732.1,664.87,2018-04-02,4 - Soir,1 - Lundi,Livraison,CA,Deliveroo,1
8378,0,116.86,105.48,2018-04-02,4 - Soir,1 - Lundi,Livraison,CA,KM,4
8379,0,580.2,527.32,2018-04-02,4 - Soir,1 - Lundi,Livraison,CA,UberEats,1
8381,0,126.1,114.57,2018-04-02,4 - Soir,1 - Lundi,Sur place,CA,,5
8382,188,0.0,0.0,2018-04-03,,2 - Mardi,,CA,,0
8384,0,136.2,123.82,2018-04-03,2 - Midi,2 - Mardi,À emporter,CA,,8
8385,0,3.0,2.73,2018-04-03,2 - Midi,2 - Mardi,Limonade,CA,,1
8386,0,46.9,42.63,2018-04-03,2 - Midi,2 - Mardi,Livraison,CA,Deliveroo,1
8387,0,36.4,33.09,2018-04-03,2 - Midi,2 - Mardi,Livraison,CA,Foodora,1
8388,0,10.05,8.95,2018-04-03,2 - Midi,2 - Mardi,Livraison,CA,KM,1
8389,0,232.3,211.13,2018-04-03,2 - Midi,2 - Mardi,Livraison,CA,UberEats,1
8391,0,552.15,501.97,2018-04-03,2 - Midi,2 - Mardi,Sur place,CA,,27
8393,-19,0.0,0.0,2018-04-03,4 - Soir,2 - Mardi,,CA,,0
8396,0,108.4,98.54,2018-04-03,4 - Soir,2 - Mardi,À emporter,CA,,5
8397,0,10.0,8.34,2018-04-03,4 - Soir,2 - Mardi,Limonade,CA,,2
8398,0,215.3,195.15,2018-04-03,4 - Soir,2 - Mardi,Livraison,CA,AlloResto,1
8399,0,377.8,343.39,2018-04-03,4 - Soir,2 - Mardi,Livraison,CA,Deliveroo,1
8400,0,165.9,150.77,2018-04-03,4 - Soir,2 - Mardi,Livraison,CA,Foodora,1
8401,0,59.51,53.72,2018-04-03,4 - Soir,2 - Mardi,Livraison,CA,KM,2
8402,0,332.1,301.81,2018-04-03,4 - Soir,2 - Mardi,Livraison,CA,UberEats,1
8404,0,259.1,235.57,2018-04-03,4 - Soir,2 - Mardi,Sur place,CA,,12
8406,222,0.0,0.0,2018-04-04,,3 - Mercredi,,CA,,0
8410,0,39.2,35.64,2018-04-04,2 - Midi,3 - Mercredi,À emporter,CA,KM,3
8411,0,222.7,202.19,2018-04-04,2 - Midi,3 - Mercredi,À emporter,CA,,15
8412,0,6.0,5.46,2018-04-04,2 - Midi,3 - Mercredi,Limonade,CA,,2
8413,0,39.95,36.3,2018-04-04,2 - Midi,3 - Mercredi,Livraison,CA,AlloResto,1
8414,0,259.2,235.58,2018-04-04,2 - Midi,3 - Mercredi,Livraison,CA,Deliveroo,1
8415,0,298.9,271.63,2018-04-04,2 - Midi,3 - Mercredi,Livraison,CA,UberEats,1
8416,0,28.8,26.18,2018-04-04,2 - Midi,3 - Mercredi,Sur place,CA,,2
8417,0,516.5,469.55,2018-04-04,2 - Midi,3 - Mercredi,Sur place,CA,,29
8418,0,2.5,2.27,2018-04-04,3 - Après-midi,3 - Mercredi,Limonade,CA,,1
8419,-9,0.0,0.0,2018-04-04,4 - Soir,3 - Mercredi,,CA,,0
8422,0,503.1,457.47,2018-04-04,4 - Soir,3 - Mercredi,À emporter,CA,,38
8423,0,194.1,176.43,2018-04-04,4 - Soir,3 - Mercredi,Livraison,CA,AlloResto,1
8424,0,247.1,224.58,2018-04-04,4 - Soir,3 - Mercredi,Livraison,CA,Deliveroo,1
8425,0,47.8,43.45,2018-04-04,4 - Soir,3 - Mercredi,Livraison,CA,Foodora,1
8426,0,150.96,136.49,2018-04-04,4 - Soir,3 - Mercredi,Livraison,CA,KM,4
8427,0,324.3,294.73,2018-04-04,4 - Soir,3 - Mercredi,Livraison,CA,UberEats,1
8430,0,263.7,239.63,2018-04-04,4 - Soir,3 - Mercredi,Sur place,CA,,15
8433,237,0.0,0.0,2018-04-05,,4 - Jeudi,,CA,,0
8435,0,275.6,250.48,2018-04-05,2 - Midi,4 - Jeudi,À emporter,CA,,19
8436,0,5.5,5.0,2018-04-05,2 - Midi,4 - Jeudi,Limonade,CA,,2
8438,0,36.3,33.0,2018-04-05,2 - Midi,4 - Jeudi,Livraison,CA,AlloResto,1
8439,0,122.8,111.62,2018-04-05,2 - Midi,4 - Jeudi,Livraison,CA,Deliveroo,1
8440,0,98.0,89.07,2018-04-05,2 - Midi,4 - Jeudi,Livraison,CA,Foodora,1
8441,0,239.98,217.78,2018-04-05,2 - Midi,4 - Jeudi,Livraison,CA,KM,2
8442,0,52.2,47.44,2018-04-05,2 - Midi,4 - Jeudi,Livraison,CA,UberEats,1
8444,0,33.8,30.65,2018-04-05,2 - Midi,4 - Jeudi,Sur place,CA,,2
8445,0,473.5,429.74,2018-04-05,2 - Midi,4 - Jeudi,Sur place,CA,,26
8446,0,49.1,44.37,2018-04-05,3 - Après-midi,4 - Jeudi,Sur place,CA,,1
8447,-10,0.0,0.0,2018-04-05,4 - Soir,4 - Jeudi,,CA,,0
8450,0,31.8,28.9,2018-04-05,4 - Soir,4 - Jeudi,À emporter,CA,KM,1
8451,0,237.7,215.81,2018-04-05,4 - Soir,4 - Jeudi,À emporter,CA,,12
8452,0,233.95,212.63,2018-04-05,4 - Soir,4 - Jeudi,Livraison,CA,AlloResto,1
8453,0,471.6,428.53,2018-04-05,4 - Soir,4 - Jeudi,Livraison,CA,Deliveroo,1
8454,0,227.7,206.95,2018-04-05,4 - Soir,4 - Jeudi,Livraison,CA,Foodora,1
8455,0,211.55,190.78,2018-04-05,4 - Soir,4 - Jeudi,Livraison,CA,KM,8
8456,0,343.7,312.39,2018-04-05,4 - Soir,4 - Jeudi,Livraison,CA,UberEats,1
8458,0,278.35,252.63,2018-04-05,4 - Soir,4 - Jeudi,Sur place,CA,,13
8460,332,0.0,0.0,2018-04-06,,5 - Vendredi,,CA,,0
8463,0,322.9,293.54,2018-04-06,2 - Midi,5 - Vendredi,À emporter,CA,,22
8464,0,21.0,18.29,2018-04-06,2 - Midi,5 - Vendredi,Limonade,CA,,4
8465,0,34.8,31.63,2018-04-06,2 - Midi,5 - Vendredi,Livraison,CA,AlloResto,1
8466,0,99.4,90.34,2018-04-06,2 - Midi,5 - Vendredi,Livraison,CA,Deliveroo,2
8467,0,57.45,51.84,2018-04-06,2 - Midi,5 - Vendredi,Livraison,CA,KM,2
8468,0,219.9,199.85,2018-04-06,2 - Midi,5 - Vendredi,Livraison,CA,UberEats,1
8470,0,1097.2,996.42,2018-04-06,2 - Midi,5 - Vendredi,Sur place,CA,,58
8471,0,12.9,11.73,2018-04-06,3 - Après-midi,5 - Vendredi,À emporter,CA,,1
8472,0,7.0,5.83,2018-04-06,3 - Après-midi,5 - Vendredi,Limonade,CA,,1
8473,0,52.92,47.91,2018-04-06,3 - Après-midi,5 - Vendredi,Livraison,CA,KM,1
8475,-11,0.0,0.0,2018-04-06,4 - Soir,5 - Vendredi,,CA,,0
8478,0,348.7,315.3,2018-04-06,4 - Soir,5 - Vendredi,À emporter,CA,,17
8479,0,22.5,20.19,2018-04-06,4 - Soir,5 - Vendredi,Limonade,CA,,6
8481,0,271.2,246.48,2018-04-06,4 - Soir,5 - Vendredi,Livraison,CA,AlloResto,1
8482,0,609.9,554.1,2018-04-06,4 - Soir,5 - Vendredi,Livraison,CA,Deliveroo,1
8483,0,443.3,402.63,2018-04-06,4 - Soir,5 - Vendredi,Livraison,CA,Foodora,1
8484,0,451.34,407.59,2018-04-06,4 - Soir,5 - Vendredi,Livraison,CA,KM,14
8485,0,359.3,326.55,2018-04-06,4 - Soir,5 - Vendredi,Livraison,CA,UberEats,1
8487,0,348.8,316.4,2018-04-06,4 - Soir,5 - Vendredi,Sur place,CA,,15
8489,331,0.0,0.0,2018-04-07,,6 - Samedi,,CA,,0
8491,0,273.4,248.26,2018-04-07,2 - Midi,6 - Samedi,À emporter,CA,,14
8492,0,15.0,13.64,2018-04-07,2 - Midi,6 - Samedi,Limonade,CA,,4
8493,0,188.5,171.32,2018-04-07,2 - Midi,6 - Samedi,Livraison,CA,Deliveroo,1
8494,0,104.5,94.98,2018-04-07,2 - Midi,6 - Samedi,Livraison,CA,Foodora,1
8495,0,33.3,30.07,2018-04-07,2 - Midi,6 - Samedi,Livraison,CA,KM,1
8496,0,229.7,208.76,2018-04-07,2 - Midi,6 - Samedi,Livraison,CA,UberEats,1
8497,0,799.7,726.35,2018-04-07,2 - Midi,6 - Samedi,Sur place,CA,,33
8498,0,55.7,50.65,2018-04-07,3 - Après-midi,6 - Samedi,À emporter,CA,,3
8499,0,5.0,4.55,2018-04-07,3 - Après-midi,6 - Samedi,Limonade,CA,,1
8500,0,628.7,571.07,2018-04-07,3 - Après-midi,6 - Samedi,Livraison,CA,Deliveroo,1
8501,0,64.2,57.97,2018-04-07,3 - Après-midi,6 - Samedi,Livraison,CA,KM,2
8502,0,1000.1,908.98,2018-04-07,3 - Après-midi,6 - Samedi,Livraison,CA,UberEats,1
8503,0,110.3,99.87,2018-04-07,3 - Après-midi,6 - Samedi,Sur place,CA,,4
8504,-12,0.0,0.0,2018-04-07,4 - Soir,6 - Samedi,,CA,,0
8507,0,28.8,26.18,2018-04-07,4 - Soir,6 - Samedi,À emporter,CA,KM,1
8508,0,216.0,196.28,2018-04-07,4 - Soir,6 - Samedi,À emporter,CA,,11
8511,0,6.0,5.45,2018-04-07,4 - Soir,6 - Samedi,Limonade,CA,,2
8513,0,267.75,243.35,2018-04-07,4 - Soir,6 - Samedi,Livraison,CA,AlloResto,1
8514,0,300.5,273.1,2018-04-07,4 - Soir,6 - Samedi,Livraison,CA,Foodora,1
8515,0,192.22,173.78,2018-04-07,4 - Soir,6 - Samedi,Livraison,CA,KM,5
8519,0,310.9,281.2,2018-04-07,4 - Soir,6 - Samedi,Sur place,CA,,15
8521,182,0.0,0.0,2018-04-08,,7 - Dimanche,,CA,,0
8522,0,26.3,23.91,2018-04-08,3 - Après-midi,7 - Dimanche,À emporter,CA,KM,1
8523,0,1.5,1.36,2018-04-08,3 - Après-midi,7 - Dimanche,Limonade,CA,,1
8524,0,116.27,104.91,2018-04-08,3 - Après-midi,7 - Dimanche,Livraison,CA,KM,4
8526,0,66.5,60.44,2018-04-08,4 - Soir,7 - Dimanche,À emporter,CA,KM,2
8527,0,162.0,146.93,2018-04-08,4 - Soir,7 - Dimanche,À emporter,CA,,7
8529,0,841.3,764.34,2018-04-08,4 - Soir,7 - Dimanche,Livraison,CA,Deliveroo,1
8530,0,583.5,529.53,2018-04-08,4 - Soir,7 - Dimanche,Livraison,CA,Foodora,1
8531,0,221.14,199.65,2018-04-08,4 - Soir,7 - Dimanche,Livraison,CA,KM,7
8532,0,486.9,442.53,2018-04-08,4 - Soir,7 - Dimanche,Livraison,CA,UberEats,1
8534,0,304.0,276.08,2018-04-08,4 - Soir,7 - Dimanche,Sur place,CA,,13
8535,181,0.0,0.0,2018-04-09,,1 - Lundi,,CA,,0
8538,0,39.2,35.64,2018-04-09,2 - Midi,1 - Lundi,À emporter,CA,KM,3
8539,0,37.3,33.91,2018-04-09,2 - Midi,1 - Lundi,À emporter,CA,,2
8540,0,320.22,291.09,2018-04-09,2 - Midi,1 - Lundi,À emporter,CA,,19
8542,0,3.0,2.73,2018-04-09,2 - Midi,1 - Lundi,Limonade,CA,,1
8543,0,12.0,10.92,2018-04-09,2 - Midi,1 - Lundi,Limonade,CA,,3
8544,0,296.8,269.5,2018-04-09,2 - Midi,1 - Lundi,Livraison,CA,Deliveroo,1
8545,0,37.9,34.44,2018-04-09,2 - Midi,1 - Lundi,Livraison,CA,Foodora,1
8546,0,143.5,130.42,2018-04-09,2 - Midi,1 - Lundi,Livraison,CA,UberEats,1
8547,0,548.1,497.95,2018-04-09,2 - Midi,1 - Lundi,Sur place,CA,,25
8548,0,31.8,28.9,2018-04-09,3 - Après-midi,1 - Lundi,Sur place,CA,,1
8549,0,157.4,143.1,2018-04-09,4 - Soir,1 - Lundi,À emporter,CA,,6
8550,0,5.5,5.0,2018-04-09,4 - Soir,1 - Lundi,Limonade,CA,,1
8551,0,100.65,91.47,2018-04-09,4 - Soir,1 - Lundi,Livraison,CA,AlloResto,1
8552,0,206.2,187.45,2018-04-09,4 - Soir,1 - Lundi,Livraison,CA,Foodora,1
8553,0,124.2,112.13,2018-04-09,4 - Soir,1 - Lundi,Livraison,CA,KM,4
8554,0,424.6,385.96,2018-04-09,4 - Soir,1 - Lundi,Livraison,CA,UberEats,1
8555,0,162.1,147.23,2018-04-09,4 - Soir,1 - Lundi,Sur place,CA,,8
8556,229,0.0,0.0,2018-04-10,,2 - Mardi,,CA,,0
8558,0,14.71,13.37,2018-04-10,2 - Midi,2 - Mardi,À emporter,CA,KM,1
8559,0,413.1,375.47,2018-04-10,2 - Midi,2 - Mardi,À emporter,CA,,26
8561,0,22.5,20.46,2018-04-10,2 - Midi,2 - Mardi,Limonade,CA,,3
8562,0,79.5,72.26,2018-04-10,2 - Midi,2 - Mardi,Livraison,CA,Deliveroo,1
8563,0,67.5,61.36,2018-04-10,2 - Midi,2 - Mardi,Livraison,CA,Foodora,1
8564,0,35.2,31.81,2018-04-10,2 - Midi,2 - Mardi,Livraison,CA,KM,1
8565,0,140.9,128.06,2018-04-10,2 - Midi,2 - Mardi,Livraison,CA,UberEats,1
8566,0,606.5,551.16,2018-04-10,2 - Midi,2 - Mardi,Sur place,CA,,34
8567,0,75.6,68.63,2018-04-10,3 - Après-midi,2 - Mardi,Sur place,CA,,3
8568,-17,0.0,0.0,2018-04-10,4 - Soir,2 - Mardi,,CA,,0
8571,0,11.91,10.82,2018-04-10,4 - Soir,2 - Mardi,À emporter,CA,KM,1
8572,0,296.4,268.87,2018-04-10,4 - Soir,2 - Mardi,À emporter,CA,,15
8574,0,-4.01,-4.01,2018-04-10,4 - Soir,2 - Mardi,Limonade,CA,,1
8575,0,119.4,108.52,2018-04-10,4 - Soir,2 - Mardi,Livraison,CA,AlloResto,1
8576,0,457.2,415.2,2018-04-10,4 - Soir,2 - Mardi,Livraison,CA,Deliveroo,1
8577,0,63.8,57.99,2018-04-10,4 - Soir,2 - Mardi,Livraison,CA,Foodora,1
8578,0,186.82,168.87,2018-04-10,4 - Soir,2 - Mardi,Livraison,CA,KM,5
8579,0,332.6,302.29,2018-04-10,4 - Soir,2 - Mardi,Livraison,CA,UberEats,1
8582,0,216.91,196.81,2018-04-10,4 - Soir,2 - Mardi,Sur place,CA,,13
8585,239,0.0,0.0,2018-04-11,,3 - Mercredi,,CA,,0
8587,0,-0.74,-0.74,2018-04-11,1 - Matin,3 - Mercredi,Limonade,CA,,1
8589,0,196.2,178.37,2018-04-11,2 - Midi,3 - Mercredi,À emporter,CA,,8
8590,0,135.4,123.07,2018-04-11,2 - Midi,3 - Mercredi,Limonade,CA,Deliveroo,1
8591,0,264.6,240.5,2018-04-11,2 - Midi,3 - Mercredi,Limonade,CA,Foodora,1
8594,0,16.85,15.31,2018-04-11,2 - Midi,3 - Mercredi,Livraison,CA,AlloResto,1
8595,0,96.3,87.52,2018-04-11,2 - Midi,3 - Mercredi,Livraison,CA,UberEats,1
8596,0,1088.62,988.52,2018-04-11,2 - Midi,3 - Mercredi,Sur place,CA,,53
8598,0,34.7,31.34,2018-04-11,3 - Après-midi,3 - Mercredi,Livraison,CA,KM,1
8599,-10,0.0,0.0,2018-04-11,4 - Soir,3 - Mercredi,,CA,,0
8602,0,29.8,27.09,2018-04-11,4 - Soir,3 - Mercredi,À emporter,CA,KM,1
8603,0,17.9,16.2,2018-04-11,4 - Soir,3 - Mercredi,À emporter,CA,,1
8604,0,102.05,92.78,2018-04-11,4 - Soir,3 - Mercredi,Livraison,CA,AlloResto,1
8605,0,186.6,169.59,2018-04-11,4 - Soir,3 - Mercredi,Livraison,CA,Deliveroo,1
8606,0,353.9,321.64,2018-04-11,4 - Soir,3 - Mercredi,Livraison,CA,Foodora,1
8607,0,222.75,200.61,2018-04-11,4 - Soir,3 - Mercredi,Livraison,CA,KM,8
8608,0,540.9,491.6,2018-04-11,4 - Soir,3 - Mercredi,Livraison,CA,UberEats,1
8610,0,48.8,44.36,2018-04-11,4 - Soir,3 - Mercredi,Sur place,CA,,2
8611,0,53.8,48.49,2018-04-11,4 - Soir,3 - Mercredi,Sur place,CA,,3
8613,226,0.0,0.0,2018-04-12,,4 - Jeudi,,CA,,0
8618,0,25.8,23.46,2018-04-12,2 - Midi,4 - Jeudi,À emporter,CA,,2
8619,0,44.2,40.19,2018-04-12,2 - Midi,4 - Jeudi,À emporter,CA,,4
8620,0,110.9,100.79,2018-04-12,2 - Midi,4 - Jeudi,Livraison,CA,Deliveroo,1
8621,0,56.2,51.08,2018-04-12,2 - Midi,4 - Jeudi,Livraison,CA,Foodora,1
8622,0,23.4,21.08,2018-04-12,2 - Midi,4 - Jeudi,Livraison,CA,KM,1
8623,0,143.1,130.05,2018-04-12,2 - Midi,4 - Jeudi,Livraison,CA,UberEats,1
8624,0,29.3,26.63,2018-04-12,2 - Midi,4 - Jeudi,Sur place,CA,AlloResto,1
8625,0,36.8,33.46,2018-04-12,2 - Midi,4 - Jeudi,Sur place,CA,,3
8626,0,203.3,184.8,2018-04-12,2 - Midi,4 - Jeudi,Sur place,CA,,11
8627,0,216.3,196.64,2018-04-12,2 - Midi,4 - Jeudi,Sur place,CA,,15
8628,0,436.9,397.13,2018-04-12,2 - Midi,4 - Jeudi,Sur place,CA,,23
8631,0,8.77,7.97,2018-04-12,3 - Après-midi,4 - Jeudi,À emporter,CA,KM,1
8633,0,57.46,51.86,2018-04-12,3 - Après-midi,4 - Jeudi,Livraison,CA,KM,2
8635,-10,0.0,0.0,2018-04-12,4 - Soir,4 - Jeudi,,CA,,0
8638,0,89.9,81.73,2018-04-12,4 - Soir,4 - Jeudi,À emporter,CA,,5
8640,0,8.0,7.27,2018-04-12,4 - Soir,4 - Jeudi,Limonade,CA,,2
8641,0,158.95,143.45,2018-04-12,4 - Soir,4 - Jeudi,Livraison,CA,AlloResto,1
8642,0,362.5,329.38,2018-04-12,4 - Soir,4 - Jeudi,Livraison,CA,Deliveroo,1
8643,0,201.2,182.85,2018-04-12,4 - Soir,4 - Jeudi,Livraison,CA,Foodora,1
8644,0,113.77,102.65,2018-04-12,4 - Soir,4 - Jeudi,Livraison,CA,KM,4
8645,0,511.0,464.41,2018-04-12,4 - Soir,4 - Jeudi,Livraison,CA,UberEats,1
8650,0,354.6,321.33,2018-04-12,4 - Soir,4 - Jeudi,Sur place,CA,,19
8654,340,0.0,0.0,2018-04-13,,5 - Vendredi,,CA,,0
8657,0,336.1,305.37,2018-04-13,2 - Midi,5 - Vendredi,À emporter,CA,,22
8659,0,14.0,12.72,2018-04-13,2 - Midi,5 - Vendredi,Limonade,CA,,4
8661,0,560.3,509.2,2018-04-13,2 - Midi,5 - Vendredi,Livraison,CA,AlloResto,2
8662,0,30.4,27.63,2018-04-13,2 - Midi,5 - Vendredi,Livraison,CA,Deliveroo,1
8663,0,64.6,58.71,2018-04-13,2 - Midi,5 - Vendredi,Livraison,CA,Foodora,1
8664,0,32.59,29.44,2018-04-13,2 - Midi,5 - Vendredi,Livraison,CA,KM,1
8665,0,154.8,140.68,2018-04-13,2 - Midi,5 - Vendredi,Livraison,CA,UberEats,1
8668,0,976.91,887.41,2018-04-13,2 - Midi,5 - Vendredi,Sur place,CA,,58
8670,0,25.85,23.31,2018-04-13,3 - Après-midi,5 - Vendredi,Livraison,CA,KM,1
8672,0,202.4,184.02,2018-04-13,4 - Soir,5 - Vendredi,À emporter,CA,,8
8673,0,8.0,7.27,2018-04-13,4 - Soir,5 - Vendredi,Limonade,CA,,1
8674,0,360.05,327.23,2018-04-13,4 - Soir,5 - Vendredi,Livraison,CA,AlloResto,1
8675,0,423.6,385.01,2018-04-13,4 - Soir,5 - Vendredi,Livraison,CA,Deliveroo,1
8676,0,337.5,306.48,2018-04-13,4 - Soir,5 - Vendredi,Livraison,CA,Foodora,1
8677,0,283.17,255.67,2018-04-13,4 - Soir,5 - Vendredi,Livraison,CA,KM,9
8678,0,611.3,555.63,2018-04-13,4 - Soir,5 - Vendredi,Livraison,CA,UberEats,1
8680,0,18.9,17.18,2018-04-13,4 - Soir,5 - Vendredi,Sur place,CA,KM,1
8681,0,522.5,474.69,2018-04-13,4 - Soir,5 - Vendredi,Sur place,CA,,24
8682,227,0.0,0.0,2018-04-14,,6 - Samedi,,CA,,0
8684,-2,0.0,0.0,2018-04-14,2 - Midi,6 - Samedi,,CA,,0
8687,0,83.4,75.82,2018-04-14,2 - Midi,6 - Samedi,À emporter,CA,,6
8688,0,-2.6,-2.6,2018-04-14,2 - Midi,6 - Samedi,Limonade,CA,,1
8690,0,49.6,45.08,2018-04-14,2 - Midi,6 - Samedi,Livraison,CA,AlloResto,1
8691,0,37.7,34.26,2018-04-14,2 - Midi,6 - Samedi,Livraison,CA,Deliveroo,1
8692,0,110.5,100.42,2018-04-14,2 - Midi,6 - Samedi,Livraison,CA,Foodora,1
8693,0,217.7,197.85,2018-04-14,2 - Midi,6 - Samedi,Livraison,CA,UberEats,1
8694,0,534.89,485.84,2018-04-14,2 - Midi,6 - Samedi,Sur place,CA,,25
8697,0,9.9,9.0,2018-04-14,3 - Après-midi,6 - Samedi,À emporter,CA,,1
8698,0,20.0,17.39,2018-04-14,3 - Après-midi,6 - Samedi,Limonade,CA,,4
8699,0,22.7,20.44,2018-04-14,3 - Après-midi,6 - Samedi,Livraison,CA,KM,1
8700,0,106.7,97.0,2018-04-14,3 - Après-midi,6 - Samedi,Sur place,CA,,6
8701,0,195.9,178.07,2018-04-14,4 - Soir,6 - Samedi,À emporter,CA,,9
8703,0,51.0,45.82,2018-04-14,4 - Soir,6 - Samedi,Limonade,CA,,5
8705,0,106.45,96.75,2018-04-14,4 - Soir,6 - Samedi,Livraison,CA,AlloResto,1
8706,0,376.6,342.24,2018-04-14,4 - Soir,6 - Samedi,Livraison,CA,Deliveroo,1
8707,0,327.7,297.84,2018-04-14,4 - Soir,6 - Samedi,Livraison,CA,Foodora,1
8708,0,110.65,100.22,2018-04-14,4 - Soir,6 - Samedi,Livraison,CA,KM,2
8709,0,582.2,528.74,2018-04-14,4 - Soir,6 - Samedi,Livraison,CA,UberEats,1
8711,0,538.6,489.04,2018-04-14,4 - Soir,6 - Samedi,Sur place,CA,,20
8712,167,0.0,0.0,2018-04-15,,7 - Dimanche,,CA,,0
8714,-12,0.0,0.0,2018-04-15,3 - Après-midi,7 - Dimanche,,CA,,0
8717,0,12.9,11.73,2018-04-15,3 - Après-midi,7 - Dimanche,À emporter,CA,,1
8718,0,66.31,59.9,2018-04-15,3 - Après-midi,7 - Dimanche,Livraison,CA,KM,2
8720,0,12.9,11.73,2018-04-15,3 - Après-midi,7 - Dimanche,Sur place,CA,,1
8722,-7,0.0,0.0,2018-04-15,4 - Soir,7 - Dimanche,,CA,,0
8725,0,12.9,11.73,2018-04-15,4 - Soir,7 - Dimanche,À emporter,CA,KM,1
8726,0,39.8,36.18,2018-04-15,4 - Soir,7 - Dimanche,À emporter,CA,,2
8727,0,192.4,174.87,2018-04-15,4 - Soir,7 - Dimanche,Livraison,CA,AlloResto,1
8728,0,375.8,341.55,2018-04-15,4 - Soir,7 - Dimanche,Livraison,CA,Deliveroo,1
8729,0,460.6,416.77,2018-04-15,4 - Soir,7 - Dimanche,Livraison,CA,Foodora,1
8730,0,220.49,199.08,2018-04-15,4 - Soir,7 - Dimanche,Livraison,CA,KM,7
8731,0,650.9,591.58,2018-04-15,4 - Soir,7 - Dimanche,Livraison,CA,UberEats,1
8733,0,231.3,210.3,2018-04-15,4 - Soir,7 - Dimanche,Sur place,CA,,10
8735,118,0.0,0.0,2018-04-16,,1 - Lundi,,CA,,0
8738,0,103.5,94.0,2018-04-16,2 - Midi,1 - Lundi,À emporter,CA,,6
8739,0,4.5,4.09,2018-04-16,2 - Midi,1 - Lundi,Limonade,CA,,1
8740,0,43.6,39.64,2018-04-16,2 - Midi,1 - Lundi,Livraison,CA,AlloResto,1
8741,0,192.8,175.24,2018-04-16,2 - Midi,1 - Lundi,Livraison,CA,Deliveroo,1
8742,0,48.8,44.18,2018-04-16,2 - Midi,1 - Lundi,Livraison,CA,KM,1
8743,0,288.3,262.02,2018-04-16,2 - Midi,1 - Lundi,Livraison,CA,UberEats,1
8745,0,473.9,429.68,2018-04-16,2 - Midi,1 - Lundi,Sur place,CA,,27
8746,0,26.5,24.08,2018-04-16,3 - Après-midi,1 - Lundi,À emporter,CA,,1
8747,0,13.9,12.56,2018-04-16,3 - Après-midi,1 - Lundi,Sur place,CA,,1
8748,-8,0.0,0.0,2018-04-16,4 - Soir,1 - Lundi,,CA,,0
8751,0,135.9,123.52,2018-04-16,4 - Soir,1 - Lundi,À emporter,CA,,5
8752,0,127.4,115.41,2018-04-16,4 - Soir,1 - Lundi,Livraison,CA,Foodora,1
8753,0,92.94,83.92,2018-04-16,4 - Soir,1 - Lundi,Livraison,CA,KM,3
8755,0,97.5,88.48,2018-04-16,4 - Soir,1 - Lundi,Sur place,CA,,4
8757,193,0.0,0.0,2018-04-17,,2 - Mardi,,CA,,0
8758,0,133.0,120.89,2018-04-17,2 - Midi,2 - Mardi,À emporter,CA,,7
8759,0,18.0,16.1,2018-04-17,2 - Midi,2 - Mardi,Limonade,CA,,6
8760,0,47.8,43.45,2018-04-17,2 - Midi,2 - Mardi,Livraison,CA,Foodora,1
8761,0,74.5,67.34,2018-04-17,2 - Midi,2 - Mardi,Livraison,CA,KM,2
8762,0,130.2,118.32,2018-04-17,2 - Midi,2 - Mardi,Livraison,CA,UberEats,1
8763,0,643.3,583.98,2018-04-17,2 - Midi,2 - Mardi,Sur place,CA,,36
8764,0,25.5,21.26,2018-04-17,3 - Après-midi,2 - Mardi,Limonade,CA,,3
8765,0,34.0,30.9,2018-04-17,4 - Soir,2 - Mardi,À emporter,CA,KM,1
8766,0,116.0,105.46,2018-04-17,4 - Soir,2 - Mardi,À emporter,CA,,6
8768,0,1.5,1.36,2018-04-17,4 - Soir,2 - Mardi,Limonade,CA,,1
8769,0,143.35,129.91,2018-04-17,4 - Soir,2 - Mardi,Livraison,CA,AlloResto,1
8770,0,437.0,396.14,2018-04-17,4 - Soir,2 - Mardi,Livraison,CA,Deliveroo,1
8771,0,239.5,217.67,2018-04-17,4 - Soir,2 - Mardi,Livraison,CA,Foodora,1
8772,0,167.13,151.15,2018-04-17,4 - Soir,2 - Mardi,Livraison,CA,KM,4
8773,0,438.0,398.09,2018-04-17,4 - Soir,2 - Mardi,Livraison,CA,UberEats,1
8775,0,282.6,256.86,2018-04-17,4 - Soir,2 - Mardi,Sur place,CA,,15
8776,162,0.0,0.0,2018-04-18,,3 - Mercredi,,CA,,0
8779,0,12.9,11.73,2018-04-18,2 - Midi,3 - Mercredi,À emporter,CA,KM,1
8780,0,230.7,209.43,2018-04-18,2 - Midi,3 - Mercredi,À emporter,CA,,15
8781,0,48.65,44.21,2018-04-18,2 - Midi,3 - Mercredi,Livraison,CA,AlloResto,1
8782,0,23.9,21.72,2018-04-18,2 - Midi,3 - Mercredi,Livraison,CA,Deliveroo,1
8783,0,21.4,19.45,2018-04-18,2 - Midi,3 - Mercredi,Livraison,CA,Foodora,1
8784,0,108.9,98.96,2018-04-18,2 - Midi,3 - Mercredi,Livraison,CA,UberEats,1
8785,0,504.02,458.16,2018-04-18,2 - Midi,3 - Mercredi,Sur place,CA,,33
8788,0,28.3,25.54,2018-04-18,3 - Après-midi,3 - Mercredi,Livraison,CA,KM,1
8789,-10,0.0,0.0,2018-04-18,4 - Soir,3 - Mercredi,,CA,,0
8792,0,142.4,129.46,2018-04-18,4 - Soir,3 - Mercredi,À emporter,CA,,7
8794,0,15.0,13.63,2018-04-18,4 - Soir,3 - Mercredi,Limonade,CA,,3
8796,0,85.65,77.84,2018-04-18,4 - Soir,3 - Mercredi,Livraison,CA,AlloResto,1
8797,0,211.5,192.21,2018-04-18,4 - Soir,3 - Mercredi,Livraison,CA,Deliveroo,2
8798,0,114.1,103.71,2018-04-18,4 - Soir,3 - Mercredi,Livraison,CA,Foodora,1
8799,0,62.6,56.53,2018-04-18,4 - Soir,3 - Mercredi,Livraison,CA,KM,2
8800,0,328.3,298.39,2018-04-18,4 - Soir,3 - Mercredi,Livraison,CA,UberEats,1
8803,0,310.9,281.85,2018-04-18,4 - Soir,3 - Mercredi,Sur place,CA,,13
8804,176,0.0,0.0,2018-04-19,,4 - Jeudi,,CA,,0
8806,0,148.0,134.56,2018-04-19,2 - Midi,4 - Jeudi,À emporter,CA,,11
8807,0,-34.0,-34.72,2018-04-19,2 - Midi,4 - Jeudi,Limonade,CA,,3
8809,0,53.2,48.35,2018-04-19,2 - Midi,4 - Jeudi,Livraison,CA,Deliveroo,1
8810,0,83.9,76.25,2018-04-19,2 - Midi,4 - Jeudi,Livraison,CA,Foodora,1
8811,0,75.5,68.62,2018-04-19,2 - Midi,4 - Jeudi,Livraison,CA,UberEats,1
8812,0,726.8,660.52,2018-04-19,2 - Midi,4 - Jeudi,Sur place,CA,,43
8813,-9,0.0,0.0,2018-04-19,4 - Soir,4 - Jeudi,,CA,,0
8816,0,205.9,187.01,2018-04-19,4 - Soir,4 - Jeudi,À emporter,CA,,10
8818,0,16.5,13.75,2018-04-19,4 - Soir,4 - Jeudi,Limonade,CA,,2
8819,0,99.15,90.12,2018-04-19,4 - Soir,4 - Jeudi,Livraison,CA,AlloResto,1
8820,0,185.5,168.6,2018-04-19,4 - Soir,4 - Jeudi,Livraison,CA,Deliveroo,1
8821,0,85.4,77.61,2018-04-19,4 - Soir,4 - Jeudi,Livraison,CA,Foodora,1
8822,0,156.95,141.69,2018-04-19,4 - Soir,4 - Jeudi,Livraison,CA,KM,5
8823,0,273.4,248.49,2018-04-19,4 - Soir,4 - Jeudi,Livraison,CA,UberEats,1
8826,0,313.1,284.17,2018-04-19,4 - Soir,4 - Jeudi,Sur place,CA,,13
8827,229,0.0,0.0,2018-04-20,,5 - Vendredi,,CA,,0
8831,0,25.5,23.17,2018-04-20,1 - Matin,5 - Vendredi,Sur place,CA,,1
8834,0,25.8,23.46,2018-04-20,2 - Midi,5 - Vendredi,À emporter,CA,KM,2
8835,0,337.2,306.48,2018-04-20,2 - Midi,5 - Vendredi,À emporter,CA,,21
8837,0,5.5,5.0,2018-04-20,2 - Midi,5 - Vendredi,Limonade,CA,,2
8838,0,65.7,59.71,2018-04-20,2 - Midi,5 - Vendredi,Livraison,CA,Deliveroo,1
8839,0,83.6,75.99,2018-04-20,2 - Midi,5 - Vendredi,Livraison,CA,UberEats,1
8840,0,34.3,31.17,2018-04-20,2 - Midi,5 - Vendredi,Sur place,CA,,1
8841,0,828.82,752.53,2018-04-20,2 - Midi,5 - Vendredi,Sur place,CA,,50
8844,0,34.5,31.17,2018-04-20,3 - Après-midi,5 - Vendredi,Livraison,CA,KM,1
8845,-13,0.0,0.0,2018-04-20,4 - Soir,5 - Vendredi,,CA,,0
8848,0,98.6,88.98,2018-04-20,4 - Soir,5 - Vendredi,À emporter,CA,,5
8849,0,-1.5,-1.5,2018-04-20,4 - Soir,5 - Vendredi,Limonade,CA,,1
8851,0,257.9,234.44,2018-04-20,4 - Soir,5 - Vendredi,Livraison,CA,AlloResto,1
8852,0,389.5,353.1,2018-04-20,4 - Soir,5 - Vendredi,Livraison,CA,Deliveroo,1
8853,0,184.9,168.05,2018-04-20,4 - Soir,5 - Vendredi,Livraison,CA,Foodora,1
8854,0,163.1,147.32,2018-04-20,4 - Soir,5 - Vendredi,Livraison,CA,KM,5
8855,0,386.0,350.85,2018-04-20,4 - Soir,5 - Vendredi,Livraison,CA,UberEats,1
8857,0,258.1,234.55,2018-04-20,4 - Soir,5 - Vendredi,Sur place,CA,,12
8859,215,0.0,0.0,2018-04-21,,6 - Samedi,,CA,,0
8861,0,57.6,52.36,2018-04-21,2 - Midi,6 - Samedi,À emporter,CA,,3
8862,0,36.5,33.17,2018-04-21,2 - Midi,6 - Samedi,Limonade,CA,,9
8863,0,96.4,87.61,2018-04-21,2 - Midi,6 - Samedi,Livraison,CA,AlloResto,1
8864,0,213.3,193.5,2018-04-21,2 - Midi,6 - Samedi,Livraison,CA,Deliveroo,1
8865,0,78.1,70.98,2018-04-21,2 - Midi,6 - Samedi,Livraison,CA,Foodora,1
8866,0,23.0,20.46,2018-04-21,2 - Midi,6 - Samedi,Livraison,CA,KM,1
8867,0,145.0,131.78,2018-04-21,2 - Midi,6 - Samedi,Livraison,CA,UberEats,1
8868,0,633.7,575.85,2018-04-21,2 - Midi,6 - Samedi,Sur place,CA,,31
8870,0,16.9,15.28,2018-04-21,3 - Après-midi,6 - Samedi,Sur place,CA,,1
8871,-11,0.0,0.0,2018-04-21,4 - Soir,6 - Samedi,,CA,,0
8874,0,15.9,14.45,2018-04-21,4 - Soir,6 - Samedi,À emporter,CA,KM,1
8875,0,93.9,85.35,2018-04-21,4 - Soir,6 - Samedi,À emporter,CA,,6
8876,0,250.25,227.43,2018-04-21,4 - Soir,6 - Samedi,Livraison,CA,AlloResto,1
8877,0,308.4,279.91,2018-04-21,4 - Soir,6 - Samedi,Livraison,CA,Deliveroo,1
8878,0,294.0,267.2,2018-04-21,4 - Soir,6 - Samedi,Livraison,CA,Foodora,1
8879,0,141.33,127.9,2018-04-21,4 - Soir,6 - Samedi,Livraison,CA,KM,3
8880,0,310.4,282.12,2018-04-21,4 - Soir,6 - Samedi,Livraison,CA,UberEats,1
8882,0,386.0,350.42,2018-04-21,4 - Soir,6 - Samedi,Sur place,CA,,15
8884,176,0.0,0.0,2018-04-22,,7 - Dimanche,,CA,,0
8886,0,1.5,1.36,2018-04-22,3 - Après-midi,7 - Dimanche,Limonade,CA,,1
8887,0,34.02,30.73,2018-04-22,3 - Après-midi,7 - Dimanche,Livraison,CA,KM,1
8889,-8,0.0,0.0,2018-04-22,4 - Soir,7 - Dimanche,,CA,,0
8892,0,18.99,17.26,2018-04-22,4 - Soir,7 - Dimanche,À emporter,CA,KM,1
8893,0,51.2,46.48,2018-04-22,4 - Soir,7 - Dimanche,À emporter,CA,,4
8895,0,273.4,247.69,2018-04-22,4 - Soir,7 - Dimanche,Livraison,CA,AlloResto,1
8896,0,836.7,759.82,2018-04-22,4 - Soir,7 - Dimanche,Livraison,CA,Deliveroo,1
8897,0,364.9,331.63,2018-04-22,4 - Soir,7 - Dimanche,Livraison,CA,Foodora,1
8898,0,149.5,134.97,2018-04-22,4 - Soir,7 - Dimanche,Livraison,CA,KM,5
8899,0,737.5,670.28,2018-04-22,4 - Soir,7 - Dimanche,Livraison,CA,UberEats,1
8901,0,177.8,161.45,2018-04-22,4 - Soir,7 - Dimanche,Sur place,CA,,10
8903,150,0.0,0.0,2018-04-23,,1 - Lundi,,CA,,0
8905,-3,0.0,0.0,2018-04-23,2 - Midi,1 - Lundi,,CA,,0
8908,0,68.3,62.11,2018-04-23,2 - Midi,1 - Lundi,À emporter,CA,,6
8909,0,3.0,2.72,2018-04-23,2 - Midi,1 - Lundi,Limonade,CA,,2
8910,0,35.4,31.28,2018-04-23,2 - Midi,1 - Lundi,Livraison,CA,Deliveroo,1
8911,0,28.3,25.54,2018-04-23,2 - Midi,1 - Lundi,Livraison,CA,KM,1
8912,0,29.3,26.62,2018-04-23,2 - Midi,1 - Lundi,Livraison,CA,UberEats,1
8914,0,57.65,52.39,2018-04-23,2 - Midi,1 - Lundi,Sur place,CA,AlloResto,1
8915,0,44.7,40.63,2018-04-23,2 - Midi,1 - Lundi,Sur place,CA,Foodora,1
8916,0,484.6,440.13,2018-04-23,2 - Midi,1 - Lundi,Sur place,CA,,28
8919,0,37.8,34.35,2018-04-23,3 - Après-midi,1 - Lundi,À emporter,CA,,1
8920,-8,0.0,0.0,2018-04-23,4 - Soir,1 - Lundi,,CA,,0
8923,0,29.3,26.63,2018-04-23,4 - Soir,1 - Lundi,À emporter,CA,KM,1
8924,0,70.1,63.72,2018-04-23,4 - Soir,1 - Lundi,À emporter,CA,,3
8925,0,151.0,137.25,2018-04-23,4 - Soir,1 - Lundi,Livraison,CA,AlloResto,1
8926,0,229.8,208.89,2018-04-23,4 - Soir,1 - Lundi,Livraison,CA,Deliveroo,1
8927,0,150.3,136.34,2018-04-23,4 - Soir,1 - Lundi,Livraison,CA,Foodora,1
8928,0,31.3,28.26,2018-04-23,4 - Soir,1 - Lundi,Livraison,CA,KM,1
8929,0,265.1,240.94,2018-04-23,4 - Soir,1 - Lundi,Livraison,CA,UberEats,1
8935,0,324.0,294.41,2018-04-23,4 - Soir,1 - Lundi,Sur place,CA,,17
8937,181,0.0,0.0,2018-04-24,,2 - Mardi,,CA,,0
8939,0,103.4,94.01,2018-04-24,2 - Midi,2 - Mardi,À emporter,CA,,8
8940,0,3.0,2.73,2018-04-24,2 - Midi,2 - Mardi,Limonade,CA,,1
8941,0,16.85,15.31,2018-04-24,2 - Midi,2 - Mardi,Livraison,CA,AlloResto,1
8942,0,182.4,165.81,2018-04-24,2 - Midi,2 - Mardi,Livraison,CA,Deliveroo,1
8943,0,19.9,18.09,2018-04-24,2 - Midi,2 - Mardi,Livraison,CA,Foodora,1
8944,0,62.04,56.01,2018-04-24,2 - Midi,2 - Mardi,Livraison,CA,KM,2
8945,0,80.0,72.7,2018-04-24,2 - Midi,2 - Mardi,Livraison,CA,UberEats,1
8948,0,611.4,554.89,2018-04-24,2 - Midi,2 - Mardi,Sur place,CA,,37
8949,-10,0.0,0.0,2018-04-24,4 - Soir,2 - Mardi,,CA,,0
8952,0,67.4,61.28,2018-04-24,4 - Soir,2 - Mardi,À emporter,CA,KM,2
8953,0,126.5,114.42,2018-04-24,4 - Soir,2 - Mardi,À emporter,CA,,6
8954,0,4.0,3.63,2018-04-24,4 - Soir,2 - Mardi,Limonade,CA,,1
8955,0,39.2,35.63,2018-04-24,4 - Soir,2 - Mardi,Livraison,CA,AlloResto,1
8956,0,241.5,219.55,2018-04-24,4 - Soir,2 - Mardi,Livraison,CA,Deliveroo,1
8957,0,210.1,190.95,2018-04-24,4 - Soir,2 - Mardi,Livraison,CA,Foodora,1
8958,0,96.18,86.85,2018-04-24,4 - Soir,2 - Mardi,Livraison,CA,KM,3
8959,0,477.9,434.36,2018-04-24,4 - Soir,2 - Mardi,Livraison,CA,UberEats,1
8963,0,239.0,216.62,2018-04-24,4 - Soir,2 - Mardi,Sur place,CA,,9
8965,201,0.0,0.0,2018-04-25,,3 - Mercredi,,CA,,0
8968,0,13.22,12.01,2018-04-25,2 - Midi,3 - Mercredi,À emporter,CA,KM,1
8969,0,148.0,134.54,2018-04-25,2 - Midi,3 - Mercredi,À emporter,CA,,10
8972,0,6.0,5.45,2018-04-25,2 - Midi,3 - Mercredi,Limonade,CA,,1
8973,0,57.6,52.37,2018-04-25,2 - Midi,3 - Mercredi,Livraison,CA,Deliveroo,1
8974,0,107.9,98.07,2018-04-25,2 - Midi,3 - Mercredi,Livraison,CA,UberEats,1
8977,0,817.9,742.88,2018-04-25,2 - Midi,3 - Mercredi,Sur place,CA,,48
8980,0,38.36,34.68,2018-04-25,3 - Après-midi,3 - Mercredi,Livraison,CA,KM,1
8982,-9,0.0,0.0,2018-04-25,4 - Soir,3 - Mercredi,,CA,,0
8985,0,17.5,15.91,2018-04-25,4 - Soir,3 - Mercredi,À emporter,CA,KM,1
8986,0,237.9,216.3,2018-04-25,4 - Soir,3 - Mercredi,À emporter,CA,,9
8987,0,17.0,14.4,2018-04-25,4 - Soir,3 - Mercredi,Limonade,CA,,3
8988,0,57.65,52.4,2018-04-25,4 - Soir,3 - Mercredi,Livraison,CA,AlloResto,1
8989,0,485.9,441.6,2018-04-25,4 - Soir,3 - Mercredi,Livraison,CA,Deliveroo,1
8990,0,66.1,60.08,2018-04-25,4 - Soir,3 - Mercredi,Livraison,CA,Foodora,1
8991,0,73.72,66.42,2018-04-25,4 - Soir,3 - Mercredi,Livraison,CA,KM,3
8992,0,374.4,340.23,2018-04-25,4 - Soir,3 - Mercredi,Livraison,CA,UberEats,1
8995,0,255.8,231.86,2018-04-25,4 - Soir,3 - Mercredi,Sur place,CA,,12
8997,234,0.0,0.0,2018-04-26,,4 - Jeudi,,CA,,0
9000,0,176.6,160.24,2018-04-26,2 - Midi,4 - Jeudi,À emporter,CA,,12
9002,0,16.85,15.31,2018-04-26,2 - Midi,4 - Jeudi,Livraison,CA,AlloResto,1
9003,0,50.5,45.91,2018-04-26,2 - Midi,4 - Jeudi,Livraison,CA,Deliveroo,1
9004,0,47.7,43.35,2018-04-26,2 - Midi,4 - Jeudi,Livraison,CA,Foodora,1
9005,0,66.2,60.16,2018-04-26,2 - Midi,4 - Jeudi,Livraison,CA,UberEats,1
9007,0,1018.8,925.89,2018-04-26,2 - Midi,4 - Jeudi,Sur place,CA,,66
9008,0,2.0,1.82,2018-04-26,3 - Après-midi,4 - Jeudi,Limonade,CA,,1
9010,0,46.3,42.08,2018-04-26,4 - Soir,4 - Jeudi,À emporter,CA,KM,1
9011,0,227.0,206.38,2018-04-26,4 - Soir,4 - Jeudi,À emporter,CA,,10
9012,0,6.0,5.19,2018-04-26,4 - Soir,4 - Jeudi,Limonade,CA,,1
9013,0,71.1,64.62,2018-04-26,4 - Soir,4 - Jeudi,Livraison,CA,AlloResto,1
9014,0,639.1,580.76,2018-04-26,4 - Soir,4 - Jeudi,Livraison,CA,Deliveroo,1
9015,0,382.6,347.74,2018-04-26,4 - Soir,4 - Jeudi,Livraison,CA,Foodora,1
9016,0,90.8,81.7,2018-04-26,4 - Soir,4 - Jeudi,Livraison,CA,KM,3
9017,0,412.8,375.18,2018-04-26,4 - Soir,4 - Jeudi,Livraison,CA,UberEats,1
9020,0,225.4,204.77,2018-04-26,4 - Soir,4 - Jeudi,Sur place,CA,,10
9021,307,0.0,0.0,2018-04-27,,5 - Vendredi,,CA,,0
9024,0,105.3,95.71,2018-04-27,2 - Midi,5 - Vendredi,À emporter,CA,KM,1
9025,0,233.4,211.94,2018-04-27,2 - Midi,5 - Vendredi,À emporter,CA,,12
9026,0,2.5,2.27,2018-04-27,2 - Midi,5 - Vendredi,Limonade,CA,,1
9027,0,20.95,19.05,2018-04-27,2 - Midi,5 - Vendredi,Livraison,CA,AlloResto,1
9028,0,49.1,44.64,2018-04-27,2 - Midi,5 - Vendredi,Livraison,CA,Deliveroo,1
9029,0,123.8,112.52,2018-04-27,2 - Midi,5 - Vendredi,Livraison,CA,Foodora,1
9030,0,21.47,19.32,2018-04-27,2 - Midi,5 - Vendredi,Livraison,CA,KM,1
9031,0,95.4,86.7,2018-04-27,2 - Midi,5 - Vendredi,Livraison,CA,UberEats,1
9034,0,862.5,783.67,2018-04-27,2 - Midi,5 - Vendredi,Sur place,CA,,43
9035,-20,0.0,0.0,2018-04-27,4 - Soir,5 - Vendredi,,CA,,0
9038,0,59.2,53.81,2018-04-27,4 - Soir,5 - Vendredi,À emporter,CA,KM,1
9039,0,160.0,145.26,2018-04-27,4 - Soir,5 - Vendredi,À emporter,CA,,7
9040,0,6.0,5.19,2018-04-27,4 - Soir,5 - Vendredi,Limonade,CA,,2
9041,0,267.7,243.3,2018-04-27,4 - Soir,5 - Vendredi,Livraison,CA,AlloResto,1
9042,0,586.2,532.39,2018-04-27,4 - Soir,5 - Vendredi,Livraison,CA,Deliveroo,1
9043,0,395.5,359.47,2018-04-27,4 - Soir,5 - Vendredi,Livraison,CA,Foodora,2
9044,0,236.84,214.15,2018-04-27,4 - Soir,5 - Vendredi,Livraison,CA,KM,6
9045,0,432.1,392.71,2018-04-27,4 - Soir,5 - Vendredi,Livraison,CA,UberEats,1
9048,0,564.9,513.47,2018-04-27,4 - Soir,5 - Vendredi,Sur place,CA,,24
9050,233,0.0,0.0,2018-04-28,,6 - Samedi,,CA,,0
9053,0,2.95,2.68,2018-04-28,2 - Midi,6 - Samedi,À emporter,CA,KM,1
9054,0,144.8,131.67,2018-04-28,2 - Midi,6 - Samedi,À emporter,CA,,7
9056,0,12.0,10.9,2018-04-28,2 - Midi,6 - Samedi,Limonade,CA,,5
9057,0,16.85,15.31,2018-04-28,2 - Midi,6 - Samedi,Livraison,CA,AlloResto,1
9058,0,108.0,96.73,2018-04-28,2 - Midi,6 - Samedi,Livraison,CA,Deliveroo,1
9059,0,170.9,155.34,2018-04-28,2 - Midi,6 - Samedi,Livraison,CA,Foodora,1
9060,0,149.52,135.15,2018-04-28,2 - Midi,6 - Samedi,Livraison,CA,KM,4
9061,0,146.5,133.15,2018-04-28,2 - Midi,6 - Samedi,Livraison,CA,UberEats,1
9065,0,343.6,311.67,2018-04-28,2 - Midi,6 - Samedi,Sur place,CA,,16
9066,0,17.0,15.45,2018-04-28,3 - Après-midi,6 - Samedi,Limonade,CA,,4
9067,0,39.3,35.53,2018-04-28,3 - Après-midi,6 - Samedi,Livraison,CA,KM,1
9068,0,153.4,139.27,2018-04-28,3 - Après-midi,6 - Samedi,Sur place,CA,,8
9069,-7,0.0,0.0,2018-04-28,4 - Soir,6 - Samedi,,CA,,0
9072,0,26.9,24.45,2018-04-28,4 - Soir,6 - Samedi,À emporter,CA,,2
9073,0,-3.0,-3.0,2018-04-28,4 - Soir,6 - Samedi,Limonade,CA,,1
9075,0,205.6,186.86,2018-04-28,4 - Soir,6 - Samedi,Livraison,CA,AlloResto,1
9076,0,568.3,516.37,2018-04-28,4 - Soir,6 - Samedi,Livraison,CA,Deliveroo,1
9077,0,167.9,152.61,2018-04-28,4 - Soir,6 - Samedi,Livraison,CA,Foodora,1
9078,0,196.87,177.82,2018-04-28,4 - Soir,6 - Samedi,Livraison,CA,KM,6
9079,0,346.7,315.1,2018-04-28,4 - Soir,6 - Samedi,Livraison,CA,UberEats,1
9082,0,71.5,64.92,2018-04-28,4 - Soir,6 - Samedi,Sur place,CA,,5
9083,0,515.1,467.18,2018-04-28,4 - Soir,6 - Samedi,Sur place,CA,,23
9085,171,0.0,0.0,2018-04-29,,7 - Dimanche,,CA,,0
9087,-6,0.0,0.0,2018-04-29,4 - Soir,7 - Dimanche,,CA,,0
9090,0,51.6,46.92,2018-04-29,4 - Soir,7 - Dimanche,À emporter,CA,,2
9092,0,9.0,8.18,2018-04-29,4 - Soir,7 - Dimanche,Limonade,CA,,1
9093,0,350.35,318.45,2018-04-29,4 - Soir,7 - Dimanche,Livraison,CA,AlloResto,1
9094,0,592.6,538.67,2018-04-29,4 - Soir,7 - Dimanche,Livraison,CA,Deliveroo,1
9095,0,327.9,298.02,2018-04-29,4 - Soir,7 - Dimanche,Livraison,CA,Foodora,1
9096,0,261.2,236.12,2018-04-29,4 - Soir,7 - Dimanche,Livraison,CA,KM,7
9097,0,666.7,605.95,2018-04-29,4 - Soir,7 - Dimanche,Livraison,CA,UberEats,1
9101,0,212.5,193.14,2018-04-29,4 - Soir,7 - Dimanche,Sur place,CA,,12
9102,288,0.0,0.0,2018-04-30,,1 - Lundi,,CA,,0
9105,0,15.9,14.45,2018-04-30,2 - Midi,1 - Lundi,À emporter,CA,KM,1
9106,0,103.8,94.36,2018-04-30,2 - Midi,1 - Lundi,À emporter,CA,,7
9107,0,15.5,14.1,2018-04-30,2 - Midi,1 - Lundi,Limonade,CA,,4
9108,0,114.45,104.03,2018-04-30,2 - Midi,1 - Lundi,Livraison,CA,AlloResto,1
9109,0,112.1,101.9,2018-04-30,2 - Midi,1 - Lundi,Livraison,CA,Deliveroo,1
9110,0,98.5,89.53,2018-04-30,2 - Midi,1 - Lundi,Livraison,CA,Foodora,1
9111,0,135.0,122.69,2018-04-30,2 - Midi,1 - Lundi,Livraison,CA,UberEats,1
9113,0,1141.71,1035.67,2018-04-30,2 - Midi,1 - Lundi,Sur place,CA,,53
9115,0,28.8,26.18,2018-04-30,3 - Après-midi,1 - Lundi,Sur place,CA,,2
9116,-9,0.0,0.0,2018-04-30,4 - Soir,1 - Lundi,,CA,,0
9119,0,13.14,12.0,2018-04-30,4 - Soir,1 - Lundi,À emporter,CA,KM,1
9120,0,190.3,173.0,2018-04-30,4 - Soir,1 - Lundi,À emporter,CA,,10
9122,0,20.5,18.63,2018-04-30,4 - Soir,1 - Lundi,Limonade,CA,,6
9123,0,182.2,165.59,2018-04-30,4 - Soir,1 - Lundi,Livraison,CA,AlloResto,1
9124,0,704.8,640.74,2018-04-30,4 - Soir,1 - Lundi,Livraison,CA,Deliveroo,1
9125,0,228.4,207.59,2018-04-30,4 - Soir,1 - Lundi,Livraison,CA,Foodora,1
9126,0,120.33,108.8,2018-04-30,4 - Soir,1 - Lundi,Livraison,CA,KM,3
9127,0,395.4,359.39,2018-04-30,4 - Soir,1 - Lundi,Livraison,CA,UberEats,1
9131,0,525.8,477.51,2018-04-30,4 - Soir,1 - Lundi,Sur place,CA,,17
9133,285,0.0,0.0,2018-05-01,,2 - Mardi,,CA,,0
9135,0,-2.49,-2.49,2018-05-01,1 - Matin,2 - Mardi,Limonade,CA,,1
9137,0,163.3,148.47,2018-05-01,2 - Midi,2 - Mardi,À emporter,CA,,8
9138,0,22.5,20.45,2018-05-01,2 - Midi,2 - Mardi,Limonade,CA,,2
9139,0,264.8,240.72,2018-05-01,2 - Midi,2 - Mardi,Livraison,CA,Deliveroo,1
9140,0,140.3,127.51,2018-05-01,2 - Midi,2 - Mardi,Livraison,CA,Foodora,1
9141,0,73.85,66.76,2018-05-01,2 - Midi,2 - Mardi,Livraison,CA,KM,2
9142,0,388.9,353.43,2018-05-01,2 - Midi,2 - Mardi,Livraison,CA,UberEats,1
9145,0,498.3,452.82,2018-05-01,2 - Midi,2 - Mardi,Sur place,CA,,17
9146,0,34.3,31.18,2018-05-01,3 - Après-midi,2 - Mardi,À emporter,CA,KM,1
9147,0,28.8,26.18,2018-05-01,3 - Après-midi,2 - Mardi,À emporter,CA,,1
9148,0,17.9,16.28,2018-05-01,3 - Après-midi,2 - Mardi,Sur place,CA,,1
9149,-8,0.0,0.0,2018-05-01,4 - Soir,2 - Mardi,,CA,,0
9152,0,48.79,44.36,2018-05-01,4 - Soir,2 - Mardi,À emporter,CA,KM,2
9153,0,211.0,191.82,2018-05-01,4 - Soir,2 - Mardi,À emporter,CA,,9
9156,0,2.5,2.27,2018-05-01,4 - Soir,2 - Mardi,Limonade,CA,,1
9157,0,831.8,755.8,2018-05-01,4 - Soir,2 - Mardi,Livraison,CA,Deliveroo,1
9158,0,492.1,447.27,2018-05-01,4 - Soir,2 - Mardi,Livraison,CA,Foodora,1
9159,0,214.8,194.1,2018-05-01,4 - Soir,2 - Mardi,Livraison,CA,KM,6
9160,0,602.8,547.85,2018-05-01,4 - Soir,2 - Mardi,Livraison,CA,UberEats,1
9164,0,177.8,161.01,2018-05-01,4 - Soir,2 - Mardi,Sur place,CA,,7
9166,197,0.0,0.0,2018-05-02,,3 - Mercredi,,CA,,0
9168,0,12.81,11.64,2018-05-02,2 - Midi,3 - Mercredi,À emporter,CA,KM,1
9169,0,287.51,261.38,2018-05-02,2 - Midi,3 - Mercredi,À emporter,CA,,14
9172,0,-19.55,-19.96,2018-05-02,2 - Midi,3 - Mercredi,Limonade,CA,,3
9174,0,140.8,127.96,2018-05-02,2 - Midi,3 - Mercredi,Livraison,CA,AlloResto,1
9175,0,150.5,136.84,2018-05-02,2 - Midi,3 - Mercredi,Livraison,CA,Deliveroo,1
9176,0,150.6,136.87,2018-05-02,2 - Midi,3 - Mercredi,Livraison,CA,UberEats,1
9179,0,754.7,685.62,2018-05-02,2 - Midi,3 - Mercredi,Sur place,CA,,42
9180,-9,0.0,0.0,2018-05-02,4 - Soir,3 - Mercredi,,CA,,0
9183,0,11.5,10.45,2018-05-02,4 - Soir,3 - Mercredi,À emporter,CA,,1
9185,0,7.5,6.81,2018-05-02,4 - Soir,3 - Mercredi,Limonade,CA,,1
9186,0,116.05,105.47,2018-05-02,4 - Soir,3 - Mercredi,Livraison,CA,AlloResto,1
9187,0,363.8,330.74,2018-05-02,4 - Soir,3 - Mercredi,Livraison,CA,Deliveroo,1
9188,0,99.0,89.97,2018-05-02,4 - Soir,3 - Mercredi,Livraison,CA,Foodora,2
9189,0,112.18,101.21,2018-05-02,4 - Soir,3 - Mercredi,Livraison,CA,KM,4
9190,0,381.8,347.0,2018-05-02,4 - Soir,3 - Mercredi,Livraison,CA,UberEats,1
9194,0,234.0,212.5,2018-05-02,4 - Soir,3 - Mercredi,Sur place,CA,,12
9195,242,0.0,0.0,2018-05-03,,4 - Jeudi,,CA,,0
9197,0,26.67,24.05,2018-05-03,1 - Matin,4 - Jeudi,Livraison,CA,KM,1
9199,0,8.5,7.73,2018-05-03,1 - Matin,4 - Jeudi,Sur place,CA,,1
9200,0,29.07,26.43,2018-05-03,2 - Midi,4 - Jeudi,À emporter,CA,KM,2
9201,0,16.9,15.36,2018-05-03,2 - Midi,4 - Jeudi,À emporter,CA,,1
9202,0,174.0,158.1,2018-05-03,2 - Midi,4 - Jeudi,À emporter,CA,,12
9204,0,5.0,4.55,2018-05-03,2 - Midi,4 - Jeudi,Limonade,CA,,2
9206,0,29.3,26.64,2018-05-03,2 - Midi,4 - Jeudi,Livraison,CA,AlloResto,1
9207,0,129.4,117.61,2018-05-03,2 - Midi,4 - Jeudi,Livraison,CA,Deliveroo,1
9208,0,22.4,20.36,2018-05-03,2 - Midi,4 - Jeudi,Livraison,CA,Foodora,1
9209,0,172.5,156.78,2018-05-03,2 - Midi,4 - Jeudi,Livraison,CA,UberEats,1
9211,0,97.3,88.15,2018-05-03,2 - Midi,4 - Jeudi,Sur place,CA,,7
9212,0,821.36,745.99,2018-05-03,2 - Midi,4 - Jeudi,Sur place,CA,,48
9214,0,12.9,11.73,2018-05-03,3 - Après-midi,4 - Jeudi,À emporter,CA,,1
9216,-9,0.0,0.0,2018-05-03,4 - Soir,4 - Jeudi,,CA,,0
9219,0,234.4,213.06,2018-05-03,4 - Soir,4 - Jeudi,À emporter,CA,,13
9220,0,4.0,3.64,2018-05-03,4 - Soir,4 - Jeudi,Limonade,CA,,1
9221,0,232.7,211.5,2018-05-03,4 - Soir,4 - Jeudi,Livraison,CA,AlloResto,1
9222,0,401.0,364.43,2018-05-03,4 - Soir,4 - Jeudi,Livraison,CA,Deliveroo,1
9223,0,170.7,155.12,2018-05-03,4 - Soir,4 - Jeudi,Livraison,CA,Foodora,1
9224,0,122.9,110.96,2018-05-03,4 - Soir,4 - Jeudi,Livraison,CA,KM,4
9225,0,599.8,544.59,2018-05-03,4 - Soir,4 - Jeudi,Livraison,CA,UberEats,1
9230,0,240.2,216.88,2018-05-03,4 - Soir,4 - Jeudi,Sur place,CA,,8
9232,282,0.0,0.0,2018-05-04,,5 - Vendredi,,CA,,0
9234,0,23.83,21.67,2018-05-04,2 - Midi,5 - Vendredi,À emporter,CA,KM,2
9235,0,78.2,71.09,2018-05-04,2 - Midi,5 - Vendredi,À emporter,CA,,6
9236,0,224.0,203.66,2018-05-04,2 - Midi,5 - Vendredi,À emporter,CA,,17
9240,0,8.5,7.72,2018-05-04,2 - Midi,5 - Vendredi,Limonade,CA,,2
9241,0,80.01,72.36,2018-05-04,2 - Midi,5 - Vendredi,Livraison,CA,KM,2
9244,0,294.4,267.38,2018-05-04,2 - Midi,5 - Vendredi,Sur place,CA,,17
9245,0,522.6,474.53,2018-05-04,2 - Midi,5 - Vendredi,Sur place,CA,,33
9246,0,27.65,25.13,2018-05-04,3 - Après-midi,5 - Vendredi,Livraison,CA,AlloResto,1
9247,0,133.1,121.02,2018-05-04,3 - Après-midi,5 - Vendredi,Livraison,CA,Deliveroo,1
9248,0,43.4,39.45,2018-05-04,3 - Après-midi,5 - Vendredi,Livraison,CA,Foodora,1
9249,0,221.8,201.59,2018-05-04,3 - Après-midi,5 - Vendredi,Livraison,CA,UberEats,1
9252,-11,0.0,0.0,2018-05-04,4 - Soir,5 - Vendredi,,CA,,0
9255,0,439.4,398.85,2018-05-04,4 - Soir,5 - Vendredi,À emporter,CA,,16
9258,0,10.5,9.54,2018-05-04,4 - Soir,5 - Vendredi,Limonade,CA,,3
9259,0,109.8,99.79,2018-05-04,4 - Soir,5 - Vendredi,Livraison,CA,AlloResto,1
9260,0,348.5,316.81,2018-05-04,4 - Soir,5 - Vendredi,Livraison,CA,Deliveroo,1
9261,0,344.8,313.41,2018-05-04,4 - Soir,5 - Vendredi,Livraison,CA,Foodora,1
9262,0,194.17,175.34,2018-05-04,4 - Soir,5 - Vendredi,Livraison,CA,KM,6
9263,0,404.1,367.25,2018-05-04,4 - Soir,5 - Vendredi,Livraison,CA,UberEats,1
9266,0,486.0,441.05,2018-05-04,4 - Soir,5 - Vendredi,Sur place,CA,,18
9267,242,0.0,0.0,2018-05-05,,6 - Samedi,,CA,,0
9269,0,92.1,83.71,2018-05-05,2 - Midi,6 - Samedi,À emporter,CA,,4
9270,0,16.5,15.0,2018-05-05,2 - Midi,6 - Samedi,Limonade,CA,,4
9271,0,54.8,49.8,2018-05-05,2 - Midi,6 - Samedi,Livraison,CA,AlloResto,1
9272,0,94.4,85.84,2018-05-05,2 - Midi,6 - Samedi,Livraison,CA,Deliveroo,1
9273,0,76.2,69.26,2018-05-05,2 - Midi,6 - Samedi,Livraison,CA,Foodora,1
9274,0,26.4,23.81,2018-05-05,2 - Midi,6 - Samedi,Livraison,CA,KM,1
9275,0,165.4,150.33,2018-05-05,2 - Midi,6 - Samedi,Livraison,CA,UberEats,1
9278,0,765.1,694.67,2018-05-05,2 - Midi,6 - Samedi,Sur place,CA,,33
9280,0,62.2,56.53,2018-05-05,3 - Après-midi,6 - Samedi,À emporter,CA,,3
9281,0,16.94,14.53,2018-05-05,3 - Après-midi,6 - Samedi,Limonade,CA,,5
9283,0,125.73,113.91,2018-05-05,3 - Après-midi,6 - Samedi,Livraison,CA,KM,2
9285,0,63.7,57.58,2018-05-05,3 - Après-midi,6 - Samedi,Sur place,CA,,3
9286,-8,0.0,0.0,2018-05-05,4 - Soir,6 - Samedi,,CA,,0
9289,0,219.1,199.0,2018-05-05,4 - Soir,6 - Samedi,À emporter,CA,,10
9292,0,8.0,7.27,2018-05-05,4 - Soir,6 - Samedi,Limonade,CA,,2
9294,0,152.25,137.84,2018-05-05,4 - Soir,6 - Samedi,Livraison,CA,AlloResto,1
9295,0,363.5,329.8,2018-05-05,4 - Soir,6 - Samedi,Livraison,CA,Deliveroo,2
9296,0,393.2,357.4,2018-05-05,4 - Soir,6 - Samedi,Livraison,CA,Foodora,2
9297,0,101.2,91.41,2018-05-05,4 - Soir,6 - Samedi,Livraison,CA,KM,3
9298,0,469.4,426.66,2018-05-05,4 - Soir,6 - Samedi,Livraison,CA,UberEats,1
9300,0,250.7,227.65,2018-05-05,4 - Soir,6 - Samedi,Sur place,CA,,9
9301,121,0.0,0.0,2018-05-06,,7 - Dimanche,,CA,,0
9303,-6,0.0,0.0,2018-05-06,4 - Soir,7 - Dimanche,,CA,,0
9306,0,41.7,37.91,2018-05-06,4 - Soir,7 - Dimanche,À emporter,CA,KM,2
9307,0,112.4,101.99,2018-05-06,4 - Soir,7 - Dimanche,À emporter,CA,,6
9309,0,18.0,16.36,2018-05-06,4 - Soir,7 - Dimanche,Limonade,CA,,4
9310,0,254.9,231.67,2018-05-06,4 - Soir,7 - Dimanche,Livraison,CA,AlloResto,3
9311,0,169.9,154.45,2018-05-06,4 - Soir,7 - Dimanche,Livraison,CA,Deliveroo,1
9312,0,323.1,293.68,2018-05-06,4 - Soir,7 - Dimanche,Livraison,CA,Foodora,1
9313,0,146.5,132.4,2018-05-06,4 - Soir,7 - Dimanche,Livraison,CA,KM,4
9314,0,358.9,326.19,2018-05-06,4 - Soir,7 - Dimanche,Livraison,CA,UberEats,1
9317,0,335.4,304.66,2018-05-06,4 - Soir,7 - Dimanche,Sur place,CA,,14
9319,206,0.0,0.0,2018-05-07,,1 - Lundi,,CA,,0
9321,0,145.1,131.71,2018-05-07,1 - Matin,1 - Lundi,Livraison,CA,KM,1
9323,0,259.3,235.74,2018-05-07,2 - Midi,1 - Lundi,À emporter,CA,,16
9324,0,4.9,3.54,2018-05-07,2 - Midi,1 - Lundi,Limonade,CA,,6
9326,0,31.8,28.91,2018-05-07,2 - Midi,1 - Lundi,Livraison,CA,AlloResto,1
9327,0,14.5,13.18,2018-05-07,2 - Midi,1 - Lundi,Livraison,CA,Deliveroo,1
9328,0,89.5,81.33,2018-05-07,2 - Midi,1 - Lundi,Livraison,CA,Foodora,1
9329,0,217.7,197.85,2018-05-07,2 - Midi,1 - Lundi,Livraison,CA,UberEats,1
9330,0,817.2,742.45,2018-05-07,2 - Midi,1 - Lundi,Sur place,CA,,39
9331,0,24.84,22.39,2018-05-07,3 - Après-midi,1 - Lundi,Livraison,CA,KM,1
9333,0,35.8,32.54,2018-05-07,3 - Après-midi,1 - Lundi,Sur place,CA,,1
9334,-10,0.0,0.0,2018-05-07,4 - Soir,1 - Lundi,,CA,,0
9337,0,71.1,64.46,2018-05-07,4 - Soir,1 - Lundi,À emporter,CA,,4
9338,0,7.0,5.83,2018-05-07,4 - Soir,1 - Lundi,Limonade,CA,,1
9339,0,115.1,104.6,2018-05-07,4 - Soir,1 - Lundi,Livraison,CA,AlloResto,1
9340,0,273.7,248.81,2018-05-07,4 - Soir,1 - Lundi,Livraison,CA,Deliveroo,1
9341,0,183.9,167.15,2018-05-07,4 - Soir,1 - Lundi,Livraison,CA,Foodora,1
9342,0,68.5,61.9,2018-05-07,4 - Soir,1 - Lundi,Livraison,CA,KM,2
9343,0,355.5,322.82,2018-05-07,4 - Soir,1 - Lundi,Livraison,CA,UberEats,1
9346,0,106.7,96.76,2018-05-07,4 - Soir,1 - Lundi,Sur place,CA,,6
9348,180,0.0,0.0,2018-05-08,,2 - Mardi,,CA,,0
9350,0,169.4,153.93,2018-05-08,2 - Midi,2 - Mardi,À emporter,CA,,7
9351,0,14.5,12.65,2018-05-08,2 - Midi,2 - Mardi,Limonade,CA,,4
9352,0,248.6,225.78,2018-05-08,2 - Midi,2 - Mardi,Livraison,CA,Deliveroo,1
9353,0,110.1,100.06,2018-05-08,2 - Midi,2 - Mardi,Livraison,CA,Foodora,1
9354,0,215.3,195.68,2018-05-08,2 - Midi,2 - Mardi,Livraison,CA,UberEats,1
9356,0,207.6,188.64,2018-05-08,2 - Midi,2 - Mardi,Sur place,CA,,6
9357,-8,0.0,0.0,2018-05-08,4 - Soir,2 - Mardi,,CA,,0
9360,0,15.9,14.45,2018-05-08,4 - Soir,2 - Mardi,À emporter,CA,KM,1
9361,0,102.9,93.55,2018-05-08,4 - Soir,2 - Mardi,À emporter,CA,,4
9363,0,7.5,6.82,2018-05-08,4 - Soir,2 - Mardi,Limonade,CA,,2
9364,0,165.85,150.74,2018-05-08,4 - Soir,2 - Mardi,Livraison,CA,AlloResto,1
9365,0,354.3,322.1,2018-05-08,4 - Soir,2 - Mardi,Livraison,CA,Deliveroo,1
9366,0,173.1,157.35,2018-05-08,4 - Soir,2 - Mardi,Livraison,CA,Foodora,1
9367,0,301.29,272.15,2018-05-08,4 - Soir,2 - Mardi,Livraison,CA,KM,9
9368,0,464.0,421.75,2018-05-08,4 - Soir,2 - Mardi,Livraison,CA,UberEats,1
9372,0,434.6,394.28,2018-05-08,4 - Soir,2 - Mardi,Sur place,CA,,17
9373,242,0.0,0.0,2018-05-09,,3 - Mercredi,,CA,,0
9375,0,274.4,249.38,2018-05-09,2 - Midi,3 - Mercredi,À emporter,CA,,19
9376,0,14.5,12.92,2018-05-09,2 - Midi,3 - Mercredi,Limonade,CA,,4
9377,0,23.95,21.76,2018-05-09,2 - Midi,3 - Mercredi,Livraison,CA,AlloResto,1
9378,0,49.2,44.74,2018-05-09,2 - Midi,3 - Mercredi,Livraison,CA,Deliveroo,1
9379,0,33.7,30.62,2018-05-09,2 - Midi,3 - Mercredi,Livraison,CA,Foodora,1
9380,0,105.0,95.44,2018-05-09,2 - Midi,3 - Mercredi,Livraison,CA,UberEats,1
9383,0,832.6,756.26,2018-05-09,2 - Midi,3 - Mercredi,Sur place,CA,,41
9384,-11,0.0,0.0,2018-05-09,4 - Soir,3 - Mercredi,,CA,,0
9387,0,26.8,24.37,2018-05-09,4 - Soir,3 - Mercredi,À emporter,CA,KM,1
9388,0,102.3,93.01,2018-05-09,4 - Soir,3 - Mercredi,À emporter,CA,,6
9390,0,15.0,12.84,2018-05-09,4 - Soir,3 - Mercredi,Limonade,CA,,2
9391,0,159.85,145.29,2018-05-09,4 - Soir,3 - Mercredi,Livraison,CA,AlloResto,1
9392,0,305.9,278.04,2018-05-09,4 - Soir,3 - Mercredi,Livraison,CA,Deliveroo,1
9393,0,75.3,68.43,2018-05-09,4 - Soir,3 - Mercredi,Livraison,CA,Foodora,1
9394,0,106.9,96.61,2018-05-09,4 - Soir,3 - Mercredi,Livraison,CA,KM,3
9395,0,273.1,246.4,2018-05-09,4 - Soir,3 - Mercredi,Livraison,CA,UberEats,1
9397,0,396.6,360.14,2018-05-09,4 - Soir,3 - Mercredi,Sur place,CA,,23
9398,0,588.5,534.99,2018-05-09,4 - Soir,3 - Mercredi,Sur place,CA,,42
9400,245,0.0,0.0,2018-05-10,,4 - Jeudi,,CA,,0
9402,0,97.3,88.46,2018-05-10,2 - Midi,4 - Jeudi,À emporter,CA,,4
9403,0,4.7,3.29,2018-05-10,2 - Midi,4 - Jeudi,Limonade,CA,,4
9405,0,52.1,47.35,2018-05-10,2 - Midi,4 - Jeudi,Livraison,CA,AlloResto,1
9406,0,251.2,228.37,2018-05-10,2 - Midi,4 - Jeudi,Livraison,CA,Deliveroo,1
9407,0,225.9,205.3,2018-05-10,2 - Midi,4 - Jeudi,Livraison,CA,Foodora,1
9408,0,215.45,194.91,2018-05-10,2 - Midi,4 - Jeudi,Livraison,CA,KM,5
9409,0,161.4,146.68,2018-05-10,2 - Midi,4 - Jeudi,Livraison,CA,UberEats,1
9412,0,562.9,511.48,2018-05-10,2 - Midi,4 - Jeudi,Sur place,CA,,24
9413,0,-3.2,-3.2,2018-05-10,3 - Après-midi,4 - Jeudi,Limonade,CA,,1
9415,-8,0.0,0.0,2018-05-10,4 - Soir,4 - Jeudi,,CA,,0
9419,0,217.6,197.73,2018-05-10,4 - Soir,4 - Jeudi,À emporter,CA,,8
9421,0,3.0,2.73,2018-05-10,4 - Soir,4 - Jeudi,Limonade,CA,,1
9422,0,138.2,125.6,2018-05-10,4 - Soir,4 - Jeudi,Livraison,CA,AlloResto,1
9423,0,370.3,336.58,2018-05-10,4 - Soir,4 - Jeudi,Livraison,CA,Deliveroo,1
9424,0,272.6,247.78,2018-05-10,4 - Soir,4 - Jeudi,Livraison,CA,Foodora,1
9425,0,236.15,213.33,2018-05-10,4 - Soir,4 - Jeudi,Livraison,CA,KM,7
9426,0,479.7,435.97,2018-05-10,4 - Soir,4 - Jeudi,Livraison,CA,UberEats,1
9429,0,197.3,179.13,2018-05-10,4 - Soir,4 - Jeudi,Sur place,CA,,7
9430,267,0.0,0.0,2018-05-11,,5 - Vendredi,,CA,,0
9433,0,115.9,105.33,2018-05-11,2 - Midi,5 - Vendredi,À emporter,CA,Foodora,1
9434,0,193.3,175.69,2018-05-11,2 - Midi,5 - Vendredi,À emporter,CA,UberEats,1
9435,0,414.4,376.66,2018-05-11,2 - Midi,5 - Vendredi,À emporter,CA,,22
9436,0,12.0,10.91,2018-05-11,2 - Midi,5 - Vendredi,Limonade,CA,,3
9437,0,105.05,95.47,2018-05-11,2 - Midi,5 - Vendredi,Livraison,CA,AlloResto,1
9438,0,62.2,56.53,2018-05-11,2 - Midi,5 - Vendredi,Livraison,CA,Deliveroo,1
9440,0,811.4,736.84,2018-05-11,2 - Midi,5 - Vendredi,Sur place,CA,,43
9443,0,15.9,14.45,2018-05-11,3 - Après-midi,5 - Vendredi,À emporter,CA,,1
9444,0,43.3,39.18,2018-05-11,3 - Après-midi,5 - Vendredi,Livraison,CA,KM,1
9445,-13,0.0,0.0,2018-05-11,4 - Soir,5 - Vendredi,,CA,,0
9448,0,178.5,162.0,2018-05-11,4 - Soir,5 - Vendredi,À emporter,CA,,6
9450,0,13.5,12.27,2018-05-11,4 - Soir,5 - Vendredi,Limonade,CA,,5
9451,0,110.9,100.78,2018-05-11,4 - Soir,5 - Vendredi,Livraison,CA,AlloResto,1
9452,0,540.0,490.62,2018-05-11,4 - Soir,5 - Vendredi,Livraison,CA,Deliveroo,1
9453,0,230.9,209.85,2018-05-11,4 - Soir,5 - Vendredi,Livraison,CA,Foodora,1
9454,0,99.19,89.42,2018-05-11,4 - Soir,5 - Vendredi,Livraison,CA,KM,4
9455,0,415.8,377.91,2018-05-11,4 - Soir,5 - Vendredi,Livraison,CA,UberEats,2
9459,0,440.8,399.93,2018-05-11,4 - Soir,5 - Vendredi,Sur place,CA,,13
9460,287,0.0,0.0,2018-05-12,,6 - Samedi,,CA,,0
9462,0,334.9,304.11,2018-05-12,2 - Midi,6 - Samedi,À emporter,CA,,15
9463,0,24.17,21.02,2018-05-12,2 - Midi,6 - Samedi,Limonade,CA,,10
9465,0,19.35,17.58,2018-05-12,2 - Midi,6 - Samedi,Livraison,CA,AlloResto,1
9466,0,258.8,235.29,2018-05-12,2 - Midi,6 - Samedi,Livraison,CA,Deliveroo,1
9467,0,35.84,32.39,2018-05-12,2 - Midi,6 - Samedi,Livraison,CA,KM,1
9468,0,313.1,284.57,2018-05-12,2 - Midi,6 - Samedi,Livraison,CA,UberEats,1
9473,0,250.7,227.16,2018-05-12,2 - Midi,6 - Samedi,Sur place,CA,,10
9474,0,28.8,26.18,2018-05-12,3 - Après-midi,6 - Samedi,À emporter,CA,,2
9476,0,9.0,7.92,2018-05-12,3 - Après-midi,6 - Samedi,Limonade,CA,,2
9477,0,163.6,148.7,2018-05-12,3 - Après-midi,6 - Samedi,Livraison,CA,Foodora,1
9478,0,16.82,15.1,2018-05-12,3 - Après-midi,6 - Samedi,Livraison,CA,KM,1
9481,0,142.6,129.63,2018-05-12,3 - Après-midi,6 - Samedi,Sur place,CA,,6
9482,-12,0.0,0.0,2018-05-12,4 - Soir,6 - Samedi,,CA,,0
9485,0,85.4,77.47,2018-05-12,4 - Soir,6 - Samedi,À emporter,CA,,5
9487,0,11.0,10.0,2018-05-12,4 - Soir,6 - Samedi,Limonade,CA,,4
9488,0,91.85,83.47,2018-05-12,4 - Soir,6 - Samedi,Livraison,CA,AlloResto,2
9489,0,687.8,625.27,2018-05-12,4 - Soir,6 - Samedi,Livraison,CA,Deliveroo,1
9490,0,379.2,344.64,2018-05-12,4 - Soir,6 - Samedi,Livraison,CA,Foodora,1
9491,0,244.49,221.08,2018-05-12,4 - Soir,6 - Samedi,Livraison,CA,KM,6
9492,0,766.5,696.64,2018-05-12,4 - Soir,6 - Samedi,Livraison,CA,UberEats,1
9495,0,214.9,194.88,2018-05-12,4 - Soir,6 - Samedi,Sur place,CA,,7
9496,180,0.0,0.0,2018-05-13,,7 - Dimanche,,CA,,0
9498,0,31.8,28.9,2018-05-13,3 - Après-midi,7 - Dimanche,À emporter,CA,,1
9499,0,58.6,52.88,2018-05-13,3 - Après-midi,7 - Dimanche,Livraison,CA,KM,2
9500,0,31.8,28.91,2018-05-13,3 - Après-midi,7 - Dimanche,Sur place,CA,,1
9501,-5,0.0,0.0,2018-05-13,4 - Soir,7 - Dimanche,,CA,,0
9504,0,85.3,77.56,2018-05-13,4 - Soir,7 - Dimanche,À emporter,CA,KM,3
9505,0,814.8,740.57,2018-05-13,4 - Soir,7 - Dimanche,À emporter,CA,UberEats,1
9506,0,118.4,107.64,2018-05-13,4 - Soir,7 - Dimanche,À emporter,CA,,6
9508,0,13.0,11.02,2018-05-13,4 - Soir,7 - Dimanche,Limonade,CA,,3
9509,0,161.7,146.05,2018-05-13,4 - Soir,7 - Dimanche,Livraison,CA,AlloResto,1
9510,0,676.7,614.49,2018-05-13,4 - Soir,7 - Dimanche,Livraison,CA,Deliveroo,1
9511,0,400.4,363.92,2018-05-13,4 - Soir,7 - Dimanche,Livraison,CA,Foodora,1
9512,0,129.28,116.76,2018-05-13,4 - Soir,7 - Dimanche,Livraison,CA,KM,4
9513,0,15.9,14.45,2018-05-13,4 - Soir,7 - Dimanche,Livraison,CA,UberEats,1
9516,0,179.9,163.3,2018-05-13,4 - Soir,7 - Dimanche,Sur place,CA,,8
9517,204,0.0,0.0,2018-05-14,,1 - Lundi,,CA,,0
9520,0,215.5,195.92,2018-05-14,2 - Midi,1 - Lundi,À emporter,CA,,14
9521,0,-2.31,-2.31,2018-05-14,2 - Midi,1 - Lundi,Limonade,CA,,1
9523,0,31.5,28.64,2018-05-14,2 - Midi,1 - Lundi,Livraison,CA,AlloResto,1
9524,0,96.9,88.06,2018-05-14,2 - Midi,1 - Lundi,Livraison,CA,Deliveroo,1
9525,0,81.6,74.15,2018-05-14,2 - Midi,1 - Lundi,Livraison,CA,Foodora,1
9526,0,25.15,22.67,2018-05-14,2 - Midi,1 - Lundi,Livraison,CA,KM,1
9527,0,178.0,161.77,2018-05-14,2 - Midi,1 - Lundi,Livraison,CA,UberEats,1
9530,0,591.0,536.94,2018-05-14,2 - Midi,1 - Lundi,Sur place,CA,,35
9531,0,5.0,4.55,2018-05-14,3 - Après-midi,1 - Lundi,Limonade,CA,,1
9532,-9,0.0,0.0,2018-05-14,4 - Soir,1 - Lundi,,CA,,0
9536,0,247.97,225.06,2018-05-14,4 - Soir,1 - Lundi,À emporter,CA,,11
9538,0,40.0,36.36,2018-05-14,4 - Soir,1 - Lundi,Limonade,CA,,6
9539,0,62.05,56.4,2018-05-14,4 - Soir,1 - Lundi,Livraison,CA,AlloResto,1
9540,0,401.1,364.63,2018-05-14,4 - Soir,1 - Lundi,Livraison,CA,Deliveroo,1
9541,0,215.4,195.77,2018-05-14,4 - Soir,1 - Lundi,Livraison,CA,Foodora,2
9542,0,173.59,156.84,2018-05-14,4 - Soir,1 - Lundi,Livraison,CA,KM,5
9543,0,413.3,375.63,2018-05-14,4 - Soir,1 - Lundi,Livraison,CA,UberEats,1
9547,0,242.0,219.9,2018-05-14,4 - Soir,1 - Lundi,Sur place,CA,,10
9549,209,0.0,0.0,2018-05-15,,2 - Mardi,,CA,,0
9552,0,41.74,37.93,2018-05-15,2 - Midi,2 - Mardi,À emporter,CA,KM,2
9553,0,76.0,69.1,2018-05-15,2 - Midi,2 - Mardi,À emporter,CA,,4
9554,0,259.91,236.3,2018-05-15,2 - Midi,2 - Mardi,À emporter,CA,,20
9557,0,10.5,9.28,2018-05-15,2 - Midi,2 - Mardi,Limonade,CA,,4
9558,0,77.55,70.49,2018-05-15,2 - Midi,2 - Mardi,Livraison,CA,AlloResto,1
9559,0,53.7,48.81,2018-05-15,2 - Midi,2 - Mardi,Livraison,CA,Deliveroo,1
9560,0,47.7,43.35,2018-05-15,2 - Midi,2 - Mardi,Livraison,CA,Foodora,1
9561,0,31.8,28.71,2018-05-15,2 - Midi,2 - Mardi,Livraison,CA,KM,1
9562,0,47.8,43.45,2018-05-15,2 - Midi,2 - Mardi,Livraison,CA,UberEats,1
9563,0,25.8,23.46,2018-05-15,2 - Midi,2 - Mardi,Sur place,CA,,2
9564,0,650.2,591.01,2018-05-15,2 - Midi,2 - Mardi,Sur place,CA,,41
9565,-11,0.0,0.0,2018-05-15,4 - Soir,2 - Mardi,,CA,,0
9568,0,29.3,26.63,2018-05-15,4 - Soir,2 - Mardi,À emporter,CA,KM,1
9569,0,360.4,327.54,2018-05-15,4 - Soir,2 - Mardi,À emporter,CA,,16
9570,0,7.0,6.1,2018-05-15,4 - Soir,2 - Mardi,Limonade,CA,,2
9572,0,85.7,77.88,2018-05-15,4 - Soir,2 - Mardi,Livraison,CA,AlloResto,1
9573,0,417.0,379.06,2018-05-15,4 - Soir,2 - Mardi,Livraison,CA,Deliveroo,1
9574,0,199.3,181.15,2018-05-15,4 - Soir,2 - Mardi,Livraison,CA,Foodora,1
9575,0,29.3,26.44,2018-05-15,4 - Soir,2 - Mardi,Livraison,CA,KM,1
9576,0,164.5,149.5,2018-05-15,4 - Soir,2 - Mardi,Livraison,CA,UberEats,1
9578,0,173.9,157.75,2018-05-15,4 - Soir,2 - Mardi,Sur place,CA,,8
9580,196,0.0,0.0,2018-05-16,,3 - Mercredi,,CA,,0
9582,0,12.9,11.73,2018-05-16,2 - Midi,3 - Mercredi,À emporter,CA,,1
9583,0,239.62,217.81,2018-05-16,2 - Midi,3 - Mercredi,À emporter,CA,,16
9585,0,20.9,19.0,2018-05-16,2 - Midi,3 - Mercredi,Livraison,CA,Deliveroo,1
9586,0,47.7,43.35,2018-05-16,2 - Midi,3 - Mercredi,Livraison,CA,Foodora,1
9587,0,109.5,99.52,2018-05-16,2 - Midi,3 - Mercredi,Livraison,CA,UberEats,1
9590,0,12.9,11.73,2018-05-16,2 - Midi,3 - Mercredi,Sur place,CA,,1
9591,0,597.3,543.07,2018-05-16,2 - Midi,3 - Mercredi,Sur place,CA,,39
9592,0,51.6,46.92,2018-05-16,3 - Après-midi,3 - Mercredi,À emporter,CA,,2
9593,0,105.63,95.43,2018-05-16,3 - Après-midi,3 - Mercredi,Livraison,CA,KM,3
9595,-12,0.0,0.0,2018-05-16,4 - Soir,3 - Mercredi,,CA,,0
9599,0,11.56,10.51,2018-05-16,4 - Soir,3 - Mercredi,À emporter,CA,KM,1
9600,0,10.0,9.09,2018-05-16,4 - Soir,3 - Mercredi,À emporter,CA,,1
9601,0,243.8,221.55,2018-05-16,4 - Soir,3 - Mercredi,À emporter,CA,,14
9604,0,2.8,2.55,2018-05-16,4 - Soir,3 - Mercredi,Limonade,CA,,1
9605,0,153.6,139.6,2018-05-16,4 - Soir,3 - Mercredi,Livraison,CA,AlloResto,1
9606,0,336.8,305.96,2018-05-16,4 - Soir,3 - Mercredi,Livraison,CA,Deliveroo,1
9607,0,193.5,175.87,2018-05-16,4 - Soir,3 - Mercredi,Livraison,CA,Foodora,1
9608,0,157.7,142.6,2018-05-16,4 - Soir,3 - Mercredi,Livraison,CA,KM,4
9609,0,239.2,217.41,2018-05-16,4 - Soir,3 - Mercredi,Livraison,CA,UberEats,1
9611,0,168.9,153.41,2018-05-16,4 - Soir,3 - Mercredi,Sur place,CA,,8
9612,218,0.0,0.0,2018-05-17,,4 - Jeudi,,CA,,0
9614,0,25.8,23.45,2018-05-17,1 - Matin,4 - Jeudi,À emporter,CA,KM,1
9615,0,11.5,10.45,2018-05-17,1 - Matin,4 - Jeudi,Sur place,CA,,1
9616,0,15.9,14.45,2018-05-17,2 - Midi,4 - Jeudi,À emporter,CA,,1
9617,0,403.2,366.42,2018-05-17,2 - Midi,4 - Jeudi,À emporter,CA,,28
9618,0,-62.1,-62.24,2018-05-17,2 - Midi,4 - Jeudi,Limonade,CA,,1
9620,0,48.65,44.21,2018-05-17,2 - Midi,4 - Jeudi,Livraison,CA,AlloResto,1
9621,0,64.8,58.92,2018-05-17,2 - Midi,4 - Jeudi,Livraison,CA,Deliveroo,1
9622,0,30.4,27.63,2018-05-17,2 - Midi,4 - Jeudi,Livraison,CA,Foodora,1
9623,0,45.7,41.36,2018-05-17,2 - Midi,4 - Jeudi,Livraison,CA,KM,1
9624,0,16.3,14.81,2018-05-17,2 - Midi,4 - Jeudi,Livraison,CA,UberEats,1
9627,0,88.5,80.0,2018-05-17,2 - Midi,4 - Jeudi,Sur place,CA,,3
9628,0,665.7,604.01,2018-05-17,2 - Midi,4 - Jeudi,Sur place,CA,,41
9630,-12,0.0,0.0,2018-05-17,4 - Soir,4 - Jeudi,,CA,,0
9633,0,186.0,169.11,2018-05-17,4 - Soir,4 - Jeudi,À emporter,CA,,12
9636,0,222.55,201.9,2018-05-17,4 - Soir,4 - Jeudi,Livraison,CA,AlloResto,1
9637,0,381.4,346.64,2018-05-17,4 - Soir,4 - Jeudi,Livraison,CA,Deliveroo,1
9638,0,244.1,221.82,2018-05-17,4 - Soir,4 - Jeudi,Livraison,CA,Foodora,1
9639,0,217.85,196.69,2018-05-17,4 - Soir,4 - Jeudi,Livraison,CA,KM,7
9640,0,280.6,255.01,2018-05-17,4 - Soir,4 - Jeudi,Livraison,CA,UberEats,2
9643,0,83.4,75.82,2018-05-17,4 - Soir,4 - Jeudi,Sur place,CA,,4
9645,292,0.0,0.0,2018-05-18,,5 - Vendredi,,CA,,0
9647,0,39.9,36.28,2018-05-18,1 - Matin,5 - Vendredi,À emporter,CA,KM,1
9648,0,23.4,21.08,2018-05-18,1 - Matin,5 - Vendredi,Livraison,CA,KM,1
9650,0,12.9,11.73,2018-05-18,1 - Matin,5 - Vendredi,Sur place,CA,,1
9652,-1,0.0,0.0,2018-05-18,2 - Midi,5 - Vendredi,,CA,,0
9655,0,40.8,37.01,2018-05-18,2 - Midi,5 - Vendredi,À emporter,CA,,3
9656,0,180.2,163.75,2018-05-18,2 - Midi,5 - Vendredi,À emporter,CA,,12
9658,0,8.0,7.28,2018-05-18,2 - Midi,5 - Vendredi,Limonade,CA,,1
9659,0,49.6,45.08,2018-05-18,2 - Midi,5 - Vendredi,Livraison,CA,AlloResto,1
9660,0,171.1,155.53,2018-05-18,2 - Midi,5 - Vendredi,Livraison,CA,Deliveroo,1
9661,0,44.4,40.36,2018-05-18,2 - Midi,5 - Vendredi,Livraison,CA,Foodora,1
9662,0,115.8,105.23,2018-05-18,2 - Midi,5 - Vendredi,Livraison,CA,UberEats,1
9664,0,40.7,37.0,2018-05-18,2 - Midi,5 - Vendredi,Sur place,CA,KM,1
9665,0,268.51,243.5,2018-05-18,2 - Midi,5 - Vendredi,Sur place,CA,,17
9666,0,598.23,543.3,2018-05-18,2 - Midi,5 - Vendredi,Sur place,CA,,36
9669,0,72.96,65.94,2018-05-18,3 - Après-midi,5 - Vendredi,Livraison,CA,KM,2
9671,0,70.45,64.03,2018-05-18,4 - Soir,5 - Vendredi,À emporter,CA,AlloResto,1
9672,0,106.83,97.11,2018-05-18,4 - Soir,5 - Vendredi,À emporter,CA,KM,4
9673,0,167.9,152.52,2018-05-18,4 - Soir,5 - Vendredi,À emporter,CA,,9
9675,0,1.5,1.36,2018-05-18,4 - Soir,5 - Vendredi,Limonade,CA,,1
9676,0,723.3,657.43,2018-05-18,4 - Soir,5 - Vendredi,Livraison,CA,Deliveroo,1
9677,0,512.6,465.87,2018-05-18,4 - Soir,5 - Vendredi,Livraison,CA,Foodora,1
9678,0,321.52,290.73,2018-05-18,4 - Soir,5 - Vendredi,Livraison,CA,KM,8
9679,0,486.6,441.71,2018-05-18,4 - Soir,5 - Vendredi,Livraison,CA,UberEats,1
9682,0,289.3,262.77,2018-05-18,4 - Soir,5 - Vendredi,Sur place,CA,,12
9683,231,0.0,0.0,2018-05-19,,6 - Samedi,,CA,,0
9685,0,43.5,39.53,2018-05-19,2 - Midi,6 - Samedi,À emporter,CA,,1
9686,0,133.6,121.27,2018-05-19,2 - Midi,6 - Samedi,À emporter,CA,,5
9687,0,6.0,5.45,2018-05-19,2 - Midi,6 - Samedi,Limonade,CA,,2
9688,0,56.4,51.26,2018-05-19,2 - Midi,6 - Samedi,Livraison,CA,Foodora,1
9689,0,35.7,32.26,2018-05-19,2 - Midi,6 - Samedi,Livraison,CA,KM,1
9690,0,62.5,56.82,2018-05-19,2 - Midi,6 - Samedi,Sur place,CA,,2
9691,0,437.4,397.38,2018-05-19,2 - Midi,6 - Samedi,Sur place,CA,,16
9692,0,67.5,61.37,2018-05-19,3 - Après-midi,6 - Samedi,À emporter,CA,,4
9693,0,14.38,11.51,2018-05-19,3 - Après-midi,6 - Samedi,Limonade,CA,,5
9695,0,140.65,127.82,2018-05-19,3 - Après-midi,6 - Samedi,Livraison,CA,AlloResto,1
9696,0,484.3,440.21,2018-05-19,3 - Après-midi,6 - Samedi,Livraison,CA,Deliveroo,2
9697,0,120.2,109.25,2018-05-19,3 - Après-midi,6 - Samedi,Livraison,CA,Foodora,1
9698,0,565.9,514.33,2018-05-19,3 - Après-midi,6 - Samedi,Livraison,CA,UberEats,2
9700,0,206.5,187.21,2018-05-19,3 - Après-midi,6 - Samedi,Sur place,CA,,7
9701,-13,0.0,0.0,2018-05-19,4 - Soir,6 - Samedi,,CA,,0
9704,0,34.9,31.73,2018-05-19,4 - Soir,6 - Samedi,À emporter,CA,KM,1
9705,0,264.1,240.08,2018-05-19,4 - Soir,6 - Samedi,À emporter,CA,,9
9706,0,50.55,45.94,2018-05-19,4 - Soir,6 - Samedi,Livraison,CA,AlloResto,1
9707,0,296.84,268.12,2018-05-19,4 - Soir,6 - Samedi,Livraison,CA,KM,9
9709,0,201.1,182.36,2018-05-19,4 - Soir,6 - Samedi,Sur place,CA,,11
9711,180,0.0,0.0,2018-05-20,,7 - Dimanche,,CA,,0
9714,0,15.4,14.0,2018-05-20,3 - Après-midi,7 - Dimanche,À emporter,CA,,1
9715,0,5.0,4.54,2018-05-20,3 - Après-midi,7 - Dimanche,Limonade,CA,,1
9716,0,26.33,23.75,2018-05-20,3 - Après-midi,7 - Dimanche,Livraison,CA,KM,1
9718,0,23.0,20.46,2018-05-20,3 - Après-midi,7 - Dimanche,Sur place,CA,,1
9719,-5,0.0,0.0,2018-05-20,4 - Soir,7 - Dimanche,,CA,,0
9722,0,117.4,106.64,2018-05-20,4 - Soir,7 - Dimanche,À emporter,CA,,6
9723,0,20.4,18.55,2018-05-20,4 - Soir,7 - Dimanche,Limonade,CA,,2
9724,0,349.9,318.02,2018-05-20,4 - Soir,7 - Dimanche,Livraison,CA,AlloResto,1
9725,0,348.2,316.5,2018-05-20,4 - Soir,7 - Dimanche,Livraison,CA,Deliveroo,1
9726,0,276.8,251.56,2018-05-20,4 - Soir,7 - Dimanche,Livraison,CA,Foodora,1
9727,0,239.42,216.08,2018-05-20,4 - Soir,7 - Dimanche,Livraison,CA,KM,8
9728,0,790.6,718.55,2018-05-20,4 - Soir,7 - Dimanche,Livraison,CA,UberEats,1
9733,0,36.8,33.45,2018-05-20,4 - Soir,7 - Dimanche,Sur place,CA,Foodora,1
9734,0,462.76,419.7,2018-05-20,4 - Soir,7 - Dimanche,Sur place,CA,,18
9738,269,0.0,0.0,2018-05-21,,1 - Lundi,,CA,,0
9740,0,218.5,198.65,2018-05-21,2 - Midi,1 - Lundi,À emporter,CA,,12
9741,0,272.0,247.21,2018-05-21,2 - Midi,1 - Lundi,Livraison,CA,Deliveroo,1
9742,0,97.0,88.16,2018-05-21,2 - Midi,1 - Lundi,Livraison,CA,Foodora,1
9743,0,34.26,30.95,2018-05-21,2 - Midi,1 - Lundi,Livraison,CA,KM,1
9744,0,151.3,137.51,2018-05-21,2 - Midi,1 - Lundi,Livraison,CA,UberEats,1
9747,0,857.3,779.03,2018-05-21,2 - Midi,1 - Lundi,Sur place,CA,,41
9748,0,18.9,17.18,2018-05-21,3 - Après-midi,1 - Lundi,À emporter,CA,KM,1
9749,0,40.7,36.84,2018-05-21,3 - Après-midi,1 - Lundi,À emporter,CA,,1
9750,0,28.3,25.54,2018-05-21,3 - Après-midi,1 - Lundi,Livraison,CA,KM,1
9752,-11,0.0,0.0,2018-05-21,4 - Soir,1 - Lundi,,CA,,0
9755,0,50.6,46.01,2018-05-21,4 - Soir,1 - Lundi,À emporter,CA,KM,2
9756,0,134.3,122.11,2018-05-21,4 - Soir,1 - Lundi,À emporter,CA,,7
9757,0,27.1,23.67,2018-05-21,4 - Soir,1 - Lundi,Limonade,CA,,5
9758,0,302.35,274.82,2018-05-21,4 - Soir,1 - Lundi,Livraison,CA,AlloResto,1
9759,0,417.8,379.52,2018-05-21,4 - Soir,1 - Lundi,Livraison,CA,Deliveroo,1
9760,0,335.1,304.1,2018-05-21,4 - Soir,1 - Lundi,Livraison,CA,Foodora,1
9761,0,163.45,147.62,2018-05-21,4 - Soir,1 - Lundi,Livraison,CA,KM,5
9762,0,485.1,440.9,2018-05-21,4 - Soir,1 - Lundi,Livraison,CA,UberEats,1
9766,0,262.6,238.74,2018-05-21,4 - Soir,1 - Lundi,Sur place,CA,,11
9768,173,0.0,0.0,2018-05-22,,2 - Mardi,,CA,,0
9770,-5,0.0,0.0,2018-05-22,2 - Midi,2 - Mardi,,CA,,0
9773,0,166.8,151.64,2018-05-22,2 - Midi,2 - Mardi,À emporter,CA,,12
9775,0,16.5,14.99,2018-05-22,2 - Midi,2 - Mardi,Limonade,CA,,4
9777,0,36.2,32.9,2018-05-22,2 - Midi,2 - Mardi,Livraison,CA,AlloResto,1
9778,0,86.5,78.63,2018-05-22,2 - Midi,2 - Mardi,Livraison,CA,Deliveroo,1
9779,0,69.1,62.8,2018-05-22,2 - Midi,2 - Mardi,Livraison,CA,Foodora,1
9780,0,154.4,140.32,2018-05-22,2 - Midi,2 - Mardi,Livraison,CA,UberEats,1
9783,0,584.0,530.42,2018-05-22,2 - Midi,2 - Mardi,Sur place,CA,,33
9785,0,35.8,32.35,2018-05-22,3 - Après-midi,2 - Mardi,Livraison,CA,KM,1
9786,-10,0.0,0.0,2018-05-22,4 - Soir,2 - Mardi,,CA,,0
9789,0,48.1,43.73,2018-05-22,4 - Soir,2 - Mardi,À emporter,CA,KM,1
9790,0,164.1,149.17,2018-05-22,4 - Soir,2 - Mardi,À emporter,CA,,8
9791,0,-12.26,-12.63,2018-05-22,4 - Soir,2 - Mardi,Limonade,CA,,3
9793,0,244.35,222.09,2018-05-22,4 - Soir,2 - Mardi,Livraison,CA,AlloResto,1
9794,0,57.2,51.99,2018-05-22,4 - Soir,2 - Mardi,Livraison,CA,Deliveroo,1
9795,0,138.8,126.14,2018-05-22,4 - Soir,2 - Mardi,Livraison,CA,Foodora,1
9796,0,145.18,131.19,2018-05-22,4 - Soir,2 - Mardi,Livraison,CA,KM,4
9797,0,248.5,225.84,2018-05-22,4 - Soir,2 - Mardi,Livraison,CA,UberEats,1
9800,0,194.8,176.85,2018-05-22,4 - Soir,2 - Mardi,Sur place,CA,,8
9802,185,0.0,0.0,2018-05-23,,3 - Mercredi,,CA,,0
9804,-2,0.0,0.0,2018-05-23,2 - Midi,3 - Mercredi,,CA,,0
9808,0,124.16,112.86,2018-05-23,2 - Midi,3 - Mercredi,À emporter,CA,,9
9811,0,-102.0,-102.27,2018-05-23,2 - Midi,3 - Mercredi,Limonade,CA,,2
9813,0,16.4,14.91,2018-05-23,2 - Midi,3 - Mercredi,Livraison,CA,Deliveroo,1
9814,0,120.2,109.26,2018-05-23,2 - Midi,3 - Mercredi,Livraison,CA,Foodora,1
9815,0,35.1,31.71,2018-05-23,2 - Midi,3 - Mercredi,Livraison,CA,KM,1
9817,0,717.85,652.25,2018-05-23,2 - Midi,3 - Mercredi,Sur place,CA,,42
9820,-7,0.0,0.0,2018-05-23,4 - Soir,3 - Mercredi,,CA,,0
9824,0,23.4,21.27,2018-05-23,4 - Soir,3 - Mercredi,À emporter,CA,KM,1
9825,0,122.8,111.02,2018-05-23,4 - Soir,3 - Mercredi,À emporter,CA,,7
9826,0,6.0,5.45,2018-05-23,4 - Soir,3 - Mercredi,Limonade,CA,UberEats,1
9827,0,5.5,5.0,2018-05-23,4 - Soir,3 - Mercredi,Limonade,CA,,2
9828,0,151.8,137.97,2018-05-23,4 - Soir,3 - Mercredi,Livraison,CA,AlloResto,2
9829,0,341.1,309.76,2018-05-23,4 - Soir,3 - Mercredi,Livraison,CA,Deliveroo,1
9830,0,175.2,159.23,2018-05-23,4 - Soir,3 - Mercredi,Livraison,CA,Foodora,1
9831,0,188.02,169.74,2018-05-23,4 - Soir,3 - Mercredi,Livraison,CA,KM,6
9832,0,368.9,335.3,2018-05-23,4 - Soir,3 - Mercredi,Livraison,CA,UberEats,2
9836,0,232.9,211.73,2018-05-23,4 - Soir,3 - Mercredi,Sur place,CA,,10
9838,204,0.0,0.0,2018-05-24,,4 - Jeudi,,CA,,0
9841,-3,0.0,0.0,2018-05-24,2 - Midi,4 - Jeudi,,CA,,0
9844,0,22.55,20.49,2018-05-24,2 - Midi,4 - Jeudi,À emporter,CA,KM,1
9845,0,254.4,231.22,2018-05-24,2 - Midi,4 - Jeudi,À emporter,CA,,15
9847,0,1.1,0.83,2018-05-24,2 - Midi,4 - Jeudi,Limonade,CA,,2
9849,0,31.9,29.01,2018-05-24,2 - Midi,4 - Jeudi,Livraison,CA,AlloResto,1
9850,0,91.1,82.8,2018-05-24,2 - Midi,4 - Jeudi,Livraison,CA,Deliveroo,1
9851,0,74.6,67.81,2018-05-24,2 - Midi,4 - Jeudi,Livraison,CA,Foodora,1
9852,0,105.6,95.98,2018-05-24,2 - Midi,4 - Jeudi,Livraison,CA,UberEats,1
9854,0,475.0,431.63,2018-05-24,2 - Midi,4 - Jeudi,Sur place,CA,,33
9856,0,24.4,22.18,2018-05-24,3 - Après-midi,4 - Jeudi,À emporter,CA,KM,1
9857,0,15.9,14.45,2018-05-24,3 - Après-midi,4 - Jeudi,À emporter,CA,,1
9858,0,-9.04,-9.04,2018-05-24,3 - Après-midi,4 - Jeudi,Limonade,CA,,1
9861,-18,0.0,0.0,2018-05-24,4 - Soir,4 - Jeudi,,CA,,0
9864,0,328.6,298.73,2018-05-24,4 - Soir,4 - Jeudi,À emporter,CA,,15
9866,0,10.86,9.55,2018-05-24,4 - Soir,4 - Jeudi,Limonade,CA,,4
9868,0,222.1,201.86,2018-05-24,4 - Soir,4 - Jeudi,Livraison,CA,AlloResto,1
9869,0,182.0,165.43,2018-05-24,4 - Soir,4 - Jeudi,Livraison,CA,Deliveroo,1
9870,0,62.2,56.54,2018-05-24,4 - Soir,4 - Jeudi,Livraison,CA,Foodora,1
9871,0,146.71,132.6,2018-05-24,4 - Soir,4 - Jeudi,Livraison,CA,KM,4
9872,0,463.6,421.35,2018-05-24,4 - Soir,4 - Jeudi,Livraison,CA,UberEats,1
9875,0,173.4,157.47,2018-05-24,4 - Soir,4 - Jeudi,Sur place,CA,,6
9876,271,0.0,0.0,2018-05-25,,5 - Vendredi,,CA,,0
9878,0,15.9,14.45,2018-05-25,2 - Midi,5 - Vendredi,À emporter,CA,,1
9879,0,304.4,276.76,2018-05-25,2 - Midi,5 - Vendredi,À emporter,CA,,21
9880,0,12.5,11.14,2018-05-25,2 - Midi,5 - Vendredi,Limonade,CA,,3
9881,0,61.2,55.63,2018-05-25,2 - Midi,5 - Vendredi,Livraison,CA,Deliveroo,1
9882,0,41.9,38.08,2018-05-25,2 - Midi,5 - Vendredi,Livraison,CA,Foodora,1
9883,0,37.8,34.17,2018-05-25,2 - Midi,5 - Vendredi,Livraison,CA,KM,1
9884,0,191.5,174.04,2018-05-25,2 - Midi,5 - Vendredi,Livraison,CA,UberEats,1
9886,0,434.6,394.83,2018-05-25,2 - Midi,5 - Vendredi,Sur place,CA,,18
9887,0,29.0,26.36,2018-05-25,3 - Après-midi,5 - Vendredi,À emporter,CA,KM,1
9888,0,92.6,83.94,2018-05-25,3 - Après-midi,5 - Vendredi,À emporter,CA,,3
9889,0,128.43,115.98,2018-05-25,3 - Après-midi,5 - Vendredi,Livraison,CA,KM,4
9891,0,25.8,23.46,2018-05-25,3 - Après-midi,5 - Vendredi,Sur place,CA,,1
9893,-17,0.0,0.0,2018-05-25,4 - Soir,5 - Vendredi,,CA,,0
9896,0,98.25,89.29,2018-05-25,4 - Soir,5 - Vendredi,À emporter,CA,AlloResto,1
9897,0,474.06,430.6,2018-05-25,4 - Soir,5 - Vendredi,À emporter,CA,,21
9899,0,470.1,427.34,2018-05-25,4 - Soir,5 - Vendredi,Livraison,CA,Deliveroo,1
9900,0,498.6,453.15,2018-05-25,4 - Soir,5 - Vendredi,Livraison,CA,Foodora,1
9901,0,260.64,235.57,2018-05-25,4 - Soir,5 - Vendredi,Livraison,CA,KM,7
9902,0,423.1,384.55,2018-05-25,4 - Soir,5 - Vendredi,Livraison,CA,UberEats,1
9906,0,201.6,182.85,2018-05-25,4 - Soir,5 - Vendredi,Sur place,CA,,10
9908,252,0.0,0.0,2018-05-26,,6 - Samedi,,CA,,0
9910,0,242.3,220.24,2018-05-26,2 - Midi,6 - Samedi,À emporter,CA,,12
9911,0,26.24,23.26,2018-05-26,2 - Midi,6 - Samedi,Limonade,CA,,7
9913,0,831.81,755.07,2018-05-26,2 - Midi,6 - Samedi,Sur place,CA,,33
9915,0,62.3,56.64,2018-05-26,3 - Après-midi,6 - Samedi,À emporter,CA,,4
9916,0,6.3,4.93,2018-05-26,3 - Après-midi,6 - Samedi,Limonade,CA,,4
9918,0,209.3,190.22,2018-05-26,3 - Après-midi,6 - Samedi,Livraison,CA,AlloResto,1
9919,0,586.7,532.98,2018-05-26,3 - Après-midi,6 - Samedi,Livraison,CA,Deliveroo,1
9920,0,304.6,276.85,2018-05-26,3 - Après-midi,6 - Samedi,Livraison,CA,Foodora,1
9921,0,543.0,493.29,2018-05-26,3 - Après-midi,6 - Samedi,Livraison,CA,UberEats,1
9923,0,78.52,71.38,2018-05-26,3 - Après-midi,6 - Samedi,Sur place,CA,,4
9925,-15,0.0,0.0,2018-05-26,4 - Soir,6 - Samedi,,CA,,0
9928,0,30.5,27.72,2018-05-26,4 - Soir,6 - Samedi,À emporter,CA,Deliveroo,1
9929,0,16.0,14.55,2018-05-26,4 - Soir,6 - Samedi,À emporter,CA,Foodora,1
9930,0,243.9,219.67,2018-05-26,4 - Soir,6 - Samedi,À emporter,CA,,11
9931,0,30.3,26.81,2018-05-26,4 - Soir,6 - Samedi,Limonade,CA,,3
9932,0,62.0,52.64,2018-05-26,4 - Soir,6 - Samedi,Limonade,CA,,5
9933,0,28.8,26.18,2018-05-26,4 - Soir,6 - Samedi,Sur place,CA,,1
9934,0,388.6,352.29,2018-05-26,4 - Soir,6 - Samedi,Sur place,CA,,19
9936,208,0.0,0.0,2018-05-27,,7 - Dimanche,,CA,,0
9939,0,18.0,15.0,2018-05-27,3 - Après-midi,7 - Dimanche,Limonade,CA,,1
9940,0,55.3,48.91,2018-05-27,3 - Après-midi,7 - Dimanche,Sur place,CA,,3
9941,-8,0.0,0.0,2018-05-27,4 - Soir,7 - Dimanche,,CA,,0
9944,0,87.57,79.61,2018-05-27,4 - Soir,7 - Dimanche,À emporter,CA,KM,3
9945,0,196.6,178.45,2018-05-27,4 - Soir,7 - Dimanche,À emporter,CA,,10
9947,0,4.0,3.64,2018-05-27,4 - Soir,7 - Dimanche,Limonade,CA,,1
9948,0,72.05,65.48,2018-05-27,4 - Soir,7 - Dimanche,Livraison,CA,AlloResto,1
9949,0,563.1,511.71,2018-05-27,4 - Soir,7 - Dimanche,Livraison,CA,Deliveroo,1
9950,0,650.1,589.04,2018-05-27,4 - Soir,7 - Dimanche,Livraison,CA,Foodora,1
9951,0,555.91,502.3,2018-05-27,4 - Soir,7 - Dimanche,Livraison,CA,KM,16
9952,0,556.0,505.33,2018-05-27,4 - Soir,7 - Dimanche,Livraison,CA,UberEats,1
9955,0,265.7,239.9,2018-05-27,4 - Soir,7 - Dimanche,Sur place,CA,,13
9959,234,0.0,0.0,2018-05-28,,1 - Lundi,,CA,,0
9962,0,123.2,111.81,2018-05-28,2 - Midi,1 - Lundi,À emporter,CA,,8
9963,0,-8.77,-9.13,2018-05-28,2 - Midi,1 - Lundi,Limonade,CA,,2
9965,0,65.6,59.63,2018-05-28,2 - Midi,1 - Lundi,Livraison,CA,AlloResto,1
9966,0,119.1,108.29,2018-05-28,2 - Midi,1 - Lundi,Livraison,CA,Deliveroo,1
9967,0,179.3,162.97,2018-05-28,2 - Midi,1 - Lundi,Livraison,CA,Foodora,1
9968,0,23.86,21.48,2018-05-28,2 - Midi,1 - Lundi,Livraison,CA,KM,1
9969,0,65.3,59.36,2018-05-28,2 - Midi,1 - Lundi,Livraison,CA,UberEats,1
9972,0,663.1,599.96,2018-05-28,2 - Midi,1 - Lundi,Sur place,CA,,37
9975,0,27.4,24.9,2018-05-28,3 - Après-midi,1 - Lundi,À emporter,CA,,1
9976,0,3.5,3.18,2018-05-28,3 - Après-midi,1 - Lundi,Limonade,CA,,1
9977,-10,0.0,0.0,2018-05-28,4 - Soir,1 - Lundi,,CA,,0
9980,0,179.1,162.82,2018-05-28,4 - Soir,1 - Lundi,À emporter,CA,,8
9981,0,1.5,1.36,2018-05-28,4 - Soir,1 - Lundi,Limonade,CA,,1
9982,0,96.1,87.34,2018-05-28,4 - Soir,1 - Lundi,Livraison,CA,AlloResto,1
9983,0,537.2,488.29,2018-05-28,4 - Soir,1 - Lundi,Livraison,CA,Deliveroo,1
9984,0,920.2,836.04,2018-05-28,4 - Soir,1 - Lundi,Livraison,CA,Foodora,1
9985,0,53.78,48.51,2018-05-28,4 - Soir,1 - Lundi,Livraison,CA,KM,2
9986,0,151.6,137.81,2018-05-28,4 - Soir,1 - Lundi,Livraison,CA,UberEats,1
9989,0,172.5,156.05,2018-05-28,4 - Soir,1 - Lundi,Sur place,CA,,6
9991,250,0.0,0.0,2018-05-29,,2 - Mardi,,CA,,0
9994,0,12.9,11.73,2018-05-29,1 - Matin,2 - Mardi,À emporter,CA,KM,1
9995,0,26.8,24.36,2018-05-29,2 - Midi,2 - Mardi,À emporter,CA,KM,1
9996,0,321.1,291.91,2018-05-29,2 - Midi,2 - Mardi,À emporter,CA,,20
9997,0,4.86,4.0,2018-05-29,2 - Midi,2 - Mardi,Limonade,CA,,5
10000,0,97.0,88.16,2018-05-29,2 - Midi,2 - Mardi,Livraison,CA,Deliveroo,1
10001,0,53.25,48.02,2018-05-29,2 - Midi,2 - Mardi,Livraison,CA,KM,2
10002,0,71.7,65.18,2018-05-29,2 - Midi,2 - Mardi,Livraison,CA,UberEats,1
10005,0,83.2,75.61,2018-05-29,2 - Midi,2 - Mardi,Sur place,CA,Foodora,1
10006,0,696.91,631.55,2018-05-29,2 - Midi,2 - Mardi,Sur place,CA,,44
10009,0,20.4,18.55,2018-05-29,3 - Après-midi,2 - Mardi,À emporter,CA,KM,1
10010,0,14.7,13.37,2018-05-29,3 - Après-midi,2 - Mardi,À emporter,CA,,1
10012,0,54.2,49.08,2018-05-29,3 - Après-midi,2 - Mardi,Livraison,CA,KM,1
10013,-13,0.0,0.0,2018-05-29,4 - Soir,2 - Mardi,,CA,,0
10016,0,78.4,71.27,2018-05-29,4 - Soir,2 - Mardi,À emporter,CA,KM,2
10017,0,67.0,60.91,2018-05-29,4 - Soir,2 - Mardi,À emporter,CA,,3
10019,0,15.5,14.09,2018-05-29,4 - Soir,2 - Mardi,Limonade,CA,,3
10020,0,276.1,250.91,2018-05-29,4 - Soir,2 - Mardi,Livraison,CA,AlloResto,1
10021,0,222.6,202.34,2018-05-29,4 - Soir,2 - Mardi,Livraison,CA,Deliveroo,1
10022,0,701.4,635.64,2018-05-29,4 - Soir,2 - Mardi,Livraison,CA,Foodora,1
10023,0,127.55,115.19,2018-05-29,4 - Soir,2 - Mardi,Livraison,CA,KM,4
10024,0,216.9,197.13,2018-05-29,4 - Soir,2 - Mardi,Livraison,CA,UberEats,1
10028,0,378.96,342.17,2018-05-29,4 - Soir,2 - Mardi,Sur place,CA,,15
10031,221,0.0,0.0,2018-05-30,,3 - Mercredi,,CA,,0
10033,0,128.6,116.93,2018-05-30,2 - Midi,3 - Mercredi,À emporter,CA,,9
10034,0,83.6,75.98,2018-05-30,2 - Midi,3 - Mercredi,Limonade,CA,UberEats,1
10035,0,18.0,16.36,2018-05-30,2 - Midi,3 - Mercredi,Limonade,CA,,4
10037,0,67.7,61.55,2018-05-30,2 - Midi,3 - Mercredi,Livraison,CA,Deliveroo,1
10038,0,126.2,114.7,2018-05-30,2 - Midi,3 - Mercredi,Livraison,CA,Foodora,1
10040,0,974.2,884.89,2018-05-30,2 - Midi,3 - Mercredi,Sur place,CA,,52
10043,0,25.8,23.46,2018-05-30,3 - Après-midi,3 - Mercredi,À emporter,CA,,1
10044,0,1.5,1.36,2018-05-30,3 - Après-midi,3 - Mercredi,Limonade,CA,,1
10045,0,78.53,70.81,2018-05-30,3 - Après-midi,3 - Mercredi,Livraison,CA,KM,3
10048,0,287.46,261.25,2018-05-30,4 - Soir,3 - Mercredi,À emporter,CA,,16
10050,0,42.5,37.28,2018-05-30,4 - Soir,3 - Mercredi,Limonade,CA,,2
10051,0,228.7,207.89,2018-05-30,4 - Soir,3 - Mercredi,Livraison,CA,Deliveroo,1
10052,0,415.0,372.98,2018-05-30,4 - Soir,3 - Mercredi,Livraison,CA,Foodora,2
10053,0,140.02,126.49,2018-05-30,4 - Soir,3 - Mercredi,Livraison,CA,KM,4
10054,0,283.5,257.65,2018-05-30,4 - Soir,3 - Mercredi,Livraison,CA,UberEats,1
10060,0,186.7,169.63,2018-05-30,4 - Soir,3 - Mercredi,Sur place,CA,AlloResto,1
10061,0,255.0,229.07,2018-05-30,4 - Soir,3 - Mercredi,Sur place,CA,,6
10064,251,0.0,0.0,2018-05-31,,4 - Jeudi,,CA,,0
10067,0,15.9,14.45,2018-05-31,2 - Midi,4 - Jeudi,À emporter,CA,KM,1
10068,0,133.7,121.54,2018-05-31,2 - Midi,4 - Jeudi,À emporter,CA,,7
10069,0,-7.98,-7.98,2018-05-31,2 - Midi,4 - Jeudi,Limonade,CA,,1
10071,0,31.3,28.45,2018-05-31,2 - Midi,4 - Jeudi,Livraison,CA,AlloResto,1
10072,0,59.8,54.36,2018-05-31,2 - Midi,4 - Jeudi,Livraison,CA,Deliveroo,1
10073,0,129.5,112.44,2018-05-31,2 - Midi,4 - Jeudi,Livraison,CA,Foodora,1
10074,0,28.3,25.54,2018-05-31,2 - Midi,4 - Jeudi,Livraison,CA,KM,1
10075,0,101.9,92.62,2018-05-31,2 - Midi,4 - Jeudi,Livraison,CA,UberEats,1
10079,0,980.6,890.02,2018-05-31,2 - Midi,4 - Jeudi,Sur place,CA,,54
10084,0,29.0,26.36,2018-05-31,3 - Après-midi,4 - Jeudi,À emporter,CA,KM,1
10085,0,5.0,4.54,2018-05-31,3 - Après-midi,4 - Jeudi,Limonade,CA,,2
10087,0,48.0,43.25,2018-05-31,3 - Après-midi,4 - Jeudi,Livraison,CA,KM,2
10088,-11,0.0,0.0,2018-05-31,4 - Soir,4 - Jeudi,,CA,,0
10091,0,192.8,175.18,2018-05-31,4 - Soir,4 - Jeudi,À emporter,CA,,9
10092,0,9.0,7.5,2018-05-31,4 - Soir,4 - Jeudi,Limonade,CA,,1
10093,0,132.3,120.25,2018-05-31,4 - Soir,4 - Jeudi,Livraison,CA,AlloResto,2
10094,0,167.9,152.39,2018-05-31,4 - Soir,4 - Jeudi,Livraison,CA,Deliveroo,1
10095,0,951.3,864.31,2018-05-31,4 - Soir,4 - Jeudi,Livraison,CA,Foodora,7
10096,0,32.3,29.16,2018-05-31,4 - Soir,4 - Jeudi,Livraison,CA,KM,1
10097,0,266.4,242.12,2018-05-31,4 - Soir,4 - Jeudi,Livraison,CA,UberEats,1
10099,0,222.0,201.74,2018-05-31,4 - Soir,4 - Jeudi,Sur place,CA,,15
10101,362,0.0,0.0,2018-06-01,,5 - Vendredi,,CA,,0
10104,-2,0.0,0.0,2018-06-01,2 - Midi,5 - Vendredi,,CA,,0
10107,0,419.8,381.55,2018-06-01,2 - Midi,5 - Vendredi,À emporter,CA,,29
10108,0,1.5,1.36,2018-06-01,2 - Midi,5 - Vendredi,Limonade,CA,,1
10109,0,30.8,28.01,2018-06-01,2 - Midi,5 - Vendredi,Livraison,CA,AlloResto,1
10110,0,40.9,37.18,2018-06-01,2 - Midi,5 - Vendredi,Livraison,CA,Deliveroo,1
10111,0,213.3,180.2,2018-06-01,2 - Midi,5 - Vendredi,Livraison,CA,Foodora,1
10112,0,42.2,38.16,2018-06-01,2 - Midi,5 - Vendredi,Livraison,CA,KM,1
10113,0,218.7,198.77,2018-06-01,2 - Midi,5 - Vendredi,Livraison,CA,UberEats,1
10117,0,965.91,876.9,2018-06-01,2 - Midi,5 - Vendredi,Sur place,CA,,49
10121,0,41.7,37.91,2018-06-01,3 - Après-midi,5 - Vendredi,À emporter,CA,,2
10122,0,31.3,28.26,2018-06-01,3 - Après-midi,5 - Vendredi,Livraison,CA,KM,1
10123,0,31.8,28.9,2018-06-01,3 - Après-midi,5 - Vendredi,Sur place,CA,,1
10124,-16,0.0,0.0,2018-06-01,4 - Soir,5 - Vendredi,,CA,,0
10127,0,33.5,30.46,2018-06-01,4 - Soir,5 - Vendredi,À emporter,CA,KM,1
10128,0,295.1,268.31,2018-06-01,4 - Soir,5 - Vendredi,À emporter,CA,,17
10130,0,47.9,42.96,2018-06-01,4 - Soir,5 - Vendredi,Limonade,CA,,5
10131,0,428.2,389.3,2018-06-01,4 - Soir,5 - Vendredi,Livraison,CA,Deliveroo,2
10132,0,1041.3,886.97,2018-06-01,4 - Soir,5 - Vendredi,Livraison,CA,Foodora,1
10133,0,221.08,199.82,2018-06-01,4 - Soir,5 - Vendredi,Livraison,CA,KM,6
10134,0,430.5,391.27,2018-06-01,4 - Soir,5 - Vendredi,Livraison,CA,UberEats,1
10139,0,630.3,571.0,2018-06-01,4 - Soir,5 - Vendredi,Sur place,CA,,19
10141,276,0.0,0.0,2018-06-02,,6 - Samedi,,CA,,0
10146,-2,0.0,0.0,2018-06-02,2 - Midi,6 - Samedi,,CA,,0
10149,0,139.0,126.15,2018-06-02,2 - Midi,6 - Samedi,À emporter,CA,,6
10151,0,24.0,21.84,2018-06-02,2 - Midi,6 - Samedi,Limonade,CA,,6
10152,0,97.4,88.55,2018-06-02,2 - Midi,6 - Samedi,Livraison,CA,Deliveroo,1
10153,0,250.5,227.68,2018-06-02,2 - Midi,6 - Samedi,Livraison,CA,Foodora,1
10154,0,79.5,72.25,2018-06-02,2 - Midi,6 - Samedi,Livraison,CA,UberEats,1
10158,0,384.3,349.03,2018-06-02,2 - Midi,6 - Samedi,Sur place,CA,,17
10160,0,9.9,9.0,2018-06-02,3 - Après-midi,6 - Samedi,À emporter,CA,,1
10161,0,-20.12,-20.44,2018-06-02,3 - Après-midi,6 - Samedi,Limonade,CA,,3
10163,0,290.7,264.25,2018-06-02,3 - Après-midi,6 - Samedi,Livraison,CA,Deliveroo,1
10164,0,932.5,799.18,2018-06-02,3 - Après-midi,6 - Samedi,Livraison,CA,Foodora,1
10165,0,73.83,66.93,2018-06-02,3 - Après-midi,6 - Samedi,Livraison,CA,KM,1
10166,0,329.2,299.2,2018-06-02,3 - Après-midi,6 - Samedi,Livraison,CA,UberEats,1
10171,0,180.2,163.74,2018-06-02,3 - Après-midi,6 - Samedi,Sur place,CA,,6
10172,-18,0.0,0.0,2018-06-02,4 - Soir,6 - Samedi,,CA,,0
10175,0,378.7,343.9,2018-06-02,4 - Soir,6 - Samedi,À emporter,CA,,17
10176,0,-3.3,-3.3,2018-06-02,4 - Soir,6 - Samedi,Limonade,CA,,1
10178,0,130.1,117.91,2018-06-02,4 - Soir,6 - Samedi,Livraison,CA,AlloResto,1
10179,0,81.6,74.19,2018-06-02,4 - Soir,6 - Samedi,Livraison,CA,Deliveroo,1
10180,0,238.88,215.61,2018-06-02,4 - Soir,6 - Samedi,Livraison,CA,KM,8
10181,0,20.9,19.0,2018-06-02,4 - Soir,6 - Samedi,Livraison,CA,UberEats,1
10185,0,199.06,180.7,2018-06-02,4 - Soir,6 - Samedi,Sur place,CA,,9
10188,193,0.0,0.0,2018-06-03,,7 - Dimanche,,CA,,0
10190,0,27.8,25.28,2018-06-03,3 - Après-midi,7 - Dimanche,À emporter,CA,KM,1
10191,0,60.1,54.64,2018-06-03,3 - Après-midi,7 - Dimanche,À emporter,CA,,2
10192,0,2.5,2.27,2018-06-03,3 - Après-midi,7 - Dimanche,Limonade,CA,,1
10193,0,78.7,71.15,2018-06-03,3 - Après-midi,7 - Dimanche,Livraison,CA,KM,2
10195,0,7.5,6.82,2018-06-03,3 - Après-midi,7 - Dimanche,Sur place,CA,,1
10196,-9,0.0,0.0,2018-06-03,4 - Soir,7 - Dimanche,,CA,,0
10199,0,30.3,27.55,2018-06-03,4 - Soir,7 - Dimanche,À emporter,CA,KM,1
10200,0,311.2,282.9,2018-06-03,4 - Soir,7 - Dimanche,À emporter,CA,,14
10201,0,11.9,10.22,2018-06-03,4 - Soir,7 - Dimanche,Limonade,CA,,1
10202,0,346.9,314.86,2018-06-03,4 - Soir,7 - Dimanche,Livraison,CA,AlloResto,1
10203,0,308.0,280.02,2018-06-03,4 - Soir,7 - Dimanche,Livraison,CA,Deliveroo,1
10204,0,972.4,883.75,2018-06-03,4 - Soir,7 - Dimanche,Livraison,CA,Foodora,1
10205,0,253.55,229.34,2018-06-03,4 - Soir,7 - Dimanche,Livraison,CA,KM,6
10206,0,187.9,170.8,2018-06-03,4 - Soir,7 - Dimanche,Livraison,CA,UberEats,1
10212,0,231.8,209.33,2018-06-03,4 - Soir,7 - Dimanche,Sur place,CA,,11
10214,195,0.0,0.0,2018-06-04,,1 - Lundi,,CA,,0
10219,0,60.6,55.09,2018-06-04,2 - Midi,1 - Lundi,À emporter,CA,,4
10220,0,140.6,127.54,2018-06-04,2 - Midi,1 - Lundi,À emporter,CA,,9
10221,0,21.0,19.1,2018-06-04,2 - Midi,1 - Lundi,Limonade,CA,,7
10222,0,82.7,75.17,2018-06-04,2 - Midi,1 - Lundi,Livraison,CA,AlloResto,1
10223,0,15.9,14.45,2018-06-04,2 - Midi,1 - Lundi,Livraison,CA,Deliveroo,1
10224,0,15.9,14.45,2018-06-04,2 - Midi,1 - Lundi,Livraison,CA,Foodora,1
10225,0,91.9,82.96,2018-06-04,2 - Midi,1 - Lundi,Livraison,CA,KM,3
10226,0,70.9,64.44,2018-06-04,2 - Midi,1 - Lundi,Livraison,CA,UberEats,1
10230,0,155.8,141.58,2018-06-04,2 - Midi,1 - Lundi,Sur place,CA,,7
10231,0,489.6,444.81,2018-06-04,2 - Midi,1 - Lundi,Sur place,CA,,28
10232,0,58.21,52.53,2018-06-04,3 - Après-midi,1 - Lundi,Livraison,CA,KM,2
10234,-13,0.0,0.0,2018-06-04,4 - Soir,1 - Lundi,,CA,,0
10237,0,11.2,10.18,2018-06-04,4 - Soir,1 - Lundi,À emporter,CA,KM,1
10238,0,224.8,204.29,2018-06-04,4 - Soir,1 - Lundi,À emporter,CA,,13
10241,0,6.45,5.72,2018-06-04,4 - Soir,1 - Lundi,Limonade,CA,,2
10243,0,176.0,159.7,2018-06-04,4 - Soir,1 - Lundi,Livraison,CA,AlloResto,1
10244,0,215.7,194.61,2018-06-04,4 - Soir,1 - Lundi,Livraison,CA,Deliveroo,1
10245,0,294.8,267.98,2018-06-04,4 - Soir,1 - Lundi,Livraison,CA,Foodora,1
10246,0,145.1,131.12,2018-06-04,4 - Soir,1 - Lundi,Livraison,CA,KM,4
10247,0,311.1,282.76,2018-06-04,4 - Soir,1 - Lundi,Livraison,CA,UberEats,1
10253,0,160.0,145.38,2018-06-04,4 - Soir,1 - Lundi,Sur place,CA,,9
10255,202,0.0,0.0,2018-06-05,,2 - Mardi,,CA,,0
10258,0,39.18,35.62,2018-06-05,2 - Midi,2 - Mardi,À emporter,CA,KM,1
10259,0,31.3,28.26,2018-06-05,2 - Midi,2 - Mardi,À emporter,CA,,1
10260,0,55.3,50.27,2018-06-05,2 - Midi,2 - Mardi,À emporter,CA,,4
10263,0,18.4,16.72,2018-06-05,2 - Midi,2 - Mardi,Livraison,CA,AlloResto,1
10264,0,44.3,40.28,2018-06-05,2 - Midi,2 - Mardi,Livraison,CA,Deliveroo,1
10265,0,15.9,14.45,2018-06-05,2 - Midi,2 - Mardi,Livraison,CA,Foodora,1
10266,0,115.5,104.99,2018-06-05,2 - Midi,2 - Mardi,Livraison,CA,UberEats,1
10267,0,50.8,45.79,2018-06-05,2 - Midi,2 - Mardi,Sur place,CA,,3
10268,0,402.4,365.82,2018-06-05,2 - Midi,2 - Mardi,Sur place,CA,,14
10269,0,449.8,408.92,2018-06-05,2 - Midi,2 - Mardi,Sur place,CA,,26
10270,0,36.3,33.01,2018-06-05,3 - Après-midi,2 - Mardi,Sur place,CA,,2
10272,-14,0.0,0.0,2018-06-05,4 - Soir,2 - Mardi,,CA,,0
10275,0,121.7,109.15,2018-06-05,4 - Soir,2 - Mardi,À emporter,CA,,7
10278,0,3.5,3.18,2018-06-05,4 - Soir,2 - Mardi,Limonade,CA,,1
10279,0,418.0,379.93,2018-06-05,4 - Soir,2 - Mardi,Livraison,CA,AlloResto,1
10280,0,291.4,264.88,2018-06-05,4 - Soir,2 - Mardi,Livraison,CA,Deliveroo,1
10281,0,183.0,166.32,2018-06-05,4 - Soir,2 - Mardi,Livraison,CA,Foodora,1
10282,0,117.01,105.59,2018-06-05,4 - Soir,2 - Mardi,Livraison,CA,KM,4
10283,0,447.5,406.72,2018-06-05,4 - Soir,2 - Mardi,Livraison,CA,UberEats,1
10287,0,46.2,42.0,2018-06-05,4 - Soir,2 - Mardi,Sur place,CA,,3
10289,263,0.0,0.0,2018-06-06,,3 - Mercredi,,CA,,0
10293,0,25.8,23.46,2018-06-06,2 - Midi,3 - Mercredi,À emporter,CA,KM,2
10294,0,241.26,219.26,2018-06-06,2 - Midi,3 - Mercredi,À emporter,CA,,16
10297,0,20.5,18.64,2018-06-06,2 - Midi,3 - Mercredi,Limonade,CA,,7
10298,0,34.3,31.17,2018-06-06,2 - Midi,3 - Mercredi,Livraison,CA,AlloResto,1
10299,0,27.4,24.9,2018-06-06,2 - Midi,3 - Mercredi,Livraison,CA,Deliveroo,1
10300,0,33.4,30.36,2018-06-06,2 - Midi,3 - Mercredi,Livraison,CA,Foodora,1
10301,0,82.4,74.7,2018-06-06,2 - Midi,3 - Mercredi,Livraison,CA,KM,1
10302,0,15.5,14.1,2018-06-06,2 - Midi,3 - Mercredi,Livraison,CA,UberEats,1
10303,0,992.42,900.07,2018-06-06,2 - Midi,3 - Mercredi,Sur place,CA,,57
10307,0,37.3,33.91,2018-06-06,3 - Après-midi,3 - Mercredi,À emporter,CA,,2
10308,0,3.5,3.18,2018-06-06,3 - Après-midi,3 - Mercredi,Limonade,CA,,1
10309,0,29.3,26.43,2018-06-06,3 - Après-midi,3 - Mercredi,Livraison,CA,KM,1
10310,0,25.8,23.46,2018-06-06,3 - Après-midi,3 - Mercredi,Sur place,CA,,1
10311,-14,0.0,0.0,2018-06-06,4 - Soir,3 - Mercredi,,CA,,0
10314,0,70.7,64.26,2018-06-06,4 - Soir,3 - Mercredi,À emporter,CA,KM,2
10315,0,229.5,208.51,2018-06-06,4 - Soir,3 - Mercredi,À emporter,CA,,10
10316,0,4.0,3.63,2018-06-06,4 - Soir,3 - Mercredi,Limonade,CA,,2
10317,0,139.7,126.96,2018-06-06,4 - Soir,3 - Mercredi,Livraison,CA,AlloResto,1
10318,0,312.7,284.22,2018-06-06,4 - Soir,3 - Mercredi,Livraison,CA,Deliveroo,1
10319,0,227.8,207.05,2018-06-06,4 - Soir,3 - Mercredi,Livraison,CA,Foodora,1
10320,0,244.35,220.6,2018-06-06,4 - Soir,3 - Mercredi,Livraison,CA,KM,8
10321,0,655.5,595.43,2018-06-06,4 - Soir,3 - Mercredi,Livraison,CA,UberEats,2
10323,0,255.9,232.04,2018-06-06,4 - Soir,3 - Mercredi,Sur place,CA,,12
10325,249,0.0,0.0,2018-06-07,,4 - Jeudi,,CA,,0
10328,0,-3.99,-3.99,2018-06-07,1 - Matin,4 - Jeudi,Limonade,CA,,1
10330,0,339.7,308.76,2018-06-07,2 - Midi,4 - Jeudi,À emporter,CA,,21
10331,0,9.0,8.17,2018-06-07,2 - Midi,4 - Jeudi,Limonade,CA,,3
10332,0,18.4,16.72,2018-06-07,2 - Midi,4 - Jeudi,Livraison,CA,AlloResto,1
10333,0,72.3,65.71,2018-06-07,2 - Midi,4 - Jeudi,Livraison,CA,Deliveroo,1
10334,0,46.3,42.08,2018-06-07,2 - Midi,4 - Jeudi,Livraison,CA,Foodora,1
10335,0,29.2,26.36,2018-06-07,2 - Midi,4 - Jeudi,Livraison,CA,KM,1
10336,0,93.0,84.54,2018-06-07,2 - Midi,4 - Jeudi,Livraison,CA,UberEats,1
10339,0,632.4,574.46,2018-06-07,2 - Midi,4 - Jeudi,Sur place,CA,,39
10340,0,3.0,2.73,2018-06-07,3 - Après-midi,4 - Jeudi,Limonade,CA,,1
10341,0,70.71,63.89,2018-06-07,3 - Après-midi,4 - Jeudi,Livraison,CA,KM,2
10343,-15,0.0,0.0,2018-06-07,4 - Soir,4 - Jeudi,,CA,,0
10346,0,45.34,41.21,2018-06-07,4 - Soir,4 - Jeudi,À emporter,CA,KM,2
10347,0,78.7,71.55,2018-06-07,4 - Soir,4 - Jeudi,À emporter,CA,,3
10349,0,185.5,168.59,2018-06-07,4 - Soir,4 - Jeudi,Livraison,CA,AlloResto,1
10350,0,436.1,394.99,2018-06-07,4 - Soir,4 - Jeudi,Livraison,CA,Deliveroo,1
10351,0,240.9,218.98,2018-06-07,4 - Soir,4 - Jeudi,Livraison,CA,Foodora,1
10352,0,190.72,172.44,2018-06-07,4 - Soir,4 - Jeudi,Livraison,CA,KM,5
10353,0,336.0,305.4,2018-06-07,4 - Soir,4 - Jeudi,Livraison,CA,UberEats,1
10358,0,580.7,524.7,2018-06-07,4 - Soir,4 - Jeudi,Sur place,CA,,25
10362,304,0.0,0.0,2018-06-08,,5 - Vendredi,,CA,,0
10364,0,-7.48,-7.48,2018-06-08,1 - Matin,5 - Vendredi,Limonade,CA,,1
10366,0,16.35,14.86,2018-06-08,2 - Midi,5 - Vendredi,À emporter,CA,KM,1
10367,0,82.9,75.37,2018-06-08,2 - Midi,5 - Vendredi,À emporter,CA,,6
10368,0,222.0,201.63,2018-06-08,2 - Midi,5 - Vendredi,À emporter,CA,,12
10370,0,4.0,3.63,2018-06-08,2 - Midi,5 - Vendredi,Limonade,CA,,1
10371,0,17.0,14.99,2018-06-08,2 - Midi,5 - Vendredi,Limonade,CA,,3
10372,0,35.4,32.19,2018-06-08,2 - Midi,5 - Vendredi,Livraison,CA,AlloResto,1
10373,0,15.9,14.45,2018-06-08,2 - Midi,5 - Vendredi,Livraison,CA,Deliveroo,1
10374,0,62.4,56.72,2018-06-08,2 - Midi,5 - Vendredi,Livraison,CA,Foodora,1
10375,0,37.74,34.12,2018-06-08,2 - Midi,5 - Vendredi,Livraison,CA,KM,1
10376,0,89.5,81.34,2018-06-08,2 - Midi,5 - Vendredi,Livraison,CA,UberEats,1
10378,0,252.8,229.67,2018-06-08,2 - Midi,5 - Vendredi,Sur place,CA,,14
10379,0,403.8,366.61,2018-06-08,2 - Midi,5 - Vendredi,Sur place,CA,,25
10380,0,5.0,4.54,2018-06-08,3 - Après-midi,5 - Vendredi,Limonade,CA,,1
10381,-17,0.0,0.0,2018-06-08,4 - Soir,5 - Vendredi,,CA,,0
10385,0,118.8,108.0,2018-06-08,4 - Soir,5 - Vendredi,À emporter,CA,KM,4
10386,0,242.1,219.82,2018-06-08,4 - Soir,5 - Vendredi,À emporter,CA,,8
10388,0,-5.49,-6.99,2018-06-08,4 - Soir,5 - Vendredi,Limonade,CA,,3
10390,0,336.2,305.31,2018-06-08,4 - Soir,5 - Vendredi,Livraison,CA,AlloResto,1
10391,0,385.5,350.16,2018-06-08,4 - Soir,5 - Vendredi,Livraison,CA,Deliveroo,1
10392,0,267.0,242.71,2018-06-08,4 - Soir,5 - Vendredi,Livraison,CA,Foodora,1
10393,0,327.02,295.34,2018-06-08,4 - Soir,5 - Vendredi,Livraison,CA,KM,10
10394,0,964.8,876.87,2018-06-08,4 - Soir,5 - Vendredi,Livraison,CA,UberEats,1
10399,0,476.0,432.5,2018-06-08,4 - Soir,5 - Vendredi,Sur place,CA,,18
10401,233,0.0,0.0,2018-06-09,,6 - Samedi,,CA,,0
10405,0,28.8,26.18,2018-06-09,2 - Midi,6 - Samedi,À emporter,CA,KM,1
10406,0,41.7,37.91,2018-06-09,2 - Midi,6 - Samedi,À emporter,CA,,2
10407,0,72.7,65.61,2018-06-09,2 - Midi,6 - Samedi,À emporter,CA,,4
10408,0,8.5,7.73,2018-06-09,2 - Midi,6 - Samedi,Limonade,CA,,1
10409,0,245.2,222.84,2018-06-09,2 - Midi,6 - Samedi,Livraison,CA,Deliveroo,1
10410,0,55.5,50.07,2018-06-09,2 - Midi,6 - Samedi,Livraison,CA,KM,2
10412,0,132.0,119.79,2018-06-09,2 - Midi,6 - Samedi,Sur place,CA,,6
10413,0,440.1,396.14,2018-06-09,2 - Midi,6 - Samedi,Sur place,CA,,14
10416,0,49.3,44.81,2018-06-09,3 - Après-midi,6 - Samedi,À emporter,CA,Deliveroo,1
10417,0,15.9,14.45,2018-06-09,3 - Après-midi,6 - Samedi,À emporter,CA,,1
10418,0,70.5,61.55,2018-06-09,3 - Après-midi,6 - Samedi,Limonade,CA,,12
10419,0,88.0,79.97,2018-06-09,3 - Après-midi,6 - Samedi,Livraison,CA,AlloResto,1
10420,0,89.5,81.35,2018-06-09,3 - Après-midi,6 - Samedi,Livraison,CA,Foodora,1
10421,0,31.4,28.36,2018-06-09,3 - Après-midi,6 - Samedi,Livraison,CA,KM,1
10422,0,177.5,161.32,2018-06-09,3 - Après-midi,6 - Samedi,Livraison,CA,UberEats,1
10425,0,184.7,167.89,2018-06-09,3 - Après-midi,6 - Samedi,Sur place,CA,,6
10426,-13,0.0,0.0,2018-06-09,4 - Soir,6 - Samedi,,CA,,0
10429,0,139.6,126.94,2018-06-09,4 - Soir,6 - Samedi,À emporter,CA,,7
10432,0,86.9,74.46,2018-06-09,4 - Soir,6 - Samedi,Limonade,CA,,10
10433,0,194.9,177.13,2018-06-09,4 - Soir,6 - Samedi,Livraison,CA,AlloResto,1
10434,0,143.1,129.8,2018-06-09,4 - Soir,6 - Samedi,Livraison,CA,Deliveroo,1
10435,0,177.0,160.87,2018-06-09,4 - Soir,6 - Samedi,Livraison,CA,Foodora,1
10436,0,154.3,139.49,2018-06-09,4 - Soir,6 - Samedi,Livraison,CA,KM,4
10437,0,353.2,321.0,2018-06-09,4 - Soir,6 - Samedi,Livraison,CA,UberEats,1
10441,0,529.3,480.71,2018-06-09,4 - Soir,6 - Samedi,Sur place,CA,,18
10442,193,0.0,0.0,2018-06-10,,7 - Dimanche,,CA,,0
10445,0,28.8,26.18,2018-06-10,3 - Après-midi,7 - Dimanche,À emporter,CA,,1
10446,0,4.0,3.64,2018-06-10,3 - Après-midi,7 - Dimanche,Limonade,CA,,1
10447,0,52.79,47.79,2018-06-10,3 - Après-midi,7 - Dimanche,Livraison,CA,KM,1
10449,0,15.4,13.81,2018-06-10,3 - Après-midi,7 - Dimanche,Sur place,CA,,1
10450,-8,0.0,0.0,2018-06-10,4 - Soir,7 - Dimanche,,CA,,0
10454,0,56.98,51.79,2018-06-10,4 - Soir,7 - Dimanche,À emporter,CA,KM,2
10455,0,218.8,197.84,2018-06-10,4 - Soir,7 - Dimanche,À emporter,CA,,11
10459,0,2.5,2.27,2018-06-10,4 - Soir,7 - Dimanche,Limonade,CA,,1
10460,0,276.5,251.32,2018-06-10,4 - Soir,7 - Dimanche,Livraison,CA,AlloResto,1
10461,0,585.6,532.25,2018-06-10,4 - Soir,7 - Dimanche,Livraison,CA,Deliveroo,1
10462,0,330.8,300.67,2018-06-10,4 - Soir,7 - Dimanche,Livraison,CA,Foodora,1
10463,0,175.9,158.95,2018-06-10,4 - Soir,7 - Dimanche,Livraison,CA,KM,5
10464,0,784.8,713.33,2018-06-10,4 - Soir,7 - Dimanche,Livraison,CA,UberEats,1
10467,0,322.9,293.1,2018-06-10,4 - Soir,7 - Dimanche,Sur place,CA,,12
10469,213,0.0,0.0,2018-06-11,,1 - Lundi,,CA,,0
10471,0,18.4,16.53,2018-06-11,2 - Midi,1 - Lundi,À emporter,CA,,1
10472,0,139.7,126.51,2018-06-11,2 - Midi,1 - Lundi,À emporter,CA,,8
10473,0,1.5,1.36,2018-06-11,2 - Midi,1 - Lundi,Limonade,CA,,1
10474,0,56.61,51.07,2018-06-11,2 - Midi,1 - Lundi,Livraison,CA,KM,2
10475,0,211.2,191.95,2018-06-11,2 - Midi,1 - Lundi,Livraison,CA,UberEats,1
10479,0,67.0,60.73,2018-06-11,2 - Midi,1 - Lundi,Sur place,CA,,3
10480,0,576.7,523.65,2018-06-11,2 - Midi,1 - Lundi,Sur place,CA,,34
10481,0,110.5,99.86,2018-06-11,3 - Après-midi,1 - Lundi,Livraison,CA,KM,3
10482,-11,0.0,0.0,2018-06-11,4 - Soir,1 - Lundi,,CA,,0
10486,0,105.4,95.67,2018-06-11,4 - Soir,1 - Lundi,À emporter,CA,,6
10487,0,36.0,30.23,2018-06-11,4 - Soir,1 - Lundi,Limonade,CA,,3
10488,0,242.6,220.5,2018-06-11,4 - Soir,1 - Lundi,Livraison,CA,AlloResto,1
10489,0,310.2,281.68,2018-06-11,4 - Soir,1 - Lundi,Livraison,CA,Deliveroo,1
10490,0,339.4,308.45,2018-06-11,4 - Soir,1 - Lundi,Livraison,CA,Foodora,1
10491,0,49.7,44.79,2018-06-11,4 - Soir,1 - Lundi,Livraison,CA,KM,2
10492,0,538.2,489.15,2018-06-11,4 - Soir,1 - Lundi,Livraison,CA,UberEats,1
10496,0,284.3,257.9,2018-06-11,4 - Soir,1 - Lundi,Sur place,CA,,15
10498,170,0.0,0.0,2018-06-12,,2 - Mardi,,CA,,0
10500,0,-0.68,-0.82,2018-06-12,1 - Matin,2 - Mardi,Limonade,CA,,2
10502,-1,0.0,0.0,2018-06-12,2 - Midi,2 - Mardi,,CA,,0
10505,0,16.0,14.55,2018-06-12,2 - Midi,2 - Mardi,À emporter,CA,KM,1
10506,0,117.8,107.09,2018-06-12,2 - Midi,2 - Mardi,À emporter,CA,,8
10507,0,-46.9,-47.17,2018-06-12,2 - Midi,2 - Mardi,Limonade,CA,,2
10509,0,34.9,31.72,2018-06-12,2 - Midi,2 - Mardi,Livraison,CA,Deliveroo,1
10510,0,47.7,43.35,2018-06-12,2 - Midi,2 - Mardi,Livraison,CA,Foodora,1
10511,0,31.8,28.9,2018-06-12,2 - Midi,2 - Mardi,Livraison,CA,UberEats,1
10513,0,501.7,455.6,2018-06-12,2 - Midi,2 - Mardi,Sur place,CA,,31
10515,0,12.9,11.73,2018-06-12,3 - Après-midi,2 - Mardi,À emporter,CA,,1
10516,0,35.8,32.35,2018-06-12,3 - Après-midi,2 - Mardi,Livraison,CA,KM,1
10517,0,31.8,28.9,2018-06-12,3 - Après-midi,2 - Mardi,Sur place,CA,,1
10518,-10,0.0,0.0,2018-06-12,4 - Soir,2 - Mardi,,CA,,0
10521,0,31.8,28.9,2018-06-12,4 - Soir,2 - Mardi,À emporter,CA,,1
10522,0,177.4,161.27,2018-06-12,4 - Soir,2 - Mardi,À emporter,CA,,7
10524,0,1.5,1.36,2018-06-12,4 - Soir,2 - Mardi,Limonade,CA,,1
10525,0,120.3,109.35,2018-06-12,4 - Soir,2 - Mardi,Livraison,CA,AlloResto,1
10526,0,260.8,237.07,2018-06-12,4 - Soir,2 - Mardi,Livraison,CA,Deliveroo,1
10527,0,211.2,191.98,2018-06-12,4 - Soir,2 - Mardi,Livraison,CA,Foodora,1
10528,0,371.53,335.42,2018-06-12,4 - Soir,2 - Mardi,Livraison,CA,KM,12
10529,0,294.7,267.84,2018-06-12,4 - Soir,2 - Mardi,Livraison,CA,UberEats,1
10532,0,124.2,112.9,2018-06-12,4 - Soir,2 - Mardi,Sur place,CA,,3
10533,240,0.0,0.0,2018-06-13,,3 - Mercredi,,CA,,0
10535,0,19.9,18.09,2018-06-13,2 - Midi,3 - Mercredi,À emporter,CA,,1
10536,0,260.2,236.57,2018-06-13,2 - Midi,3 - Mercredi,À emporter,CA,,16
10537,0,4.0,3.63,2018-06-13,2 - Midi,3 - Mercredi,Limonade,CA,,1
10538,0,10.5,9.54,2018-06-13,2 - Midi,3 - Mercredi,Limonade,CA,,2
10539,0,28.5,25.9,2018-06-13,2 - Midi,3 - Mercredi,Livraison,CA,AlloResto,1
10540,0,80.6,73.16,2018-06-13,2 - Midi,3 - Mercredi,Livraison,CA,Deliveroo,1
10541,0,105.8,96.17,2018-06-13,2 - Midi,3 - Mercredi,Livraison,CA,Foodora,1
10542,0,97.4,87.95,2018-06-13,2 - Midi,3 - Mercredi,Livraison,CA,KM,3
10543,0,168.6,153.23,2018-06-13,2 - Midi,3 - Mercredi,Livraison,CA,UberEats,1
10544,0,199.7,181.36,2018-06-13,2 - Midi,3 - Mercredi,Sur place,CA,,10
10545,0,394.1,358.28,2018-06-13,2 - Midi,3 - Mercredi,Sur place,CA,,23
10546,0,13.9,12.64,2018-06-13,3 - Après-midi,3 - Mercredi,À emporter,CA,,1
10547,0,81.9,74.07,2018-06-13,3 - Après-midi,3 - Mercredi,Livraison,CA,KM,2
10548,0,21.4,19.45,2018-06-13,3 - Après-midi,3 - Mercredi,Sur place,CA,,1
10549,-10,0.0,0.0,2018-06-13,4 - Soir,3 - Mercredi,,CA,,0
10552,0,90.3,82.11,2018-06-13,4 - Soir,3 - Mercredi,À emporter,CA,,4
10553,0,-25.0,-27.16,2018-06-13,4 - Soir,3 - Mercredi,Limonade,CA,,3
10555,0,75.8,68.91,2018-06-13,4 - Soir,3 - Mercredi,Livraison,CA,AlloResto,1
10556,0,541.9,492.53,2018-06-13,4 - Soir,3 - Mercredi,Livraison,CA,Deliveroo,1
10557,0,237.8,215.78,2018-06-13,4 - Soir,3 - Mercredi,Livraison,CA,Foodora,1
10558,0,242.59,218.97,2018-06-13,4 - Soir,3 - Mercredi,Livraison,CA,KM,8
10559,0,474.6,431.33,2018-06-13,4 - Soir,3 - Mercredi,Livraison,CA,UberEats,1
10564,0,360.5,325.58,2018-06-13,4 - Soir,3 - Mercredi,Sur place,CA,,15
10566,209,0.0,0.0,2018-06-14,,4 - Jeudi,,CA,,0
10568,0,-2.05,-2.05,2018-06-14,1 - Matin,4 - Jeudi,Limonade,CA,,1
10570,0,39.4,35.74,2018-06-14,2 - Midi,4 - Jeudi,À emporter,CA,,3
10571,0,4.5,3.75,2018-06-14,2 - Midi,4 - Jeudi,Limonade,CA,,1
10572,0,309.5,281.28,2018-06-14,2 - Midi,4 - Jeudi,Livraison,CA,Deliveroo,1
10573,0,29.3,26.44,2018-06-14,2 - Midi,4 - Jeudi,Livraison,CA,KM,1
10574,0,328.4,298.48,2018-06-14,2 - Midi,4 - Jeudi,Livraison,CA,UberEats,1
10576,0,112.3,101.89,2018-06-14,2 - Midi,4 - Jeudi,Sur place,CA,,5
10577,0,663.2,602.56,2018-06-14,2 - Midi,4 - Jeudi,Sur place,CA,,42
10578,0,38.21,34.54,2018-06-14,3 - Après-midi,4 - Jeudi,Livraison,CA,KM,1
10580,0,25.8,23.46,2018-06-14,3 - Après-midi,4 - Jeudi,Sur place,CA,,1
10581,-12,0.0,0.0,2018-06-14,4 - Soir,4 - Jeudi,,CA,,0
10584,0,157.6,143.25,2018-06-14,4 - Soir,4 - Jeudi,À emporter,CA,,8
10586,0,17.0,14.77,2018-06-14,4 - Soir,4 - Jeudi,Limonade,CA,,5
10587,0,256.5,233.13,2018-06-14,4 - Soir,4 - Jeudi,Livraison,CA,AlloResto,1
10588,0,515.7,468.67,2018-06-14,4 - Soir,4 - Jeudi,Livraison,CA,Foodora,1
10589,0,257.67,232.71,2018-06-14,4 - Soir,4 - Jeudi,Livraison,CA,KM,8
10591,0,15.9,14.45,2018-06-14,4 - Soir,4 - Jeudi,Sur place,CA,KM,1
10592,0,166.9,151.56,2018-06-14,4 - Soir,4 - Jeudi,Sur place,CA,,10
10593,335,0.0,0.0,2018-06-15,,5 - Vendredi,,CA,,0
10596,0,20.09,18.07,2018-06-15,1 - Matin,5 - Vendredi,Livraison,CA,KM,1
10599,-3,0.0,0.0,2018-06-15,2 - Midi,5 - Vendredi,,CA,,0
10602,0,58.6,53.28,2018-06-15,2 - Midi,5 - Vendredi,À emporter,CA,,4
10603,0,247.9,225.28,2018-06-15,2 - Midi,5 - Vendredi,À emporter,CA,,14
10604,0,7.5,6.59,2018-06-15,2 - Midi,5 - Vendredi,Limonade,CA,,2
10605,0,855.0,735.11,2018-06-15,2 - Midi,5 - Vendredi,Livraison,CA,Deliveroo,1
10606,0,195.9,177.89,2018-06-15,2 - Midi,5 - Vendredi,Livraison,CA,KM,1
10607,0,58.74,53.0,2018-06-15,2 - Midi,5 - Vendredi,Livraison,CA,KM,2
10611,0,153.86,139.45,2018-06-15,2 - Midi,5 - Vendredi,Sur place,CA,,11
10612,0,738.21,670.05,2018-06-15,2 - Midi,5 - Vendredi,Sur place,CA,,47
10617,0,72.81,65.8,2018-06-15,3 - Après-midi,5 - Vendredi,Livraison,CA,KM,2
10618,0,644.1,567.55,2018-06-15,3 - Après-midi,5 - Vendredi,Livraison,CA,UberEats,1
10622,0,55.1,50.09,2018-06-15,3 - Après-midi,5 - Vendredi,Sur place,CA,,1
10623,-14,0.0,0.0,2018-06-15,4 - Soir,5 - Vendredi,,CA,,0
10626,0,239.8,217.81,2018-06-15,4 - Soir,5 - Vendredi,À emporter,CA,,14
10627,0,292.3,265.13,2018-06-15,4 - Soir,5 - Vendredi,Livraison,CA,AlloResto,1
10628,0,90.4,82.17,2018-06-15,4 - Soir,5 - Vendredi,Livraison,CA,Foodora,1
10629,0,449.59,406.4,2018-06-15,4 - Soir,5 - Vendredi,Livraison,CA,KM,12
10633,0,366.1,332.18,2018-06-15,4 - Soir,5 - Vendredi,Sur place,CA,,17
10635,294,0.0,0.0,2018-06-16,,6 - Samedi,,CA,,0
10638,0,448.3,407.47,2018-06-16,2 - Midi,6 - Samedi,À emporter,CA,UberEats,1
10639,0,29.8,27.1,2018-06-16,2 - Midi,6 - Samedi,À emporter,CA,,1
10641,0,4.0,3.63,2018-06-16,2 - Midi,6 - Samedi,Limonade,CA,,1
10642,0,65.2,59.26,2018-06-16,2 - Midi,6 - Samedi,Livraison,CA,AlloResto,1
10643,0,472.8,429.5,2018-06-16,2 - Midi,6 - Samedi,Livraison,CA,Deliveroo,1
10644,0,181.8,165.24,2018-06-16,2 - Midi,6 - Samedi,Livraison,CA,Foodora,1
10648,0,378.2,342.77,2018-06-16,2 - Midi,6 - Samedi,Sur place,CA,,14
10651,0,12.9,11.73,2018-06-16,3 - Après-midi,6 - Samedi,À emporter,CA,,1
10652,0,5.0,4.54,2018-06-16,3 - Après-midi,6 - Samedi,Limonade,CA,,1
10653,0,38.2,34.54,2018-06-16,3 - Après-midi,6 - Samedi,Livraison,CA,KM,1
10655,-10,0.0,0.0,2018-06-16,4 - Soir,6 - Samedi,,CA,,0
10658,0,56.7,51.55,2018-06-16,4 - Soir,6 - Samedi,À emporter,CA,KM,1
10659,0,262.8,238.81,2018-06-16,4 - Soir,6 - Samedi,À emporter,CA,,8
10660,0,8.0,6.54,2018-06-16,4 - Soir,6 - Samedi,Limonade,CA,,4
10662,0,197.6,179.62,2018-06-16,4 - Soir,6 - Samedi,Livraison,CA,AlloResto,1
10663,0,452.9,411.6,2018-06-16,4 - Soir,6 - Samedi,Livraison,CA,Deliveroo,1
10664,0,27.4,23.46,2018-06-16,4 - Soir,6 - Samedi,Livraison,CA,Foodora,1
10665,0,343.5,310.92,2018-06-16,4 - Soir,6 - Samedi,Livraison,CA,KM,7
10666,0,554.5,503.98,2018-06-16,4 - Soir,6 - Samedi,Livraison,CA,UberEats,1
10674,0,645.31,586.26,2018-06-16,4 - Soir,6 - Samedi,Sur place,CA,,20
10677,196,0.0,0.0,2018-06-17,,7 - Dimanche,,CA,,0
10680,0,34.3,30.13,2018-06-17,3 - Après-midi,7 - Dimanche,À emporter,CA,,2
10683,0,9.0,7.5,2018-06-17,3 - Après-midi,7 - Dimanche,Limonade,CA,,1
10684,0,73.87,66.77,2018-06-17,3 - Après-midi,7 - Dimanche,Livraison,CA,KM,2
10687,0,38.7,35.19,2018-06-17,3 - Après-midi,7 - Dimanche,Sur place,CA,,2
10688,-8,0.0,0.0,2018-06-17,4 - Soir,7 - Dimanche,,CA,,0
10691,0,293.4,266.54,2018-06-17,4 - Soir,7 - Dimanche,À emporter,CA,,14
10695,0,2.5,2.27,2018-06-17,4 - Soir,7 - Dimanche,Limonade,CA,,1
10696,0,17.5,15.22,2018-06-17,4 - Soir,7 - Dimanche,Limonade,CA,,5
10697,0,190.3,172.95,2018-06-17,4 - Soir,7 - Dimanche,Livraison,CA,AlloResto,1
10698,0,663.6,602.78,2018-06-17,4 - Soir,7 - Dimanche,Livraison,CA,Deliveroo,1
10699,0,230.1,208.92,2018-06-17,4 - Soir,7 - Dimanche,Livraison,CA,Foodora,1
10700,0,141.4,127.58,2018-06-17,4 - Soir,7 - Dimanche,Livraison,CA,KM,5
10701,0,888.1,781.04,2018-06-17,4 - Soir,7 - Dimanche,Livraison,CA,UberEats,1
10705,0,178.2,161.82,2018-06-17,4 - Soir,7 - Dimanche,Sur place,CA,,8
10708,143,0.0,0.0,2018-06-18,,1 - Lundi,,CA,,0
10711,0,148.9,135.29,2018-06-18,2 - Midi,1 - Lundi,À emporter,CA,,10
10713,0,362.71,329.69,2018-06-18,2 - Midi,1 - Lundi,Sur place,CA,,26
10715,0,15.4,13.81,2018-06-18,3 - Après-midi,1 - Lundi,À emporter,CA,,1
10716,0,3.0,2.73,2018-06-18,3 - Après-midi,1 - Lundi,Limonade,CA,,1
10717,-10,0.0,0.0,2018-06-18,4 - Soir,1 - Lundi,,CA,,0
10720,0,47.06,42.79,2018-06-18,4 - Soir,1 - Lundi,À emporter,CA,KM,2
10721,0,124.2,112.92,2018-06-18,4 - Soir,1 - Lundi,À emporter,CA,,6
10724,0,292.3,265.67,2018-06-18,4 - Soir,1 - Lundi,Limonade,CA,UberEats,1
10725,0,1.5,1.36,2018-06-18,4 - Soir,1 - Lundi,Limonade,CA,,1
10727,0,113.9,103.53,2018-06-18,4 - Soir,1 - Lundi,Livraison,CA,AlloResto,1
10728,0,238.4,216.68,2018-06-18,4 - Soir,1 - Lundi,Livraison,CA,Deliveroo,1
10729,0,149.3,135.69,2018-06-18,4 - Soir,1 - Lundi,Livraison,CA,Foodora,1
10730,0,222.91,201.11,2018-06-18,4 - Soir,1 - Lundi,Livraison,CA,KM,8
10733,0,219.1,198.93,2018-06-18,4 - Soir,1 - Lundi,Sur place,CA,,9
10735,172,0.0,0.0,2018-06-19,,2 - Mardi,,CA,,0
10738,0,-3.98,-3.98,2018-06-19,1 - Matin,2 - Mardi,Limonade,CA,,1
10741,0,135.1,122.81,2018-06-19,2 - Midi,2 - Mardi,À emporter,CA,,9
10743,0,20.5,18.64,2018-06-19,2 - Midi,2 - Mardi,Limonade,CA,,3
10744,0,25.5,23.17,2018-06-19,2 - Midi,2 - Mardi,Livraison,CA,AlloResto,1
10745,0,75.1,68.26,2018-06-19,2 - Midi,2 - Mardi,Livraison,CA,Deliveroo,1
10746,0,33.3,30.26,2018-06-19,2 - Midi,2 - Mardi,Livraison,CA,Foodora,1
10747,0,18.55,16.67,2018-06-19,2 - Midi,2 - Mardi,Livraison,CA,KM,1
10748,0,85.0,77.25,2018-06-19,2 - Midi,2 - Mardi,Livraison,CA,UberEats,1
10751,0,635.4,577.42,2018-06-19,2 - Midi,2 - Mardi,Sur place,CA,,36
10752,-7,0.0,0.0,2018-06-19,3 - Après-midi,2 - Mardi,,CA,,0
10757,-6,0.0,0.0,2018-06-19,4 - Soir,2 - Mardi,,CA,,0
10760,0,183.9,167.17,2018-06-19,4 - Soir,2 - Mardi,À emporter,CA,,11
10762,0,12.0,10.92,2018-06-19,4 - Soir,2 - Mardi,Limonade,CA,,2
10763,0,147.1,132.93,2018-06-19,4 - Soir,2 - Mardi,Livraison,CA,AlloResto,1
10764,0,305.4,277.49,2018-06-19,4 - Soir,2 - Mardi,Livraison,CA,Deliveroo,1
10765,0,103.9,94.43,2018-06-19,4 - Soir,2 - Mardi,Livraison,CA,Foodora,1
10766,0,138.95,125.34,2018-06-19,4 - Soir,2 - Mardi,Livraison,CA,KM,5
10767,0,148.2,134.7,2018-06-19,4 - Soir,2 - Mardi,Livraison,CA,UberEats,1
10770,0,238.9,216.78,2018-06-19,4 - Soir,2 - Mardi,Sur place,CA,,10
10773,230,0.0,0.0,2018-06-20,,3 - Mercredi,,CA,,0
10776,0,-5.92,-5.92,2018-06-20,1 - Matin,3 - Mercredi,Limonade,CA,,1
10778,0,168.11,151.81,2018-06-20,2 - Midi,3 - Mercredi,À emporter,CA,,9
10781,0,6.0,5.46,2018-06-20,2 - Midi,3 - Mercredi,Limonade,CA,,2
10782,0,62.3,56.62,2018-06-20,2 - Midi,3 - Mercredi,Livraison,CA,AlloResto,1
10783,0,44.3,40.27,2018-06-20,2 - Midi,3 - Mercredi,Livraison,CA,Deliveroo,1
10784,0,171.0,155.43,2018-06-20,2 - Midi,3 - Mercredi,Livraison,CA,Foodora,1
10785,0,33.23,30.01,2018-06-20,2 - Midi,3 - Mercredi,Livraison,CA,KM,1
10786,0,204.5,175.47,2018-06-20,2 - Midi,3 - Mercredi,Livraison,CA,UberEats,1
10790,0,656.5,595.21,2018-06-20,2 - Midi,3 - Mercredi,Sur place,CA,,33
10796,0,25.8,23.46,2018-06-20,3 - Après-midi,3 - Mercredi,Sur place,CA,,2
10797,-11,0.0,0.0,2018-06-20,4 - Soir,3 - Mercredi,,CA,,0
10800,0,31.8,28.9,2018-06-20,4 - Soir,3 - Mercredi,À emporter,CA,KM,1
10801,0,82.9,75.22,2018-06-20,4 - Soir,3 - Mercredi,À emporter,CA,,4
10802,0,21.5,19.33,2018-06-20,4 - Soir,3 - Mercredi,Limonade,CA,,3
10803,0,316.0,287.21,2018-06-20,4 - Soir,3 - Mercredi,Livraison,CA,AlloResto,1
10804,0,156.7,142.42,2018-06-20,4 - Soir,3 - Mercredi,Livraison,CA,Deliveroo,1
10805,0,145.9,132.6,2018-06-20,4 - Soir,3 - Mercredi,Livraison,CA,Foodora,1
10806,0,210.17,189.71,2018-06-20,4 - Soir,3 - Mercredi,Livraison,CA,KM,7
10807,0,798.4,678.5,2018-06-20,4 - Soir,3 - Mercredi,Livraison,CA,UberEats,1
10812,0,151.0,137.27,2018-06-20,4 - Soir,3 - Mercredi,Sur place,CA,,7
10813,212,0.0,0.0,2018-06-21,,4 - Jeudi,,CA,,0
10816,0,83.4,75.84,2018-06-21,2 - Midi,4 - Jeudi,À emporter,CA,,6
10817,0,16.0,14.54,2018-06-21,2 - Midi,4 - Jeudi,Limonade,CA,,2
10818,0,60.2,54.72,2018-06-21,2 - Midi,4 - Jeudi,Livraison,CA,AlloResto,1
10819,0,31.8,28.9,2018-06-21,2 - Midi,4 - Jeudi,Livraison,CA,Deliveroo,1
10820,0,94.4,85.8,2018-06-21,2 - Midi,4 - Jeudi,Livraison,CA,Foodora,1
10821,0,216.8,187.62,2018-06-21,2 - Midi,4 - Jeudi,Livraison,CA,UberEats,1
10824,0,669.7,608.61,2018-06-21,2 - Midi,4 - Jeudi,Sur place,CA,,39
10825,0,36.8,33.26,2018-06-21,3 - Après-midi,4 - Jeudi,Livraison,CA,KM,1
10826,-11,0.0,0.0,2018-06-21,4 - Soir,4 - Jeudi,,CA,,0
10829,0,29.3,26.63,2018-06-21,4 - Soir,4 - Jeudi,À emporter,CA,KM,1
10830,0,185.5,168.2,2018-06-21,4 - Soir,4 - Jeudi,À emporter,CA,,9
10831,0,92.9,84.44,2018-06-21,4 - Soir,4 - Jeudi,Livraison,CA,AlloResto,1
10832,0,180.9,164.22,2018-06-21,4 - Soir,4 - Jeudi,Livraison,CA,Deliveroo,1
10833,0,162.1,147.31,2018-06-21,4 - Soir,4 - Jeudi,Livraison,CA,Foodora,1
10834,0,240.82,217.75,2018-06-21,4 - Soir,4 - Jeudi,Livraison,CA,KM,6
10835,0,737.9,630.25,2018-06-21,4 - Soir,4 - Jeudi,Livraison,CA,UberEats,1
10840,0,161.1,146.45,2018-06-21,4 - Soir,4 - Jeudi,Sur place,CA,,10
10842,334,0.0,0.0,2018-06-22,,5 - Vendredi,,CA,,0
10845,0,1.5,1.36,2018-06-22,1 - Matin,5 - Vendredi,Limonade,CA,,1
10846,0,22.55,20.3,2018-06-22,1 - Matin,5 - Vendredi,Livraison,CA,KM,1
10848,0,11.4,10.36,2018-06-22,2 - Midi,5 - Vendredi,À emporter,CA,KM,1
10849,0,85.9,78.11,2018-06-22,2 - Midi,5 - Vendredi,À emporter,CA,,3
10850,0,151.9,138.02,2018-06-22,2 - Midi,5 - Vendredi,À emporter,CA,,11
10851,0,50.2,45.62,2018-06-22,2 - Midi,5 - Vendredi,Livraison,CA,AlloResto,1
10852,0,38.3,34.81,2018-06-22,2 - Midi,5 - Vendredi,Livraison,CA,Deliveroo,1
10853,0,63.9,58.08,2018-06-22,2 - Midi,5 - Vendredi,Livraison,CA,Foodora,1
10854,0,204.91,185.51,2018-06-22,2 - Midi,5 - Vendredi,Livraison,CA,KM,4
10855,0,353.5,304.51,2018-06-22,2 - Midi,5 - Vendredi,Livraison,CA,UberEats,1
10860,0,63.6,57.81,2018-06-22,2 - Midi,5 - Vendredi,Sur place,CA,,2
10861,0,782.6,710.14,2018-06-22,2 - Midi,5 - Vendredi,Sur place,CA,,44
10862,0,58.3,52.6,2018-06-22,3 - Après-midi,5 - Vendredi,Livraison,CA,KM,2
10864,-15,0.0,0.0,2018-06-22,4 - Soir,5 - Vendredi,,CA,,0
10867,0,378.4,343.93,2018-06-22,4 - Soir,5 - Vendredi,À emporter,CA,Deliveroo,1
10868,0,896.0,813.96,2018-06-22,4 - Soir,5 - Vendredi,À emporter,CA,UberEats,1
10869,0,41.7,37.91,2018-06-22,4 - Soir,5 - Vendredi,À emporter,CA,,2
10870,0,107.6,95.77,2018-06-22,4 - Soir,5 - Vendredi,À emporter,CA,,3
10871,0,226.4,205.73,2018-06-22,4 - Soir,5 - Vendredi,À emporter,CA,,11
10873,0,3.0,2.73,2018-06-22,4 - Soir,5 - Vendredi,Limonade,CA,,1
10874,0,308.7,280.59,2018-06-22,4 - Soir,5 - Vendredi,Livraison,CA,AlloResto,1
10875,0,387.8,352.46,2018-06-22,4 - Soir,5 - Vendredi,Livraison,CA,Foodora,1
10876,0,286.09,258.53,2018-06-22,4 - Soir,5 - Vendredi,Livraison,CA,KM,8
10880,0,60.6,55.08,2018-06-22,4 - Soir,5 - Vendredi,Sur place,CA,,3
10881,0,99.3,90.01,2018-06-22,4 - Soir,5 - Vendredi,Sur place,CA,,4
10883,285,0.0,0.0,2018-06-23,,6 - Samedi,,CA,,0
10887,0,166.3,151.06,2018-06-23,2 - Midi,6 - Samedi,À emporter,CA,,8
10889,0,23.0,20.9,2018-06-23,2 - Midi,6 - Samedi,Limonade,CA,,3
10890,0,637.28,578.62,2018-06-23,2 - Midi,6 - Samedi,Sur place,CA,,23
10894,0,78.2,71.07,2018-06-23,3 - Après-midi,6 - Samedi,À emporter,CA,AlloResto,1
10895,0,83.7,76.06,2018-06-23,3 - Après-midi,6 - Samedi,À emporter,CA,Deliveroo,1
10896,0,602.2,547.36,2018-06-23,3 - Après-midi,6 - Samedi,À emporter,CA,UberEats,1
10897,0,122.7,111.46,2018-06-23,3 - Après-midi,6 - Samedi,À emporter,CA,,5
10898,0,13.5,12.27,2018-06-23,3 - Après-midi,6 - Samedi,Limonade,CA,,4
10899,0,171.4,155.78,2018-06-23,3 - Après-midi,6 - Samedi,Livraison,CA,Foodora,1
10900,0,22.8,20.53,2018-06-23,3 - Après-midi,6 - Samedi,Livraison,CA,KM,1
10902,0,38.7,35.19,2018-06-23,3 - Après-midi,6 - Samedi,Sur place,CA,,3
10903,-15,0.0,0.0,2018-06-23,4 - Soir,6 - Samedi,,CA,,0
10906,0,63.46,57.67,2018-06-23,4 - Soir,6 - Samedi,À emporter,CA,KM,4
10907,0,312.6,283.63,2018-06-23,4 - Soir,6 - Samedi,À emporter,CA,,10
10911,0,23.5,20.23,2018-06-23,4 - Soir,6 - Samedi,Limonade,CA,,3
10912,0,303.5,275.84,2018-06-23,4 - Soir,6 - Samedi,Livraison,CA,AlloResto,1
10913,0,163.6,148.71,2018-06-23,4 - Soir,6 - Samedi,Livraison,CA,Deliveroo,1
10914,0,245.7,223.29,2018-06-23,4 - Soir,6 - Samedi,Livraison,CA,Foodora,1
10915,0,195.41,176.46,2018-06-23,4 - Soir,6 - Samedi,Livraison,CA,KM,6
10916,0,473.7,430.56,2018-06-23,4 - Soir,6 - Samedi,Livraison,CA,UberEats,1
10919,0,14.5,13.18,2018-06-23,4 - Soir,6 - Samedi,Sur place,CA,UberEats,1
10920,0,203.0,183.81,2018-06-23,4 - Soir,6 - Samedi,Sur place,CA,,7
10924,179,0.0,0.0,2018-06-24,,7 - Dimanche,,CA,,0
10927,0,18.9,17.18,2018-06-24,3 - Après-midi,7 - Dimanche,À emporter,CA,KM,1
10928,0,51.87,46.77,2018-06-24,3 - Après-midi,7 - Dimanche,Livraison,CA,KM,2
10930,-8,0.0,0.0,2018-06-24,4 - Soir,7 - Dimanche,,CA,,0
10934,0,94.1,85.54,2018-06-24,4 - Soir,7 - Dimanche,À emporter,CA,KM,3
10935,0,302.1,273.98,2018-06-24,4 - Soir,7 - Dimanche,À emporter,CA,,13
10938,0,205.8,187.07,2018-06-24,4 - Soir,7 - Dimanche,Livraison,CA,AlloResto,1
10939,0,260.2,236.48,2018-06-24,4 - Soir,7 - Dimanche,Livraison,CA,Deliveroo,1
10940,0,280.3,254.77,2018-06-24,4 - Soir,7 - Dimanche,Livraison,CA,Foodora,1
10941,0,246.12,222.21,2018-06-24,4 - Soir,7 - Dimanche,Livraison,CA,KM,8
10942,0,947.8,861.27,2018-06-24,4 - Soir,7 - Dimanche,Livraison,CA,UberEats,2
10947,0,177.4,160.5,2018-06-24,4 - Soir,7 - Dimanche,Sur place,CA,,10
10951,155,0.0,0.0,2018-06-25,,1 - Lundi,,CA,,0
10954,0,54.1,49.0,2018-06-25,1 - Matin,1 - Lundi,Livraison,CA,KM,1
10955,-1,0.0,0.0,2018-06-25,2 - Midi,1 - Lundi,,CA,,0
10959,0,73.1,65.97,2018-06-25,2 - Midi,1 - Lundi,À emporter,CA,,5
10962,0,29.5,26.82,2018-06-25,2 - Midi,1 - Lundi,Limonade,CA,,7
10963,0,711.8,646.7,2018-06-25,2 - Midi,1 - Lundi,Sur place,CA,,33
10965,0,27.46,24.96,2018-06-25,3 - Après-midi,1 - Lundi,À emporter,CA,KM,1
10968,0,6.0,5.0,2018-06-25,3 - Après-midi,1 - Lundi,Limonade,CA,,2
10969,0,22.8,20.53,2018-06-25,3 - Après-midi,1 - Lundi,Livraison,CA,KM,1
10970,-11,0.0,0.0,2018-06-25,4 - Soir,1 - Lundi,,CA,,0
10973,0,140.0,127.28,2018-06-25,4 - Soir,1 - Lundi,À emporter,CA,,5
10975,0,7.08,4.45,2018-06-25,4 - Soir,1 - Lundi,Limonade,CA,,3
10977,0,257.7,233.94,2018-06-25,4 - Soir,1 - Lundi,Livraison,CA,AlloResto,1
10978,0,259.2,235.56,2018-06-25,4 - Soir,1 - Lundi,Livraison,CA,Deliveroo,2
10979,0,269.1,244.55,2018-06-25,4 - Soir,1 - Lundi,Livraison,CA,Foodora,1
10980,0,71.57,64.67,2018-06-25,4 - Soir,1 - Lundi,Livraison,CA,KM,2
10981,0,154.3,140.23,2018-06-25,4 - Soir,1 - Lundi,Livraison,CA,UberEats,1
10984,0,117.2,106.47,2018-06-25,4 - Soir,1 - Lundi,Sur place,CA,,5
10987,196,0.0,0.0,2018-06-26,,2 - Mardi,,CA,,0
10990,0,128.1,116.45,2018-06-26,2 - Midi,2 - Mardi,À emporter,CA,,9
10991,0,-14.0,-14.78,2018-06-26,2 - Midi,2 - Mardi,Limonade,CA,,4
10993,0,28.3,25.54,2018-06-26,2 - Midi,2 - Mardi,Livraison,CA,KM,1
10994,0,185.19,167.95,2018-06-26,2 - Midi,2 - Mardi,Livraison,CA,KM,2
10996,0,695.4,631.38,2018-06-26,2 - Midi,2 - Mardi,Sur place,CA,,41
10998,0,45.6,41.46,2018-06-26,3 - Après-midi,2 - Mardi,À emporter,CA,,1
10999,0,18.8,17.08,2018-06-26,3 - Après-midi,2 - Mardi,Livraison,CA,AlloResto,1
11000,0,30.4,27.63,2018-06-26,3 - Après-midi,2 - Mardi,Livraison,CA,Deliveroo,1
11001,0,17.4,15.81,2018-06-26,3 - Après-midi,2 - Mardi,Livraison,CA,Foodora,1
11002,0,22.12,19.92,2018-06-26,3 - Après-midi,2 - Mardi,Livraison,CA,KM,1
11003,0,67.6,61.45,2018-06-26,3 - Après-midi,2 - Mardi,Livraison,CA,UberEats,1
11005,0,51.6,46.92,2018-06-26,3 - Après-midi,2 - Mardi,Sur place,CA,,2
11006,-11,0.0,0.0,2018-06-26,4 - Soir,2 - Mardi,,CA,,0
11009,0,165.8,150.57,2018-06-26,4 - Soir,2 - Mardi,À emporter,CA,,9
11012,0,7.5,6.82,2018-06-26,4 - Soir,2 - Mardi,Limonade,CA,,1
11013,0,60.3,54.81,2018-06-26,4 - Soir,2 - Mardi,Livraison,CA,AlloResto,1
11014,0,181.3,164.79,2018-06-26,4 - Soir,2 - Mardi,Livraison,CA,Deliveroo,1
11015,0,361.3,328.39,2018-06-26,4 - Soir,2 - Mardi,Livraison,CA,Foodora,1
11016,0,201.26,181.61,2018-06-26,4 - Soir,2 - Mardi,Livraison,CA,KM,7
11017,0,284.3,258.39,2018-06-26,4 - Soir,2 - Mardi,Livraison,CA,UberEats,1
11021,0,153.9,139.52,2018-06-26,4 - Soir,2 - Mardi,Sur place,CA,,8
11023,167,0.0,0.0,2018-06-27,,3 - Mercredi,,CA,,0
11025,0,15.9,14.45,2018-06-27,2 - Midi,3 - Mercredi,À emporter,CA,KM,1
11026,0,166.79,151.41,2018-06-27,2 - Midi,3 - Mercredi,À emporter,CA,,11
11029,0,181.3,163.43,2018-06-27,2 - Midi,3 - Mercredi,Livraison,CA,UberEats,1
11031,0,659.3,599.03,2018-06-27,2 - Midi,3 - Mercredi,Sur place,CA,,36
11032,0,26.6,24.18,2018-06-27,3 - Après-midi,3 - Mercredi,À emporter,CA,KM,1
11033,0,12.9,11.73,2018-06-27,3 - Après-midi,3 - Mercredi,À emporter,CA,,1
11034,0,36.4,33.09,2018-06-27,3 - Après-midi,3 - Mercredi,Livraison,CA,Deliveroo,1
11035,0,19.0,17.28,2018-06-27,3 - Après-midi,3 - Mercredi,Livraison,CA,Foodora,1
11036,0,30.81,27.81,2018-06-27,3 - Après-midi,3 - Mercredi,Livraison,CA,KM,1
11039,-9,0.0,0.0,2018-06-27,4 - Soir,3 - Mercredi,,CA,,0
11042,0,20.8,18.91,2018-06-27,4 - Soir,3 - Mercredi,À emporter,CA,KM,1
11043,0,166.1,150.94,2018-06-27,4 - Soir,3 - Mercredi,À emporter,CA,,10
11045,0,7.5,6.82,2018-06-27,4 - Soir,3 - Mercredi,Limonade,CA,,2
11046,0,91.1,82.81,2018-06-27,4 - Soir,3 - Mercredi,Livraison,CA,AlloResto,1
11047,0,158.7,144.04,2018-06-27,4 - Soir,3 - Mercredi,Livraison,CA,Deliveroo,1
11048,0,276.7,251.48,2018-06-27,4 - Soir,3 - Mercredi,Livraison,CA,Foodora,1
11049,0,133.15,120.27,2018-06-27,4 - Soir,3 - Mercredi,Livraison,CA,KM,4
11050,0,226.3,205.68,2018-06-27,4 - Soir,3 - Mercredi,Livraison,CA,UberEats,1
11052,0,154.9,140.74,2018-06-27,4 - Soir,3 - Mercredi,Sur place,CA,,6
11055,236,0.0,0.0,2018-06-28,,4 - Jeudi,,CA,,0
11058,0,1.5,1.36,2018-06-28,1 - Matin,4 - Jeudi,Limonade,CA,,1
11059,0,228.5,206.57,2018-06-28,2 - Midi,4 - Jeudi,À emporter,CA,,13
11062,0,17.5,15.68,2018-06-28,2 - Midi,4 - Jeudi,Limonade,CA,,4
11064,0,663.0,602.54,2018-06-28,2 - Midi,4 - Jeudi,Sur place,CA,,35
11065,0,120.6,109.6,2018-06-28,3 - Après-midi,4 - Jeudi,À emporter,CA,Deliveroo,1
11066,0,30.4,27.63,2018-06-28,3 - Après-midi,4 - Jeudi,À emporter,CA,Foodora,1
11067,0,65.0,59.08,2018-06-28,3 - Après-midi,4 - Jeudi,Livraison,CA,UberEats,1
11068,0,22.8,20.73,2018-06-28,3 - Après-midi,4 - Jeudi,Sur place,CA,,1
11070,-12,0.0,0.0,2018-06-28,4 - Soir,4 - Jeudi,,CA,,0
11073,0,6.74,6.13,2018-06-28,4 - Soir,4 - Jeudi,À emporter,CA,KM,1
11074,0,260.3,236.09,2018-06-28,4 - Soir,4 - Jeudi,À emporter,CA,,13
11078,0,9.0,8.18,2018-06-28,4 - Soir,4 - Jeudi,Limonade,CA,,2
11079,0,280.2,254.66,2018-06-28,4 - Soir,4 - Jeudi,Livraison,CA,AlloResto,1
11080,0,340.8,309.51,2018-06-28,4 - Soir,4 - Jeudi,Livraison,CA,Deliveroo,1
11081,0,243.7,221.51,2018-06-28,4 - Soir,4 - Jeudi,Livraison,CA,Foodora,1
11082,0,320.96,289.84,2018-06-28,4 - Soir,4 - Jeudi,Livraison,CA,KM,10
11083,0,388.7,353.29,2018-06-28,4 - Soir,4 - Jeudi,Livraison,CA,UberEats,1
11088,0,340.6,308.26,2018-06-28,4 - Soir,4 - Jeudi,Sur place,CA,,18
11092,280,0.0,0.0,2018-06-29,,5 - Vendredi,,CA,,0
11095,0,25.21,22.91,2018-06-29,2 - Midi,5 - Vendredi,À emporter,CA,KM,2
11096,0,259.6,235.83,2018-06-29,2 - Midi,5 - Vendredi,À emporter,CA,,17
11099,0,-35.7,-41.6,2018-06-29,2 - Midi,5 - Vendredi,Limonade,CA,,7
11101,0,18.4,16.72,2018-06-29,2 - Midi,5 - Vendredi,Livraison,CA,AlloResto,1
11102,0,64.9,58.99,2018-06-29,2 - Midi,5 - Vendredi,Livraison,CA,Deliveroo,1
11103,0,35.3,32.08,2018-06-29,2 - Midi,5 - Vendredi,Livraison,CA,Foodora,1
11104,0,28.3,25.54,2018-06-29,2 - Midi,5 - Vendredi,Livraison,CA,KM,1
11105,0,61.8,56.17,2018-06-29,2 - Midi,5 - Vendredi,Livraison,CA,UberEats,1
11107,0,972.81,883.04,2018-06-29,2 - Midi,5 - Vendredi,Sur place,CA,,46
11109,0,9.0,7.5,2018-06-29,3 - Après-midi,5 - Vendredi,Limonade,CA,,1
11110,0,52.51,47.34,2018-06-29,3 - Après-midi,5 - Vendredi,Livraison,CA,KM,2
11112,0,18.9,17.18,2018-06-29,3 - Après-midi,5 - Vendredi,Sur place,CA,,1
11113,-12,0.0,0.0,2018-06-29,4 - Soir,5 - Vendredi,,CA,,0
11116,0,42.63,38.75,2018-06-29,4 - Soir,5 - Vendredi,À emporter,CA,KM,2
11117,0,430.1,390.8,2018-06-29,4 - Soir,5 - Vendredi,À emporter,CA,,21
11119,0,45.7,38.83,2018-06-29,4 - Soir,5 - Vendredi,Limonade,CA,,6
11120,0,103.3,93.88,2018-06-29,4 - Soir,5 - Vendredi,Livraison,CA,AlloResto,1
11121,0,314.0,285.37,2018-06-29,4 - Soir,5 - Vendredi,Livraison,CA,Deliveroo,1
11122,0,364.5,331.26,2018-06-29,4 - Soir,5 - Vendredi,Livraison,CA,Foodora,1
11123,0,143.77,129.52,2018-06-29,4 - Soir,5 - Vendredi,Livraison,CA,KM,6
11124,0,354.1,321.83,2018-06-29,4 - Soir,5 - Vendredi,Livraison,CA,UberEats,1
11130,0,511.1,463.94,2018-06-29,4 - Soir,5 - Vendredi,Sur place,CA,,19
11132,253,0.0,0.0,2018-06-30,,6 - Samedi,,CA,,0
11135,0,8.5,7.73,2018-06-30,1 - Matin,6 - Samedi,Sur place,CA,,1
11136,0,57.6,52.36,2018-06-30,2 - Midi,6 - Samedi,À emporter,CA,,4
11137,0,16.5,15.01,2018-06-30,2 - Midi,6 - Samedi,Limonade,CA,,1
11138,0,140.0,127.25,2018-06-30,2 - Midi,6 - Samedi,Livraison,CA,Deliveroo,1
11139,0,264.6,240.49,2018-06-30,2 - Midi,6 - Samedi,Livraison,CA,Foodora,1
11140,0,89.7,81.16,2018-06-30,2 - Midi,6 - Samedi,Livraison,CA,KM,2
11141,0,112.9,102.6,2018-06-30,2 - Midi,6 - Samedi,Livraison,CA,UberEats,1
11143,0,444.63,403.92,2018-06-30,2 - Midi,6 - Samedi,Sur place,CA,,17
11146,0,33.4,30.36,2018-06-30,3 - Après-midi,6 - Samedi,À emporter,CA,,2
11147,0,30.0,27.27,2018-06-30,3 - Après-midi,6 - Samedi,Limonade,CA,,2
11148,0,18.4,16.72,2018-06-30,3 - Après-midi,6 - Samedi,Livraison,CA,AlloResto,1
11149,0,72.11,65.17,2018-06-30,3 - Après-midi,6 - Samedi,Livraison,CA,KM,2
11152,0,12.9,11.73,2018-06-30,3 - Après-midi,6 - Samedi,Sur place,CA,,1
11153,-12,0.0,0.0,2018-06-30,4 - Soir,6 - Samedi,,CA,,0
11156,0,164.8,149.69,2018-06-30,4 - Soir,6 - Samedi,À emporter,CA,,9
11157,0,56.4,49.54,2018-06-30,4 - Soir,6 - Samedi,Limonade,CA,,9
11158,0,281.7,256.05,2018-06-30,4 - Soir,6 - Samedi,Livraison,CA,AlloResto,1
11159,0,175.4,159.42,2018-06-30,4 - Soir,6 - Samedi,Livraison,CA,Deliveroo,1
11160,0,438.2,398.29,2018-06-30,4 - Soir,6 - Samedi,Livraison,CA,Foodora,1
11161,0,226.08,204.14,2018-06-30,4 - Soir,6 - Samedi,Livraison,CA,KM,7
11162,0,513.8,466.97,2018-06-30,4 - Soir,6 - Samedi,Livraison,CA,UberEats,1
11168,0,534.06,480.84,2018-06-30,4 - Soir,6 - Samedi,Sur place,CA,,19
11173,139,0.0,0.0,2018-07-01,,7 - Dimanche,,CA,,0
11175,0,69.1,62.81,2018-07-01,3 - Après-midi,7 - Dimanche,À emporter,CA,,2
11177,0,50.8,46.18,2018-07-01,3 - Après-midi,7 - Dimanche,Sur place,CA,,2
11178,-7,0.0,0.0,2018-07-01,4 - Soir,7 - Dimanche,,CA,,0
11181,0,228.3,207.34,2018-07-01,4 - Soir,7 - Dimanche,À emporter,CA,,9
11182,0,7.0,6.14,2018-07-01,4 - Soir,7 - Dimanche,Limonade,CA,,1
11183,0,267.7,243.33,2018-07-01,4 - Soir,7 - Dimanche,Livraison,CA,AlloResto,1
11184,0,367.3,333.61,2018-07-01,4 - Soir,7 - Dimanche,Livraison,CA,Deliveroo,1
11185,0,327.2,297.4,2018-07-01,4 - Soir,7 - Dimanche,Livraison,CA,Foodora,1
11186,0,78.39,70.69,2018-07-01,4 - Soir,7 - Dimanche,Livraison,CA,KM,3
11187,0,292.0,265.4,2018-07-01,4 - Soir,7 - Dimanche,Livraison,CA,UberEats,1
11192,0,294.41,266.77,2018-07-01,4 - Soir,7 - Dimanche,Sur place,CA,,12
11195,179,0.0,0.0,2018-07-02,,1 - Lundi,,CA,,0
11198,0,15.9,14.45,2018-07-02,2 - Midi,1 - Lundi,À emporter,CA,KM,1
11199,0,315.3,286.46,2018-07-02,2 - Midi,1 - Lundi,À emporter,CA,,18
11201,0,7.0,6.37,2018-07-02,2 - Midi,1 - Lundi,Limonade,CA,,2
11202,0,15.9,14.45,2018-07-02,2 - Midi,1 - Lundi,Livraison,CA,Deliveroo,1
11203,0,18.9,17.18,2018-07-02,2 - Midi,1 - Lundi,Livraison,CA,Foodora,1
11204,0,129.3,117.52,2018-07-02,2 - Midi,1 - Lundi,Livraison,CA,UberEats,1
11205,0,406.5,369.22,2018-07-02,2 - Midi,1 - Lundi,Sur place,CA,,19
11206,0,12.9,11.73,2018-07-02,3 - Après-midi,1 - Lundi,À emporter,CA,,1
11207,0,77.4,70.37,2018-07-02,3 - Après-midi,1 - Lundi,Sur place,CA,,4
11208,-9,0.0,0.0,2018-07-02,4 - Soir,1 - Lundi,,CA,,0
11211,0,148.2,134.63,2018-07-02,4 - Soir,1 - Lundi,À emporter,CA,,9
11212,0,5.0,4.55,2018-07-02,4 - Soir,1 - Lundi,Limonade,CA,,1
11213,0,188.7,171.51,2018-07-02,4 - Soir,1 - Lundi,Livraison,CA,AlloResto,1
11214,0,84.9,77.16,2018-07-02,4 - Soir,1 - Lundi,Livraison,CA,Deliveroo,1
11215,0,228.0,206.52,2018-07-02,4 - Soir,1 - Lundi,Livraison,CA,Foodora,1
11216,0,253.62,228.82,2018-07-02,4 - Soir,1 - Lundi,Livraison,CA,KM,9
11217,0,272.6,247.69,2018-07-02,4 - Soir,1 - Lundi,Livraison,CA,UberEats,1
11220,0,322.1,292.03,2018-07-02,4 - Soir,1 - Lundi,Sur place,CA,,13
11223,204,0.0,0.0,2018-07-03,,2 - Mardi,,CA,,0
11225,0,-7.5,-7.5,2018-07-03,1 - Matin,2 - Mardi,Limonade,CA,,1
11227,0,34.06,30.96,2018-07-03,2 - Midi,2 - Mardi,À emporter,CA,KM,2
11228,0,376.5,342.3,2018-07-03,2 - Midi,2 - Mardi,À emporter,CA,,25
11230,0,13.5,11.81,2018-07-03,2 - Midi,2 - Mardi,Limonade,CA,,5
11231,0,49.3,44.8,2018-07-03,2 - Midi,2 - Mardi,Livraison,CA,Deliveroo,1
11232,0,55.8,50.71,2018-07-03,2 - Midi,2 - Mardi,Livraison,CA,Foodora,1
11233,0,92.0,83.61,2018-07-03,2 - Midi,2 - Mardi,Livraison,CA,UberEats,1
11235,0,742.7,674.33,2018-07-03,2 - Midi,2 - Mardi,Sur place,CA,,41
11236,0,2.5,2.27,2018-07-03,3 - Après-midi,2 - Mardi,Limonade,CA,,1
11237,0,72.08,65.13,2018-07-03,3 - Après-midi,2 - Mardi,Livraison,CA,KM,2
11239,0,61.5,55.92,2018-07-03,3 - Après-midi,2 - Mardi,Sur place,CA,,1
11240,-13,0.0,0.0,2018-07-03,4 - Soir,2 - Mardi,,CA,,0
11243,0,27.54,25.03,2018-07-03,4 - Soir,2 - Mardi,À emporter,CA,KM,1
11244,0,126.1,114.61,2018-07-03,4 - Soir,2 - Mardi,À emporter,CA,UberEats,1
11245,0,126.6,115.07,2018-07-03,4 - Soir,2 - Mardi,À emporter,CA,,5
11248,0,14.0,12.28,2018-07-03,4 - Soir,2 - Mardi,Limonade,CA,,3
11249,0,218.6,198.69,2018-07-03,4 - Soir,2 - Mardi,Livraison,CA,AlloResto,1
11250,0,168.5,153.15,2018-07-03,4 - Soir,2 - Mardi,Livraison,CA,Deliveroo,1
11251,0,232.9,211.71,2018-07-03,4 - Soir,2 - Mardi,Livraison,CA,Foodora,1
11252,0,140.04,126.52,2018-07-03,4 - Soir,2 - Mardi,Livraison,CA,KM,4
11255,0,274.2,249.04,2018-07-03,4 - Soir,2 - Mardi,Sur place,CA,,13
11257,149,0.0,0.0,2018-07-04,,3 - Mercredi,,CA,,0
11260,-2,0.0,0.0,2018-07-04,2 - Midi,3 - Mercredi,,CA,,0
11263,0,147.0,133.65,2018-07-04,2 - Midi,3 - Mercredi,À emporter,CA,,10
11264,0,-3.53,-4.03,2018-07-04,2 - Midi,3 - Mercredi,Limonade,CA,,3
11266,0,18.4,16.72,2018-07-04,2 - Midi,3 - Mercredi,Livraison,CA,AlloResto,1
11267,0,33.0,30.0,2018-07-04,2 - Midi,3 - Mercredi,Livraison,CA,Deliveroo,1
11268,0,37.3,33.9,2018-07-04,2 - Midi,3 - Mercredi,Livraison,CA,Foodora,1
11269,0,54.22,48.89,2018-07-04,2 - Midi,3 - Mercredi,Livraison,CA,KM,2
11270,0,15.9,14.45,2018-07-04,2 - Midi,3 - Mercredi,Livraison,CA,UberEats,1
11273,0,270.3,245.53,2018-07-04,2 - Midi,3 - Mercredi,Sur place,CA,,13
11275,0,6.5,5.91,2018-07-04,3 - Après-midi,3 - Mercredi,Limonade,CA,,1
11276,0,71.94,65.0,2018-07-04,3 - Après-midi,3 - Mercredi,Livraison,CA,KM,2
11278,0,57.1,51.22,2018-07-04,3 - Après-midi,3 - Mercredi,Sur place,CA,,3
11281,-10,0.0,0.0,2018-07-04,4 - Soir,3 - Mercredi,,CA,,0
11284,0,59.1,53.72,2018-07-04,4 - Soir,3 - Mercredi,À emporter,CA,KM,2
11285,0,61.6,55.85,2018-07-04,4 - Soir,3 - Mercredi,À emporter,CA,,4
11286,0,6.5,5.91,2018-07-04,4 - Soir,3 - Mercredi,Limonade,CA,,1
11288,0,81.0,73.63,2018-07-04,4 - Soir,3 - Mercredi,Livraison,CA,AlloResto,1
11289,0,176.7,160.59,2018-07-04,4 - Soir,3 - Mercredi,Livraison,CA,Deliveroo,1
11290,0,280.5,254.95,2018-07-04,4 - Soir,3 - Mercredi,Livraison,CA,Foodora,1
11291,0,91.02,82.36,2018-07-04,4 - Soir,3 - Mercredi,Livraison,CA,KM,2
11292,0,421.3,382.89,2018-07-04,4 - Soir,3 - Mercredi,Livraison,CA,UberEats,1
11295,0,113.0,102.73,2018-07-04,4 - Soir,3 - Mercredi,Sur place,CA,,6
11298,211,0.0,0.0,2018-07-05,,4 - Jeudi,,CA,,0
11301,-1,0.0,0.0,2018-07-05,2 - Midi,4 - Jeudi,,CA,,0
11304,0,68.1,61.9,2018-07-05,2 - Midi,4 - Jeudi,À emporter,CA,KM,2
11305,0,294.1,267.4,2018-07-05,2 - Midi,4 - Jeudi,À emporter,CA,,19
11307,0,1.5,1.36,2018-07-05,2 - Midi,4 - Jeudi,Limonade,CA,,1
11308,0,45.3,41.18,2018-07-05,2 - Midi,4 - Jeudi,Livraison,CA,AlloResto,1
11309,0,55.3,50.25,2018-07-05,2 - Midi,4 - Jeudi,Livraison,CA,Deliveroo,1
11310,0,19.0,17.28,2018-07-05,2 - Midi,4 - Jeudi,Livraison,CA,Foodora,1
11311,0,93.7,84.8,2018-07-05,2 - Midi,4 - Jeudi,Livraison,CA,KM,2
11312,0,50.3,45.72,2018-07-05,2 - Midi,4 - Jeudi,Livraison,CA,UberEats,1
11313,0,699.3,634.73,2018-07-05,2 - Midi,4 - Jeudi,Sur place,CA,,31
11316,0,8.5,7.73,2018-07-05,3 - Après-midi,4 - Jeudi,À emporter,CA,,1
11317,0,130.39,118.13,2018-07-05,3 - Après-midi,4 - Jeudi,Livraison,CA,KM,2
11319,0,12.9,11.73,2018-07-05,3 - Après-midi,4 - Jeudi,Sur place,CA,,1
11320,0,83.4,75.81,2018-07-05,4 - Soir,4 - Jeudi,À emporter,CA,,5
11321,0,153.2,139.24,2018-07-05,4 - Soir,4 - Jeudi,Livraison,CA,AlloResto,1
11322,0,387.8,352.37,2018-07-05,4 - Soir,4 - Jeudi,Livraison,CA,Deliveroo,1
11323,0,387.8,352.49,2018-07-05,4 - Soir,4 - Jeudi,Livraison,CA,Foodora,1
11324,0,48.71,43.9,2018-07-05,4 - Soir,4 - Jeudi,Livraison,CA,KM,2
11325,0,462.6,420.42,2018-07-05,4 - Soir,4 - Jeudi,Livraison,CA,UberEats,2
11328,0,156.0,141.74,2018-07-05,4 - Soir,4 - Jeudi,Sur place,CA,,9
11329,334,0.0,0.0,2018-07-06,,5 - Vendredi,,CA,,0
11333,0,15.9,14.45,2018-07-06,2 - Midi,5 - Vendredi,À emporter,CA,KM,1
11334,0,354.7,322.47,2018-07-06,2 - Midi,5 - Vendredi,À emporter,CA,,21
11335,0,8.0,7.27,2018-07-06,2 - Midi,5 - Vendredi,Limonade,CA,,3
11336,0,59.2,53.8,2018-07-06,2 - Midi,5 - Vendredi,Livraison,CA,AlloResto,1
11337,0,175.3,159.33,2018-07-06,2 - Midi,5 - Vendredi,Livraison,CA,Deliveroo,1
11338,0,117.0,106.33,2018-07-06,2 - Midi,5 - Vendredi,Livraison,CA,Foodora,1
11339,0,48.7,43.87,2018-07-06,2 - Midi,5 - Vendredi,Livraison,CA,KM,2
11340,0,64.1,58.26,2018-07-06,2 - Midi,5 - Vendredi,Livraison,CA,UberEats,1
11341,0,875.39,794.87,2018-07-06,2 - Midi,5 - Vendredi,Sur place,CA,,51
11344,0,90.6,82.17,2018-07-06,3 - Après-midi,5 - Vendredi,À emporter,CA,,5
11345,0,15.5,13.87,2018-07-06,3 - Après-midi,5 - Vendredi,Limonade,CA,,2
11346,0,174.77,145.8,2018-07-06,3 - Après-midi,5 - Vendredi,Limonade,CA,,15
11348,0,63.76,57.58,2018-07-06,3 - Après-midi,5 - Vendredi,Livraison,CA,KM,2
11351,0,35.7,32.45,2018-07-06,3 - Après-midi,5 - Vendredi,Sur place,CA,,1
11352,0,127.2,115.34,2018-07-06,3 - Après-midi,5 - Vendredi,Sur place,CA,,4
11354,-31,0.0,0.0,2018-07-06,4 - Soir,5 - Vendredi,,CA,,0
11357,0,23.47,21.33,2018-07-06,4 - Soir,5 - Vendredi,À emporter,CA,KM,1
11358,0,470.5,427.69,2018-07-06,4 - Soir,5 - Vendredi,À emporter,CA,,19
11362,0,45.5,39.2,2018-07-06,4 - Soir,5 - Vendredi,Limonade,CA,,11
11363,0,166.2,151.06,2018-07-06,4 - Soir,5 - Vendredi,Livraison,CA,AlloResto,1
11364,0,357.8,325.21,2018-07-06,4 - Soir,5 - Vendredi,Livraison,CA,Deliveroo,1
11365,0,346.6,315.01,2018-07-06,4 - Soir,5 - Vendredi,Livraison,CA,Foodora,1
11366,0,207.05,187.06,2018-07-06,4 - Soir,5 - Vendredi,Livraison,CA,KM,6
11367,0,349.1,317.31,2018-07-06,4 - Soir,5 - Vendredi,Livraison,CA,UberEats,2
11374,0,412.5,374.36,2018-07-06,4 - Soir,5 - Vendredi,Sur place,CA,,20
11376,215,0.0,0.0,2018-07-07,,6 - Samedi,,CA,,0
11378,0,12.9,11.73,2018-07-07,2 - Midi,6 - Samedi,À emporter,CA,,1
11379,0,329.9,299.65,2018-07-07,2 - Midi,6 - Samedi,À emporter,CA,,11
11380,0,-6.21,-6.21,2018-07-07,2 - Midi,6 - Samedi,Limonade,CA,,1
11381,0,8.5,7.73,2018-07-07,2 - Midi,6 - Samedi,Limonade,CA,,2
11383,0,73.2,66.54,2018-07-07,2 - Midi,6 - Samedi,Livraison,CA,Deliveroo,1
11384,0,91.8,83.43,2018-07-07,2 - Midi,6 - Samedi,Livraison,CA,Foodora,1
11385,0,42.7,38.62,2018-07-07,2 - Midi,6 - Samedi,Livraison,CA,KM,1
11386,0,107.5,97.7,2018-07-07,2 - Midi,6 - Samedi,Livraison,CA,UberEats,1
11388,0,28.8,26.18,2018-07-07,2 - Midi,6 - Samedi,Sur place,CA,AlloResto,1
11389,0,51.6,46.91,2018-07-07,2 - Midi,6 - Samedi,Sur place,CA,,2
11390,0,411.3,373.49,2018-07-07,2 - Midi,6 - Samedi,Sur place,CA,,19
11391,0,76.5,69.53,2018-07-07,3 - Après-midi,6 - Samedi,À emporter,CA,,4
11392,0,-16.0,-16.0,2018-07-07,3 - Après-midi,6 - Samedi,Limonade,CA,,1
11394,0,38.7,35.19,2018-07-07,3 - Après-midi,6 - Samedi,Sur place,CA,,2
11395,-13,0.0,0.0,2018-07-07,4 - Soir,6 - Samedi,,CA,,0
11398,0,29.6,26.91,2018-07-07,4 - Soir,6 - Samedi,À emporter,CA,KM,1
11399,0,45.3,41.18,2018-07-07,4 - Soir,6 - Samedi,À emporter,CA,,4
11400,0,14.0,12.72,2018-07-07,4 - Soir,6 - Samedi,Limonade,CA,,4
11401,0,235.5,214.06,2018-07-07,4 - Soir,6 - Samedi,Livraison,CA,AlloResto,1
11402,0,255.7,232.4,2018-07-07,4 - Soir,6 - Samedi,Livraison,CA,Deliveroo,1
11403,0,340.7,309.64,2018-07-07,4 - Soir,6 - Samedi,Livraison,CA,Foodora,1
11404,0,150.68,136.03,2018-07-07,4 - Soir,6 - Samedi,Livraison,CA,KM,5
11405,0,264.0,239.95,2018-07-07,4 - Soir,6 - Samedi,Livraison,CA,UberEats,1
11408,0,396.3,359.73,2018-07-07,4 - Soir,6 - Samedi,Sur place,CA,,13
11410,168,0.0,0.0,2018-07-08,,7 - Dimanche,,CA,,0
11412,0,20.4,17.94,2018-07-08,3 - Après-midi,7 - Dimanche,Limonade,CA,,3
11413,0,43.3,39.18,2018-07-08,3 - Après-midi,7 - Dimanche,Livraison,CA,KM,1
11414,-6,0.0,0.0,2018-07-08,4 - Soir,7 - Dimanche,,CA,,0
11417,0,173.7,157.83,2018-07-08,4 - Soir,7 - Dimanche,À emporter,CA,,8
11418,0,20.9,18.63,2018-07-08,4 - Soir,7 - Dimanche,Limonade,CA,,3
11419,0,201.3,182.95,2018-07-08,4 - Soir,7 - Dimanche,Livraison,CA,AlloResto,1
11420,0,429.5,390.37,2018-07-08,4 - Soir,7 - Dimanche,Livraison,CA,Deliveroo,1
11421,0,483.4,439.34,2018-07-08,4 - Soir,7 - Dimanche,Livraison,CA,Foodora,1
11422,0,214.88,193.95,2018-07-08,4 - Soir,7 - Dimanche,Livraison,CA,KM,7
11423,0,529.0,480.79,2018-07-08,4 - Soir,7 - Dimanche,Livraison,CA,UberEats,1
11427,0,338.5,307.25,2018-07-08,4 - Soir,7 - Dimanche,Sur place,CA,,13
11429,167,0.0,0.0,2018-07-09,,1 - Lundi,,CA,,0
11432,0,252.7,229.66,2018-07-09,2 - Midi,1 - Lundi,À emporter,CA,,18
11434,0,88.2,80.17,2018-07-09,2 - Midi,1 - Lundi,Livraison,CA,Deliveroo,1
11435,0,31.8,28.9,2018-07-09,2 - Midi,1 - Lundi,Livraison,CA,Foodora,1
11436,0,24.59,22.17,2018-07-09,2 - Midi,1 - Lundi,Livraison,CA,KM,1
11437,0,32.8,29.81,2018-07-09,2 - Midi,1 - Lundi,Livraison,CA,UberEats,1
11439,0,626.2,569.05,2018-07-09,2 - Midi,1 - Lundi,Sur place,CA,,34
11440,-10,0.0,0.0,2018-07-09,4 - Soir,1 - Lundi,,CA,,0
11443,0,81.5,74.08,2018-07-09,4 - Soir,1 - Lundi,À emporter,CA,,6
11444,0,4.9,4.08,2018-07-09,4 - Soir,1 - Lundi,Limonade,CA,,1
11445,0,93.1,84.61,2018-07-09,4 - Soir,1 - Lundi,Livraison,CA,AlloResto,1
11446,0,210.7,191.5,2018-07-09,4 - Soir,1 - Lundi,Livraison,CA,Deliveroo,1
11447,0,332.1,301.83,2018-07-09,4 - Soir,1 - Lundi,Livraison,CA,Foodora,1
11448,0,96.18,86.85,2018-07-09,4 - Soir,1 - Lundi,Livraison,CA,KM,3
11449,0,182.8,166.16,2018-07-09,4 - Soir,1 - Lundi,Livraison,CA,UberEats,1
11451,0,267.9,242.38,2018-07-09,4 - Soir,1 - Lundi,Sur place,CA,,15
11453,205,0.0,0.0,2018-07-10,,2 - Mardi,,CA,,0
11456,0,25.2,22.72,2018-07-10,1 - Matin,2 - Mardi,Livraison,CA,KM,1
11457,0,80.9,73.48,2018-07-10,2 - Midi,2 - Mardi,À emporter,CA,,5
11458,0,9.9,8.85,2018-07-10,2 - Midi,2 - Mardi,Limonade,CA,,5
11460,0,78.1,70.98,2018-07-10,2 - Midi,2 - Mardi,Livraison,CA,Foodora,1
11461,0,34.8,31.63,2018-07-10,2 - Midi,2 - Mardi,Livraison,CA,UberEats,1
11462,0,143.0,130.02,2018-07-10,2 - Midi,2 - Mardi,Sur place,CA,,9
11463,0,562.2,509.45,2018-07-10,2 - Midi,2 - Mardi,Sur place,CA,,32
11466,0,25.41,23.1,2018-07-10,3 - Après-midi,2 - Mardi,À emporter,CA,KM,1
11467,0,61.3,55.73,2018-07-10,3 - Après-midi,2 - Mardi,À emporter,CA,,2
11470,0,-13.7,-13.84,2018-07-10,3 - Après-midi,2 - Mardi,Limonade,CA,,2
11472,0,178.09,160.92,2018-07-10,3 - Après-midi,2 - Mardi,Livraison,CA,KM,5
11475,0,38.7,35.19,2018-07-10,3 - Après-midi,2 - Mardi,Sur place,CA,,1
11476,-15,0.0,0.0,2018-07-10,4 - Soir,2 - Mardi,,CA,,0
11479,0,158.7,143.31,2018-07-10,4 - Soir,2 - Mardi,À emporter,CA,,8
11480,0,52.0,44.27,2018-07-10,4 - Soir,2 - Mardi,Limonade,CA,,9
11483,0,30.4,27.63,2018-07-10,4 - Soir,2 - Mardi,Livraison,CA,AlloResto,1
11484,0,309.3,281.11,2018-07-10,4 - Soir,2 - Mardi,Livraison,CA,Deliveroo,1
11485,0,240.7,218.77,2018-07-10,4 - Soir,2 - Mardi,Livraison,CA,Foodora,1
11486,0,231.59,208.99,2018-07-10,4 - Soir,2 - Mardi,Livraison,CA,KM,8
11487,0,297.7,270.61,2018-07-10,4 - Soir,2 - Mardi,Livraison,CA,UberEats,1
11490,0,259.2,234.45,2018-07-10,4 - Soir,2 - Mardi,Sur place,CA,,11
11492,239,0.0,0.0,2018-07-11,,3 - Mercredi,,CA,,0
11496,0,35.8,32.54,2018-07-11,2 - Midi,3 - Mercredi,À emporter,CA,KM,2
11497,0,15.9,14.45,2018-07-11,2 - Midi,3 - Mercredi,À emporter,CA,,1
11498,0,404.4,367.62,2018-07-11,2 - Midi,3 - Mercredi,À emporter,CA,,25
11499,0,-28.62,-28.62,2018-07-11,2 - Midi,3 - Mercredi,Limonade,CA,,2
11501,0,16.3,14.81,2018-07-11,2 - Midi,3 - Mercredi,Livraison,CA,AlloResto,1
11502,0,107.2,94.92,2018-07-11,2 - Midi,3 - Mercredi,Livraison,CA,Deliveroo,1
11503,0,155.7,141.5,2018-07-11,2 - Midi,3 - Mercredi,Livraison,CA,Foodora,1
11504,0,52.91,47.71,2018-07-11,2 - Midi,3 - Mercredi,Livraison,CA,KM,2
11505,0,60.5,54.99,2018-07-11,2 - Midi,3 - Mercredi,Livraison,CA,UberEats,1
11509,0,55.6,50.55,2018-07-11,2 - Midi,3 - Mercredi,Sur place,CA,,4
11510,0,587.1,533.7,2018-07-11,2 - Midi,3 - Mercredi,Sur place,CA,,34
11511,0,6.0,5.0,2018-07-11,3 - Après-midi,3 - Mercredi,Limonade,CA,,1
11512,-14,0.0,0.0,2018-07-11,4 - Soir,3 - Mercredi,,CA,,0
11515,0,287.77,261.61,2018-07-11,4 - Soir,3 - Mercredi,À emporter,CA,,10
11518,0,10.5,8.86,2018-07-11,4 - Soir,3 - Mercredi,Limonade,CA,,1
11519,0,175.1,159.13,2018-07-11,4 - Soir,3 - Mercredi,Livraison,CA,AlloResto,1
11520,0,307.1,279.11,2018-07-11,4 - Soir,3 - Mercredi,Livraison,CA,Deliveroo,1
11521,0,225.2,203.31,2018-07-11,4 - Soir,3 - Mercredi,Livraison,CA,Foodora,1
11522,0,190.42,171.95,2018-07-11,4 - Soir,3 - Mercredi,Livraison,CA,KM,6
11523,0,187.8,170.69,2018-07-11,4 - Soir,3 - Mercredi,Livraison,CA,UberEats,1
11527,0,405.7,368.6,2018-07-11,4 - Soir,3 - Mercredi,Sur place,CA,,14
11529,194,0.0,0.0,2018-07-12,,4 - Jeudi,,CA,,0
11531,0,-10.0,-10.0,2018-07-12,1 - Matin,4 - Jeudi,Limonade,CA,,1
11534,0,70.5,64.09,2018-07-12,2 - Midi,4 - Jeudi,À emporter,CA,,5
11535,0,185.89,169.0,2018-07-12,2 - Midi,4 - Jeudi,À emporter,CA,,14
11538,0,11.0,9.99,2018-07-12,2 - Midi,4 - Jeudi,Limonade,CA,,3
11539,0,116.7,106.1,2018-07-12,2 - Midi,4 - Jeudi,Sur place,CA,,8
11540,0,566.9,515.14,2018-07-12,2 - Midi,4 - Jeudi,Sur place,CA,,29
11541,0,15.4,14.0,2018-07-12,3 - Après-midi,4 - Jeudi,À emporter,CA,,1
11542,0,64.7,58.82,2018-07-12,3 - Après-midi,4 - Jeudi,Livraison,CA,Deliveroo,1
11543,0,98.5,89.54,2018-07-12,3 - Après-midi,4 - Jeudi,Livraison,CA,Foodora,1
11544,0,101.67,92.03,2018-07-12,3 - Après-midi,4 - Jeudi,Livraison,CA,KM,2
11545,0,111.8,101.62,2018-07-12,3 - Après-midi,4 - Jeudi,Livraison,CA,UberEats,1
11548,-11,0.0,0.0,2018-07-12,4 - Soir,4 - Jeudi,,CA,,0
11551,0,113.2,102.84,2018-07-12,4 - Soir,4 - Jeudi,À emporter,CA,,6
11552,0,24.4,22.18,2018-07-12,4 - Soir,4 - Jeudi,Livraison,CA,AlloResto,1
11553,0,264.1,240.03,2018-07-12,4 - Soir,4 - Jeudi,Livraison,CA,Deliveroo,1
11554,0,112.9,102.6,2018-07-12,4 - Soir,4 - Jeudi,Livraison,CA,Foodora,1
11555,0,129.9,117.69,2018-07-12,4 - Soir,4 - Jeudi,Livraison,CA,KM,2
11556,0,422.7,384.16,2018-07-12,4 - Soir,4 - Jeudi,Livraison,CA,UberEats,1
11557,0,280.8,254.34,2018-07-12,4 - Soir,4 - Jeudi,Sur place,CA,,16
11559,240,0.0,0.0,2018-07-13,,5 - Vendredi,,CA,,0
11561,0,28.8,25.98,2018-07-13,1 - Matin,5 - Vendredi,Livraison,CA,KM,1
11564,0,289.0,262.33,2018-07-13,2 - Midi,5 - Vendredi,À emporter,CA,,18
11565,0,34.5,29.39,2018-07-13,2 - Midi,5 - Vendredi,Limonade,CA,,9
11567,0,34.3,31.17,2018-07-13,2 - Midi,5 - Vendredi,Livraison,CA,AlloResto,1
11568,0,42.4,38.53,2018-07-13,2 - Midi,5 - Vendredi,Livraison,CA,Deliveroo,1
11569,0,155.6,141.42,2018-07-13,2 - Midi,5 - Vendredi,Livraison,CA,Foodora,1
11570,0,54.1,48.99,2018-07-13,2 - Midi,5 - Vendredi,Livraison,CA,KM,1
11571,0,113.1,102.79,2018-07-13,2 - Midi,5 - Vendredi,Livraison,CA,UberEats,1
11572,0,598.3,543.43,2018-07-13,2 - Midi,5 - Vendredi,Sur place,CA,,37
11573,0,25.8,23.46,2018-07-13,3 - Après-midi,5 - Vendredi,À emporter,CA,,1
11574,-13,0.0,0.0,2018-07-13,4 - Soir,5 - Vendredi,,CA,,0
11577,0,110.0,99.99,2018-07-13,4 - Soir,5 - Vendredi,À emporter,CA,,3
11578,0,11.4,9.99,2018-07-13,4 - Soir,5 - Vendredi,Limonade,CA,,3
11579,0,232.0,210.31,2018-07-13,4 - Soir,5 - Vendredi,Livraison,CA,AlloResto,1
11580,0,188.5,171.33,2018-07-13,4 - Soir,5 - Vendredi,Livraison,CA,Deliveroo,1
11581,0,485.8,439.58,2018-07-13,4 - Soir,5 - Vendredi,Livraison,CA,Foodora,1
11582,0,173.39,156.65,2018-07-13,4 - Soir,5 - Vendredi,Livraison,CA,KM,5
11583,0,681.7,619.34,2018-07-13,4 - Soir,5 - Vendredi,Livraison,CA,UberEats,1
11588,0,275.1,250.12,2018-07-13,4 - Soir,5 - Vendredi,Sur place,CA,,10
11590,225,0.0,0.0,2018-07-14,,6 - Samedi,,CA,,0
11593,0,132.2,120.15,2018-07-14,2 - Midi,6 - Samedi,À emporter,CA,Foodora,1
11594,0,12.26,11.15,2018-07-14,2 - Midi,6 - Samedi,À emporter,CA,KM,1
11595,0,125.8,113.86,2018-07-14,2 - Midi,6 - Samedi,À emporter,CA,,7
11599,0,60.3,54.82,2018-07-14,2 - Midi,6 - Samedi,Limonade,CA,,10
11600,0,27.4,24.9,2018-07-14,2 - Midi,6 - Samedi,Livraison,CA,AlloResto,1
11601,0,28.8,25.99,2018-07-14,2 - Midi,6 - Samedi,Livraison,CA,KM,1
11602,0,298.0,270.82,2018-07-14,2 - Midi,6 - Samedi,Livraison,CA,UberEats,2
11603,0,375.6,341.49,2018-07-14,2 - Midi,6 - Samedi,Sur place,CA,,19
11604,0,94.4,85.63,2018-07-14,3 - Après-midi,6 - Samedi,À emporter,CA,,4
11605,0,26.6,23.49,2018-07-14,3 - Après-midi,6 - Samedi,Limonade,CA,,4
11607,0,30.01,27.09,2018-07-14,3 - Après-midi,6 - Samedi,Livraison,CA,KM,1
11609,0,25.8,23.46,2018-07-14,3 - Après-midi,6 - Samedi,Sur place,CA,,2
11610,-8,0.0,0.0,2018-07-14,4 - Soir,6 - Samedi,,CA,,0
11613,0,38.7,35.19,2018-07-14,4 - Soir,6 - Samedi,À emporter,CA,KM,1
11614,0,172.5,156.6,2018-07-14,4 - Soir,6 - Samedi,À emporter,CA,,6
11615,0,7.9,6.58,2018-07-14,4 - Soir,6 - Samedi,Limonade,CA,,2
11616,0,69.6,63.26,2018-07-14,4 - Soir,6 - Samedi,Livraison,CA,AlloResto,1
11617,0,294.2,267.2,2018-07-14,4 - Soir,6 - Samedi,Livraison,CA,Deliveroo,1
11618,0,441.3,401.09,2018-07-14,4 - Soir,6 - Samedi,Livraison,CA,Foodora,1
11619,0,80.8,73.07,2018-07-14,4 - Soir,6 - Samedi,Livraison,CA,KM,2
11620,0,618.4,562.06,2018-07-14,4 - Soir,6 - Samedi,Livraison,CA,UberEats,1
11621,0,347.5,314.12,2018-07-14,4 - Soir,6 - Samedi,Sur place,CA,,11
11625,225,0.0,0.0,2018-07-15,,7 - Dimanche,,CA,,0
11628,0,28.2,24.9,2018-07-15,3 - Après-midi,7 - Dimanche,À emporter,CA,,1
11629,0,123.5,105.26,2018-07-15,3 - Après-midi,7 - Dimanche,Limonade,CA,,8
11630,0,103.31,93.31,2018-07-15,3 - Après-midi,7 - Dimanche,Livraison,CA,KM,3
11632,0,235.0,212.83,2018-07-15,3 - Après-midi,7 - Dimanche,Sur place,CA,,6
11633,-7,0.0,0.0,2018-07-15,4 - Soir,7 - Dimanche,,CA,,0
11636,0,1042.0,946.13,2018-07-15,4 - Soir,7 - Dimanche,À emporter,CA,Deliveroo,1
11637,0,364.9,328.75,2018-07-15,4 - Soir,7 - Dimanche,À emporter,CA,,16
11641,0,10.0,9.1,2018-07-15,4 - Soir,7 - Dimanche,Limonade,CA,,3
11642,0,117.61,106.14,2018-07-15,4 - Soir,7 - Dimanche,Livraison,CA,KM,4
11643,0,611.8,556.08,2018-07-15,4 - Soir,7 - Dimanche,Livraison,CA,UberEats,1
11646,0,99.3,89.71,2018-07-15,4 - Soir,7 - Dimanche,Sur place,CA,,5
11647,0,680.4,614.31,2018-07-15,4 - Soir,7 - Dimanche,Sur place,CA,,29
11649,186,0.0,0.0,2018-07-16,,1 - Lundi,,CA,,0
11652,0,12.9,11.73,2018-07-16,2 - Midi,1 - Lundi,À emporter,CA,,1
11653,0,201.1,182.84,2018-07-16,2 - Midi,1 - Lundi,À emporter,CA,,12
11654,0,13.5,11.82,2018-07-16,2 - Midi,1 - Lundi,Limonade,CA,,3
11655,0,216.7,196.97,2018-07-16,2 - Midi,1 - Lundi,Livraison,CA,Deliveroo,1
11656,0,30.4,27.63,2018-07-16,2 - Midi,1 - Lundi,Livraison,CA,Foodora,1
11657,0,57.1,51.71,2018-07-16,2 - Midi,1 - Lundi,Livraison,CA,KM,1
11659,0,99.5,90.43,2018-07-16,2 - Midi,1 - Lundi,Sur place,CA,UberEats,1
11660,0,70.5,64.09,2018-07-16,2 - Midi,1 - Lundi,Sur place,CA,,5
11661,0,402.7,366.11,2018-07-16,2 - Midi,1 - Lundi,Sur place,CA,,19
11662,0,28.5,25.91,2018-07-16,3 - Après-midi,1 - Lundi,Sur place,CA,,1
11663,-14,0.0,0.0,2018-07-16,4 - Soir,1 - Lundi,,CA,,0
11666,0,28.8,26.18,2018-07-16,4 - Soir,1 - Lundi,À emporter,CA,,1
11667,0,28.0,24.99,2018-07-16,4 - Soir,1 - Lundi,Limonade,CA,,5
11669,0,224.6,204.15,2018-07-16,4 - Soir,1 - Lundi,Livraison,CA,AlloResto,1
11670,0,346.1,314.57,2018-07-16,4 - Soir,1 - Lundi,Livraison,CA,Deliveroo,1
11671,0,277.2,251.93,2018-07-16,4 - Soir,1 - Lundi,Livraison,CA,Foodora,1
11672,0,117.9,106.57,2018-07-16,4 - Soir,1 - Lundi,Livraison,CA,KM,3
11673,0,121.2,110.16,2018-07-16,4 - Soir,1 - Lundi,Livraison,CA,UberEats,1
11675,0,297.3,269.32,2018-07-16,4 - Soir,1 - Lundi,Sur place,CA,,10
11677,164,0.0,0.0,2018-07-17,,2 - Mardi,,CA,,0
11680,0,-29.99,-29.99,2018-07-17,1 - Matin,2 - Mardi,Limonade,CA,,1
11682,0,132.2,120.1,2018-07-17,2 - Midi,2 - Mardi,À emporter,CA,,9
11683,0,22.4,19.54,2018-07-17,2 - Midi,2 - Mardi,Limonade,CA,,5
11684,0,25.72,23.19,2018-07-17,2 - Midi,2 - Mardi,Livraison,CA,KM,1
11686,0,481.3,435.43,2018-07-17,2 - Midi,2 - Mardi,Sur place,CA,,24
11689,0,-1.14,-1.14,2018-07-17,3 - Après-midi,2 - Mardi,Limonade,CA,,1
11691,0,51.6,46.92,2018-07-17,3 - Après-midi,2 - Mardi,Sur place,CA,,2
11692,-10,0.0,0.0,2018-07-17,4 - Soir,2 - Mardi,,CA,,0
11695,0,77.5,70.31,2018-07-17,4 - Soir,2 - Mardi,À emporter,CA,,3
11696,0,18.8,16.35,2018-07-17,4 - Soir,2 - Mardi,Limonade,CA,,4
11697,0,115.3,104.79,2018-07-17,4 - Soir,2 - Mardi,Livraison,CA,AlloResto,1
11698,0,432.9,393.44,2018-07-17,4 - Soir,2 - Mardi,Livraison,CA,Deliveroo,1
11699,0,99.8,90.72,2018-07-17,4 - Soir,2 - Mardi,Livraison,CA,Foodora,1
11700,0,258.6,233.93,2018-07-17,4 - Soir,2 - Mardi,Livraison,CA,KM,6
11701,0,416.3,378.38,2018-07-17,4 - Soir,2 - Mardi,Livraison,CA,UberEats,1
11705,0,217.2,197.46,2018-07-17,4 - Soir,2 - Mardi,Sur place,CA,,12
11707,203,0.0,0.0,2018-07-18,,3 - Mercredi,,CA,,0
11709,0,60.5,54.99,2018-07-18,2 - Midi,3 - Mercredi,À emporter,CA,Foodora,1
11710,0,210.8,191.65,2018-07-18,2 - Midi,3 - Mercredi,À emporter,CA,,12
11711,0,19.5,16.61,2018-07-18,2 - Midi,3 - Mercredi,Limonade,CA,,2
11712,0,50.9,46.25,2018-07-18,2 - Midi,3 - Mercredi,Livraison,CA,Deliveroo,1
11713,0,43.79,39.64,2018-07-18,2 - Midi,3 - Mercredi,Livraison,CA,KM,1
11714,0,151.3,137.51,2018-07-18,2 - Midi,3 - Mercredi,Livraison,CA,UberEats,1
11716,0,420.6,381.43,2018-07-18,2 - Midi,3 - Mercredi,Sur place,CA,,22
11717,0,2.8,2.55,2018-07-18,3 - Après-midi,3 - Mercredi,Limonade,CA,,1
11718,0,66.7,60.44,2018-07-18,3 - Après-midi,3 - Mercredi,Livraison,CA,KM,1
11719,-12,0.0,0.0,2018-07-18,4 - Soir,3 - Mercredi,,CA,,0
11722,0,27.84,25.31,2018-07-18,4 - Soir,3 - Mercredi,À emporter,CA,KM,1
11723,0,99.91,90.82,2018-07-18,4 - Soir,3 - Mercredi,À emporter,CA,,6
11726,0,14.7,12.25,2018-07-18,4 - Soir,3 - Mercredi,Limonade,CA,,2
11727,0,738.1,670.84,2018-07-18,4 - Soir,3 - Mercredi,Livraison,CA,Foodora,1
11728,0,260.27,235.43,2018-07-18,4 - Soir,3 - Mercredi,Livraison,CA,KM,6
11729,0,208.0,189.03,2018-07-18,4 - Soir,3 - Mercredi,Livraison,CA,UberEats,1
11731,0,95.4,86.71,2018-07-18,4 - Soir,3 - Mercredi,Sur place,CA,AlloResto,1
11732,0,241.3,219.33,2018-07-18,4 - Soir,3 - Mercredi,Sur place,CA,Deliveroo,1
11733,0,214.9,193.92,2018-07-18,4 - Soir,3 - Mercredi,Sur place,CA,,9
11735,220,0.0,0.0,2018-07-19,,4 - Jeudi,,CA,,0
11738,0,35.7,32.46,2018-07-19,2 - Midi,4 - Jeudi,À emporter,CA,,2
11739,0,239.5,217.72,2018-07-19,2 - Midi,4 - Jeudi,À emporter,CA,,16
11740,0,5.0,4.55,2018-07-19,2 - Midi,4 - Jeudi,Limonade,CA,,1
11741,0,94.6,85.98,2018-07-19,2 - Midi,4 - Jeudi,Livraison,CA,Foodora,1
11742,0,168.1,152.8,2018-07-19,2 - Midi,4 - Jeudi,Livraison,CA,UberEats,1
11743,0,216.5,196.82,2018-07-19,2 - Midi,4 - Jeudi,Sur place,CA,,15
11744,0,693.8,630.68,2018-07-19,2 - Midi,4 - Jeudi,Sur place,CA,,41
11745,0,34.3,30.98,2018-07-19,3 - Après-midi,4 - Jeudi,Livraison,CA,KM,1
11746,-11,0.0,0.0,2018-07-19,4 - Soir,4 - Jeudi,,CA,,0
11749,0,13.4,12.18,2018-07-19,4 - Soir,4 - Jeudi,À emporter,CA,KM,1
11750,0,128.6,116.91,2018-07-19,4 - Soir,4 - Jeudi,À emporter,CA,,5
11751,0,9.0,8.18,2018-07-19,4 - Soir,4 - Jeudi,Limonade,CA,,1
11752,0,149.4,135.79,2018-07-19,4 - Soir,4 - Jeudi,Livraison,CA,AlloResto,1
11753,0,423.7,385.13,2018-07-19,4 - Soir,4 - Jeudi,Livraison,CA,Deliveroo,1
11754,0,241.0,219.03,2018-07-19,4 - Soir,4 - Jeudi,Livraison,CA,Foodora,1
11755,0,150.36,135.91,2018-07-19,4 - Soir,4 - Jeudi,Livraison,CA,KM,4
11756,0,229.4,208.49,2018-07-19,4 - Soir,4 - Jeudi,Livraison,CA,UberEats,1
11758,0,244.1,221.77,2018-07-19,4 - Soir,4 - Jeudi,Sur place,CA,,9
11760,234,0.0,0.0,2018-07-20,,5 - Vendredi,,CA,,0
11763,0,166.0,150.93,2018-07-20,2 - Midi,5 - Vendredi,À emporter,CA,,11
11764,0,6.32,5.53,2018-07-20,2 - Midi,5 - Vendredi,Limonade,CA,,5
11766,0,43.0,39.08,2018-07-20,2 - Midi,5 - Vendredi,Livraison,CA,Deliveroo,1
11767,0,157.5,143.14,2018-07-20,2 - Midi,5 - Vendredi,Livraison,CA,Foodora,1
11768,0,23.0,20.9,2018-07-20,2 - Midi,5 - Vendredi,Livraison,CA,UberEats,1
11770,0,699.2,632.91,2018-07-20,2 - Midi,5 - Vendredi,Sur place,CA,,41
11773,0,14.7,12.25,2018-07-20,3 - Après-midi,5 - Vendredi,Limonade,CA,,1
11774,0,97.38,87.94,2018-07-20,3 - Après-midi,5 - Vendredi,Livraison,CA,KM,3
11776,-13,0.0,0.0,2018-07-20,4 - Soir,5 - Vendredi,,CA,,0
11779,0,178.1,161.83,2018-07-20,4 - Soir,5 - Vendredi,À emporter,CA,,10
11781,0,258.5,234.93,2018-07-20,4 - Soir,5 - Vendredi,Livraison,CA,AlloResto,1
11782,0,386.5,351.11,2018-07-20,4 - Soir,5 - Vendredi,Livraison,CA,Deliveroo,1
11783,0,283.7,257.87,2018-07-20,4 - Soir,5 - Vendredi,Livraison,CA,Foodora,1
11784,0,207.36,187.34,2018-07-20,4 - Soir,5 - Vendredi,Livraison,CA,KM,6
11785,0,398.1,361.82,2018-07-20,4 - Soir,5 - Vendredi,Livraison,CA,UberEats,1
11791,0,316.1,286.95,2018-07-20,4 - Soir,5 - Vendredi,Sur place,CA,,14
11792,215,0.0,0.0,2018-07-21,,6 - Samedi,,CA,,0
11794,0,3.2,2.91,2018-07-21,1 - Matin,6 - Samedi,Limonade,CA,,1
11795,0,25.8,23.46,2018-07-21,2 - Midi,6 - Samedi,À emporter,CA,,2
11796,0,10.4,9.46,2018-07-21,2 - Midi,6 - Samedi,Limonade,CA,,2
11797,0,69.4,63.07,2018-07-21,2 - Midi,6 - Samedi,Livraison,CA,Deliveroo,1
11798,0,140.0,127.23,2018-07-21,2 - Midi,6 - Samedi,Livraison,CA,Foodora,1
11799,0,34.0,30.72,2018-07-21,2 - Midi,6 - Samedi,Livraison,CA,KM,1
11800,0,170.2,154.69,2018-07-21,2 - Midi,6 - Samedi,Livraison,CA,UberEats,1
11802,0,717.6,651.84,2018-07-21,2 - Midi,6 - Samedi,Sur place,CA,,23
11803,0,22.8,20.73,2018-07-21,3 - Après-midi,6 - Samedi,À emporter,CA,,2
11805,0,37.06,33.03,2018-07-21,3 - Après-midi,6 - Samedi,Limonade,CA,,9
11807,0,98.8,89.36,2018-07-21,3 - Après-midi,6 - Samedi,Sur place,CA,,4
11808,-7,0.0,0.0,2018-07-21,4 - Soir,6 - Samedi,,CA,,0
11811,0,139.8,127.09,2018-07-21,4 - Soir,6 - Samedi,À emporter,CA,,7
11813,0,16.8,15.26,2018-07-21,4 - Soir,6 - Samedi,Limonade,CA,,4
11814,0,144.8,131.23,2018-07-21,4 - Soir,6 - Samedi,Livraison,CA,AlloResto,1
11815,0,228.4,207.6,2018-07-21,4 - Soir,6 - Samedi,Livraison,CA,Deliveroo,1
11816,0,505.9,458.47,2018-07-21,4 - Soir,6 - Samedi,Livraison,CA,Foodora,1
11817,0,56.8,51.28,2018-07-21,4 - Soir,6 - Samedi,Livraison,CA,KM,2
11818,0,358.0,325.37,2018-07-21,4 - Soir,6 - Samedi,Livraison,CA,UberEats,1
11823,0,353.2,320.69,2018-07-21,4 - Soir,6 - Samedi,Sur place,CA,,16
11824,164,0.0,0.0,2018-07-22,,7 - Dimanche,,CA,,0
11826,0,31.8,28.9,2018-07-22,3 - Après-midi,7 - Dimanche,À emporter,CA,,1
11827,0,3.0,2.5,2018-07-22,3 - Après-midi,7 - Dimanche,Limonade,CA,,1
11828,0,64.5,58.65,2018-07-22,3 - Après-midi,7 - Dimanche,Sur place,CA,,3
11829,-9,0.0,0.0,2018-07-22,4 - Soir,7 - Dimanche,,CA,,0
11832,0,28.8,26.18,2018-07-22,4 - Soir,7 - Dimanche,À emporter,CA,KM,1
11833,0,99.0,90.01,2018-07-22,4 - Soir,7 - Dimanche,À emporter,CA,,5
11835,0,10.5,9.54,2018-07-22,4 - Soir,7 - Dimanche,Limonade,CA,,3
11836,0,433.1,391.72,2018-07-22,4 - Soir,7 - Dimanche,Livraison,CA,AlloResto,1
11837,0,388.6,352.94,2018-07-22,4 - Soir,7 - Dimanche,Livraison,CA,Deliveroo,1
11838,0,531.9,483.41,2018-07-22,4 - Soir,7 - Dimanche,Livraison,CA,Foodora,1
11839,0,191.9,173.29,2018-07-22,4 - Soir,7 - Dimanche,Livraison,CA,KM,6
11840,0,388.6,353.19,2018-07-22,4 - Soir,7 - Dimanche,Livraison,CA,UberEats,1
11842,0,28.3,25.54,2018-07-22,4 - Soir,7 - Dimanche,Sur place,CA,,1
11843,0,195.6,177.45,2018-07-22,4 - Soir,7 - Dimanche,Sur place,CA,,9
11845,124,0.0,0.0,2018-07-23,,1 - Lundi,,CA,,0
11847,0,41.7,37.91,2018-07-23,2 - Midi,1 - Lundi,À emporter,CA,,3
11848,0,-12.78,-13.08,2018-07-23,2 - Midi,1 - Lundi,Limonade,CA,,4
11850,0,22.7,20.44,2018-07-23,2 - Midi,1 - Lundi,Livraison,CA,KM,1
11851,0,26.8,24.37,2018-07-23,2 - Midi,1 - Lundi,Sur place,CA,,2
11852,0,334.9,304.28,2018-07-23,2 - Midi,1 - Lundi,Sur place,CA,,20
11853,-9,0.0,0.0,2018-07-23,4 - Soir,1 - Lundi,,CA,,0
11856,0,43.3,39.35,2018-07-23,4 - Soir,1 - Lundi,À emporter,CA,,2
11857,0,7.0,6.02,2018-07-23,4 - Soir,1 - Lundi,Limonade,CA,,1
11858,0,225.8,205.24,2018-07-23,4 - Soir,1 - Lundi,Livraison,CA,AlloResto,1
11859,0,264.1,240.05,2018-07-23,4 - Soir,1 - Lundi,Livraison,CA,Deliveroo,1
11860,0,221.8,201.62,2018-07-23,4 - Soir,1 - Lundi,Livraison,CA,Foodora,1
11861,0,53.7,48.62,2018-07-23,4 - Soir,1 - Lundi,Livraison,CA,KM,1
11862,0,312.8,284.3,2018-07-23,4 - Soir,1 - Lundi,Livraison,CA,UberEats,1
11863,0,175.8,159.54,2018-07-23,4 - Soir,1 - Lundi,Sur place,CA,,8
11865,146,0.0,0.0,2018-07-24,,2 - Mardi,,CA,,0
11867,0,4.1,3.72,2018-07-24,1 - Matin,2 - Mardi,Limonade,CA,,1
11868,0,15.9,14.45,2018-07-24,1 - Matin,2 - Mardi,Sur place,CA,,1
11869,0,193.3,175.76,2018-07-24,2 - Midi,2 - Mardi,À emporter,CA,,13
11870,0,15.5,13.35,2018-07-24,2 - Midi,2 - Mardi,Limonade,CA,,3
11871,0,49.4,44.9,2018-07-24,2 - Midi,2 - Mardi,Livraison,CA,Deliveroo,1
11872,0,94.5,85.88,2018-07-24,2 - Midi,2 - Mardi,Livraison,CA,UberEats,1
11874,0,508.1,461.52,2018-07-24,2 - Midi,2 - Mardi,Sur place,CA,,22
11875,-10,0.0,0.0,2018-07-24,4 - Soir,2 - Mardi,,CA,,0
11878,0,24.76,22.51,2018-07-24,4 - Soir,2 - Mardi,À emporter,CA,KM,1
11879,0,146.91,133.54,2018-07-24,4 - Soir,2 - Mardi,À emporter,CA,,8
11882,0,14.0,12.72,2018-07-24,4 - Soir,2 - Mardi,Limonade,CA,,2
11883,0,125.5,114.07,2018-07-24,4 - Soir,2 - Mardi,Livraison,CA,AlloResto,1
11884,0,375.3,340.79,2018-07-24,4 - Soir,2 - Mardi,Livraison,CA,Deliveroo,1
11885,0,100.7,91.52,2018-07-24,4 - Soir,2 - Mardi,Livraison,CA,Foodora,1
11886,0,31.49,28.43,2018-07-24,4 - Soir,2 - Mardi,Livraison,CA,KM,1
11887,0,168.9,153.52,2018-07-24,4 - Soir,2 - Mardi,Livraison,CA,UberEats,1
11889,0,138.7,126.1,2018-07-24,4 - Soir,2 - Mardi,Sur place,CA,,7
11891,143,0.0,0.0,2018-07-25,,3 - Mercredi,,CA,,0
11894,0,159.0,144.56,2018-07-25,2 - Midi,3 - Mercredi,À emporter,CA,,11
11895,0,-3.7,-4.08,2018-07-25,2 - Midi,3 - Mercredi,Limonade,CA,,3
11898,0,21.9,19.9,2018-07-25,2 - Midi,3 - Mercredi,Livraison,CA,Deliveroo,1
11899,0,31.8,28.9,2018-07-25,2 - Midi,3 - Mercredi,Livraison,CA,Foodora,1
11900,0,69.6,63.26,2018-07-25,2 - Midi,3 - Mercredi,Livraison,CA,UberEats,1
11902,0,431.7,392.26,2018-07-25,2 - Midi,3 - Mercredi,Sur place,CA,,28
11904,-9,0.0,0.0,2018-07-25,4 - Soir,3 - Mercredi,,CA,,0
11907,0,158.0,143.63,2018-07-25,4 - Soir,3 - Mercredi,À emporter,CA,,7
11908,0,1.6,1.45,2018-07-25,4 - Soir,3 - Mercredi,Limonade,CA,,1
11909,0,92.6,84.15,2018-07-25,4 - Soir,3 - Mercredi,Livraison,CA,AlloResto,1
11910,0,189.6,172.31,2018-07-25,4 - Soir,3 - Mercredi,Livraison,CA,Deliveroo,1
11911,0,128.7,116.95,2018-07-25,4 - Soir,3 - Mercredi,Livraison,CA,Foodora,1
11912,0,239.55,216.61,2018-07-25,4 - Soir,3 - Mercredi,Livraison,CA,KM,6
11913,0,275.7,249.29,2018-07-25,4 - Soir,3 - Mercredi,Livraison,CA,UberEats,1
11916,0,237.6,215.43,2018-07-25,4 - Soir,3 - Mercredi,Sur place,CA,,8
11918,156,0.0,0.0,2018-07-26,,4 - Jeudi,,CA,,0
11920,0,189.8,172.55,2018-07-26,2 - Midi,4 - Jeudi,À emporter,CA,,13
11922,0,13.2,12.0,2018-07-26,2 - Midi,4 - Jeudi,Limonade,CA,,3
11923,0,28.8,26.18,2018-07-26,2 - Midi,4 - Jeudi,Livraison,CA,AlloResto,1
11924,0,44.9,40.8,2018-07-26,2 - Midi,4 - Jeudi,Livraison,CA,Deliveroo,1
11925,0,67.44,60.94,2018-07-26,2 - Midi,4 - Jeudi,Livraison,CA,KM,2
11926,0,43.2,39.26,2018-07-26,2 - Midi,4 - Jeudi,Livraison,CA,UberEats,1
11929,0,607.71,552.18,2018-07-26,2 - Midi,4 - Jeudi,Sur place,CA,,32
11931,0,61.41,55.63,2018-07-26,3 - Après-midi,4 - Jeudi,Livraison,CA,KM,1
11933,0,38.7,35.19,2018-07-26,3 - Après-midi,4 - Jeudi,Sur place,CA,,1
11934,-7,0.0,0.0,2018-07-26,4 - Soir,4 - Jeudi,,CA,,0
11937,0,124.1,112.75,2018-07-26,4 - Soir,4 - Jeudi,À emporter,CA,,6
11938,0,-0.53,-2.62,2018-07-26,4 - Soir,4 - Jeudi,Limonade,CA,,4
11941,0,68.2,61.99,2018-07-26,4 - Soir,4 - Jeudi,Livraison,CA,AlloResto,1
11942,0,271.5,246.74,2018-07-26,4 - Soir,4 - Jeudi,Livraison,CA,Deliveroo,1
11943,0,88.4,80.34,2018-07-26,4 - Soir,4 - Jeudi,Livraison,CA,Foodora,1
11944,0,34.3,30.98,2018-07-26,4 - Soir,4 - Jeudi,Livraison,CA,KM,1
11945,0,202.2,183.79,2018-07-26,4 - Soir,4 - Jeudi,Livraison,CA,UberEats,1
11946,0,292.7,265.91,2018-07-26,4 - Soir,4 - Jeudi,Sur place,CA,,15
11950,166,0.0,0.0,2018-07-27,,5 - Vendredi,,CA,,0
11952,0,41.7,37.91,2018-07-27,2 - Midi,5 - Vendredi,À emporter,CA,,3
11953,0,2.5,2.27,2018-07-27,2 - Midi,5 - Vendredi,Limonade,CA,,1
11954,0,651.61,591.33,2018-07-27,2 - Midi,5 - Vendredi,Sur place,CA,,42
11956,0,12.9,11.73,2018-07-27,3 - Après-midi,5 - Vendredi,À emporter,CA,,1
11957,0,1.6,1.45,2018-07-27,3 - Après-midi,5 - Vendredi,Limonade,CA,,1
11958,-10,0.0,0.0,2018-07-27,4 - Soir,5 - Vendredi,,CA,,0
11961,0,41.3,37.54,2018-07-27,4 - Soir,5 - Vendredi,À emporter,CA,KM,1
11962,0,75.8,68.91,2018-07-27,4 - Soir,5 - Vendredi,À emporter,CA,,4
11963,0,20.8,17.71,2018-07-27,4 - Soir,5 - Vendredi,Limonade,CA,,4
11964,0,165.2,150.14,2018-07-27,4 - Soir,5 - Vendredi,Livraison,CA,AlloResto,1
11965,0,200.3,181.58,2018-07-27,4 - Soir,5 - Vendredi,Livraison,CA,Deliveroo,1
11966,0,273.1,248.21,2018-07-27,4 - Soir,5 - Vendredi,Livraison,CA,Foodora,1
11967,0,186.56,168.85,2018-07-27,4 - Soir,5 - Vendredi,Livraison,CA,KM,4
11968,0,514.4,467.51,2018-07-27,4 - Soir,5 - Vendredi,Livraison,CA,UberEats,1
11974,0,194.8,176.73,2018-07-27,4 - Soir,5 - Vendredi,Sur place,CA,,10
11976,181,0.0,0.0,2018-07-28,,6 - Samedi,,CA,,0
11979,0,66.69,60.64,2018-07-28,2 - Midi,6 - Samedi,À emporter,CA,KM,3
11980,0,214.83,195.27,2018-07-28,2 - Midi,6 - Samedi,À emporter,CA,,7
11983,0,1.6,1.45,2018-07-28,2 - Midi,6 - Samedi,Limonade,CA,,1
11984,0,245.5,223.13,2018-07-28,2 - Midi,6 - Samedi,Livraison,CA,AlloResto,1
11985,0,301.3,273.83,2018-07-28,2 - Midi,6 - Samedi,Livraison,CA,Deliveroo,1
11986,0,356.1,323.44,2018-07-28,2 - Midi,6 - Samedi,Livraison,CA,Foodora,1
11987,0,32.9,29.71,2018-07-28,2 - Midi,6 - Samedi,Livraison,CA,KM,1
11988,0,227.2,206.28,2018-07-28,2 - Midi,6 - Samedi,Livraison,CA,UberEats,1
11989,0,12.9,11.73,2018-07-28,2 - Midi,6 - Samedi,Sur place,CA,,1
11990,0,402.1,365.47,2018-07-28,2 - Midi,6 - Samedi,Sur place,CA,,20
11991,0,14.0,12.72,2018-07-28,3 - Après-midi,6 - Samedi,À emporter,CA,,1
11992,0,7.3,6.63,2018-07-28,3 - Après-midi,6 - Samedi,Limonade,CA,,3
11993,0,42.1,36.55,2018-07-28,3 - Après-midi,6 - Samedi,Limonade,CA,,9
11994,0,19.3,17.35,2018-07-28,3 - Après-midi,6 - Samedi,Livraison,CA,KM,1
11995,0,105.0,95.15,2018-07-28,3 - Après-midi,6 - Samedi,Sur place,CA,,2
11996,-8,0.0,0.0,2018-07-28,4 - Soir,6 - Samedi,,CA,,0
11999,0,64.73,58.84,2018-07-28,4 - Soir,6 - Samedi,À emporter,CA,KM,3
12000,0,44.8,40.73,2018-07-28,4 - Soir,6 - Samedi,À emporter,CA,,2
12002,0,-0.12,-0.84,2018-07-28,4 - Soir,6 - Samedi,Limonade,CA,,3
12004,0,129.98,117.38,2018-07-28,4 - Soir,6 - Samedi,Livraison,CA,KM,4
12006,0,297.6,270.24,2018-07-28,4 - Soir,6 - Samedi,Sur place,CA,,9
12008,137,0.0,0.0,2018-07-29,,7 - Dimanche,,CA,,0
12010,0,15.9,14.45,2018-07-29,3 - Après-midi,7 - Dimanche,À emporter,CA,,1
12011,0,11.0,10.0,2018-07-29,3 - Après-midi,7 - Dimanche,Limonade,CA,,1
12012,0,39.8,36.18,2018-07-29,3 - Après-midi,7 - Dimanche,Sur place,CA,,3
12013,-7,0.0,0.0,2018-07-29,4 - Soir,7 - Dimanche,,CA,,0
12016,0,48.6,44.19,2018-07-29,4 - Soir,7 - Dimanche,À emporter,CA,KM,1
12017,0,157.2,142.93,2018-07-29,4 - Soir,7 - Dimanche,À emporter,CA,,5
12018,0,14.5,12.95,2018-07-29,4 - Soir,7 - Dimanche,Limonade,CA,,3
12019,0,229.0,208.16,2018-07-29,4 - Soir,7 - Dimanche,Livraison,CA,AlloResto,1
12020,0,333.2,302.8,2018-07-29,4 - Soir,7 - Dimanche,Livraison,CA,Deliveroo,1
12021,0,223.5,203.15,2018-07-29,4 - Soir,7 - Dimanche,Livraison,CA,Foodora,1
12022,0,200.02,180.67,2018-07-29,4 - Soir,7 - Dimanche,Livraison,CA,KM,6
12023,0,207.9,188.9,2018-07-29,4 - Soir,7 - Dimanche,Livraison,CA,UberEats,1
12025,0,453.4,411.79,2018-07-29,4 - Soir,7 - Dimanche,Sur place,CA,,16
12027,183,0.0,0.0,2018-07-30,,1 - Lundi,,CA,,0
12031,0,28.8,26.18,2018-07-30,2 - Midi,1 - Lundi,À emporter,CA,,2
12032,0,180.5,163.89,2018-07-30,2 - Midi,1 - Lundi,À emporter,CA,,9
12033,0,14.0,12.72,2018-07-30,2 - Midi,1 - Lundi,Limonade,CA,,1
12034,0,47.3,42.99,2018-07-30,2 - Midi,1 - Lundi,Livraison,CA,AlloResto,1
12035,0,66.1,60.08,2018-07-30,2 - Midi,1 - Lundi,Livraison,CA,Deliveroo,1
12036,0,15.9,14.45,2018-07-30,2 - Midi,1 - Lundi,Livraison,CA,Foodora,1
12037,0,23.9,21.54,2018-07-30,2 - Midi,1 - Lundi,Livraison,CA,KM,1
12038,0,88.3,80.26,2018-07-30,2 - Midi,1 - Lundi,Livraison,CA,UberEats,1
12040,0,83.0,73.85,2018-07-30,2 - Midi,1 - Lundi,Sur place,CA,,7
12041,0,186.1,169.02,2018-07-30,2 - Midi,1 - Lundi,Sur place,CA,,12
12044,0,15.5,14.1,2018-07-30,3 - Après-midi,1 - Lundi,Limonade,CA,,2
12045,0,18.3,15.44,2018-07-30,3 - Après-midi,1 - Lundi,Limonade,CA,,3
12046,0,24.7,22.26,2018-07-30,3 - Après-midi,1 - Lundi,Livraison,CA,KM,1
12047,0,73.5,66.63,2018-07-30,3 - Après-midi,1 - Lundi,Sur place,CA,,1
12048,-7,0.0,0.0,2018-07-30,4 - Soir,1 - Lundi,,CA,,0
12051,0,37.8,34.37,2018-07-30,4 - Soir,1 - Lundi,À emporter,CA,KM,1
12052,0,181.4,164.83,2018-07-30,4 - Soir,1 - Lundi,À emporter,CA,,8
12053,0,12.5,11.36,2018-07-30,4 - Soir,1 - Lundi,Limonade,CA,,3
12054,0,138.4,125.78,2018-07-30,4 - Soir,1 - Lundi,Livraison,CA,AlloResto,1
12055,0,149.6,135.89,2018-07-30,4 - Soir,1 - Lundi,Livraison,CA,Deliveroo,1
12056,0,178.2,161.97,2018-07-30,4 - Soir,1 - Lundi,Livraison,CA,Foodora,1
12057,0,180.49,163.3,2018-07-30,4 - Soir,1 - Lundi,Livraison,CA,KM,4
12058,0,358.0,325.15,2018-07-30,4 - Soir,1 - Lundi,Livraison,CA,UberEats,1
12060,0,541.2,491.56,2018-07-30,4 - Soir,1 - Lundi,Sur place,CA,,19
12062,212,0.0,0.0,2018-07-31,,2 - Mardi,,CA,,0
12064,0,115.3,104.79,2018-07-31,2 - Midi,2 - Mardi,À emporter,CA,AlloResto,1
12065,0,197.1,179.21,2018-07-31,2 - Midi,2 - Mardi,À emporter,CA,,14
12066,0,1.6,1.45,2018-07-31,2 - Midi,2 - Mardi,Limonade,CA,,1
12067,0,45.1,41.0,2018-07-31,2 - Midi,2 - Mardi,Livraison,CA,Deliveroo,1
12068,0,32.8,29.82,2018-07-31,2 - Midi,2 - Mardi,Livraison,CA,Foodora,1
12069,0,145.2,131.98,2018-07-31,2 - Midi,2 - Mardi,Livraison,CA,UberEats,1
12070,0,621.3,564.37,2018-07-31,2 - Midi,2 - Mardi,Sur place,CA,,38
12072,0,1.6,1.45,2018-07-31,3 - Après-midi,2 - Mardi,À emporter,CA,,1
12073,0,12.4,10.9,2018-07-31,3 - Après-midi,2 - Mardi,Limonade,CA,,2
12074,0,73.3,66.61,2018-07-31,3 - Après-midi,2 - Mardi,Livraison,CA,AlloResto,1
12075,0,63.2,57.45,2018-07-31,3 - Après-midi,2 - Mardi,Livraison,CA,Foodora,1
12076,0,26.69,24.07,2018-07-31,3 - Après-midi,2 - Mardi,Livraison,CA,KM,1
12077,0,62.2,56.54,2018-07-31,3 - Après-midi,2 - Mardi,Livraison,CA,UberEats,1
12080,0,49.7,45.19,2018-07-31,3 - Après-midi,2 - Mardi,Sur place,CA,,3
12081,-10,0.0,0.0,2018-07-31,4 - Soir,2 - Mardi,,CA,,0
12084,0,61.2,55.55,2018-07-31,4 - Soir,2 - Mardi,À emporter,CA,,4
12085,0,2.5,2.27,2018-07-31,4 - Soir,2 - Mardi,Limonade,CA,,1
12086,0,246.2,223.29,2018-07-31,4 - Soir,2 - Mardi,Livraison,CA,AlloResto,1
12087,0,224.5,203.84,2018-07-31,4 - Soir,2 - Mardi,Livraison,CA,Deliveroo,1
12088,0,215.0,195.4,2018-07-31,4 - Soir,2 - Mardi,Livraison,CA,Foodora,1
12089,0,60.47,54.57,2018-07-31,4 - Soir,2 - Mardi,Livraison,CA,KM,2
12090,0,527.7,479.62,2018-07-31,4 - Soir,2 - Mardi,Livraison,CA,UberEats,1
12094,0,153.6,139.36,2018-07-31,4 - Soir,2 - Mardi,Sur place,CA,,7
12096,149,0.0,0.0,2018-08-01,,3 - Mercredi,,CA,,0
12098,0,266.18,241.78,2018-08-01,2 - Midi,3 - Mercredi,À emporter,CA,,16
12100,0,-2.2,-2.72,2018-08-01,2 - Midi,3 - Mercredi,Limonade,CA,,3
12102,0,20.3,18.45,2018-08-01,2 - Midi,3 - Mercredi,Livraison,CA,AlloResto,1
12103,0,47.2,42.91,2018-08-01,2 - Midi,3 - Mercredi,Livraison,CA,Foodora,1
12104,0,132.0,120.01,2018-08-01,2 - Midi,3 - Mercredi,Sur place,CA,,8
12105,0,19.2,17.45,2018-08-01,3 - Après-midi,3 - Mercredi,Limonade,CA,,3
12106,0,25.5,23.17,2018-08-01,3 - Après-midi,3 - Mercredi,Livraison,CA,AlloResto,1
12107,0,43.5,39.35,2018-08-01,3 - Après-midi,3 - Mercredi,Livraison,CA,KM,1
12108,0,99.3,90.28,2018-08-01,3 - Après-midi,3 - Mercredi,Sur place,CA,,5
12109,-7,0.0,0.0,2018-08-01,4 - Soir,3 - Mercredi,,CA,,0
12112,0,115.7,105.18,2018-08-01,4 - Soir,3 - Mercredi,À emporter,CA,,8
12113,0,76.5,69.53,2018-08-01,4 - Soir,3 - Mercredi,Livraison,CA,AlloResto,1
12114,0,426.7,387.84,2018-08-01,4 - Soir,3 - Mercredi,Livraison,CA,Deliveroo,2
12115,0,299.9,272.57,2018-08-01,4 - Soir,3 - Mercredi,Livraison,CA,Foodora,2
12116,0,87.08,78.57,2018-08-01,4 - Soir,3 - Mercredi,Livraison,CA,KM,3
12117,0,217.3,197.5,2018-08-01,4 - Soir,3 - Mercredi,Livraison,CA,UberEats,2
12120,0,17.4,15.81,2018-08-01,4 - Soir,3 - Mercredi,Sur place,CA,Foodora,1
12121,0,249.3,225.85,2018-08-01,4 - Soir,3 - Mercredi,Sur place,CA,,11
12123,205,0.0,0.0,2018-08-02,,4 - Jeudi,,CA,,0
12125,0,24.82,22.37,2018-08-02,1 - Matin,4 - Jeudi,Livraison,CA,KM,1
12127,0,15.9,14.45,2018-08-02,2 - Midi,4 - Jeudi,À emporter,CA,,1
12128,0,207.8,188.89,2018-08-02,2 - Midi,4 - Jeudi,À emporter,CA,,14
12129,0,16.2,14.72,2018-08-02,2 - Midi,4 - Jeudi,Limonade,CA,,3
12130,0,54.1,49.16,2018-08-02,2 - Midi,4 - Jeudi,Livraison,CA,AlloResto,1
12131,0,15.9,14.45,2018-08-02,2 - Midi,4 - Jeudi,Livraison,CA,Deliveroo,1
12132,0,80.0,72.35,2018-08-02,2 - Midi,4 - Jeudi,Livraison,CA,KM,2
12133,0,126.6,115.06,2018-08-02,2 - Midi,4 - Jeudi,Livraison,CA,UberEats,1
12135,0,458.0,416.4,2018-08-02,2 - Midi,4 - Jeudi,Sur place,CA,,25
12136,0,26.9,24.45,2018-08-02,3 - Après-midi,4 - Jeudi,À emporter,CA,,2
12137,0,19.5,17.12,2018-08-02,3 - Après-midi,4 - Jeudi,Limonade,CA,,3
12138,0,73.0,66.37,2018-08-02,3 - Après-midi,4 - Jeudi,Sur place,CA,,2
12140,-11,0.0,0.0,2018-08-02,4 - Soir,4 - Jeudi,,CA,,0
12143,0,9.9,9.0,2018-08-02,4 - Soir,4 - Jeudi,À emporter,CA,,1
12144,0,118.8,107.81,2018-08-02,4 - Soir,4 - Jeudi,À emporter,CA,,6
12145,0,2.5,2.27,2018-08-02,4 - Soir,4 - Jeudi,Limonade,CA,,1
12146,0,5.0,4.54,2018-08-02,4 - Soir,4 - Jeudi,Limonade,CA,,2
12147,0,250.7,227.84,2018-08-02,4 - Soir,4 - Jeudi,Livraison,CA,AlloResto,1
12148,0,319.2,289.17,2018-08-02,4 - Soir,4 - Jeudi,Livraison,CA,Deliveroo,2
12149,0,213.5,194.03,2018-08-02,4 - Soir,4 - Jeudi,Livraison,CA,Foodora,1
12150,0,111.36,100.46,2018-08-02,4 - Soir,4 - Jeudi,Livraison,CA,KM,4
12151,0,486.1,441.8,2018-08-02,4 - Soir,4 - Jeudi,Livraison,CA,UberEats,1
12153,0,42.7,38.74,2018-08-02,4 - Soir,4 - Jeudi,Sur place,CA,,2
12154,0,228.3,206.99,2018-08-02,4 - Soir,4 - Jeudi,Sur place,CA,,10
12156,199,0.0,0.0,2018-08-03,,5 - Vendredi,,CA,,0
12158,0,41.7,37.91,2018-08-03,2 - Midi,5 - Vendredi,À emporter,CA,,3
12159,0,232.42,211.28,2018-08-03,2 - Midi,5 - Vendredi,À emporter,CA,,15
12161,0,11.2,9.95,2018-08-03,2 - Midi,5 - Vendredi,Limonade,CA,,4
12162,0,116.8,106.16,2018-08-03,2 - Midi,5 - Vendredi,Livraison,CA,Foodora,1
12163,0,178.1,161.88,2018-08-03,2 - Midi,5 - Vendredi,Livraison,CA,UberEats,1
12165,0,12.9,11.73,2018-08-03,2 - Midi,5 - Vendredi,Sur place,CA,,1
12166,0,725.9,659.61,2018-08-03,2 - Midi,5 - Vendredi,Sur place,CA,,39
12167,0,9.0,8.18,2018-08-03,3 - Après-midi,5 - Vendredi,Limonade,CA,,2
12168,0,31.8,28.9,2018-08-03,3 - Après-midi,5 - Vendredi,Livraison,CA,AlloResto,1
12169,0,36.9,33.54,2018-08-03,3 - Après-midi,5 - Vendredi,Livraison,CA,Deliveroo,1
12170,0,67.9,61.72,2018-08-03,3 - Après-midi,5 - Vendredi,Livraison,CA,Foodora,1
12171,0,42.5,38.43,2018-08-03,3 - Après-midi,5 - Vendredi,Livraison,CA,KM,1
12172,0,76.0,68.84,2018-08-03,3 - Après-midi,5 - Vendredi,Sur place,CA,,2
12173,-6,0.0,0.0,2018-08-03,4 - Soir,5 - Vendredi,,CA,,0
12176,0,28.8,26.18,2018-08-03,4 - Soir,5 - Vendredi,À emporter,CA,Deliveroo,1
12177,0,120.9,109.91,2018-08-03,4 - Soir,5 - Vendredi,À emporter,CA,,5
12178,0,11.5,10.45,2018-08-03,4 - Soir,5 - Vendredi,Limonade,CA,,4
12179,0,128.7,116.97,2018-08-03,4 - Soir,5 - Vendredi,Livraison,CA,AlloResto,3
12180,0,155.2,140.68,2018-08-03,4 - Soir,5 - Vendredi,Livraison,CA,Deliveroo,4
12181,0,153.1,139.14,2018-08-03,4 - Soir,5 - Vendredi,Livraison,CA,Foodora,2
12182,0,156.29,141.29,2018-08-03,4 - Soir,5 - Vendredi,Livraison,CA,KM,4
12183,0,241.6,219.61,2018-08-03,4 - Soir,5 - Vendredi,Livraison,CA,UberEats,6
12186,0,262.6,236.35,2018-08-03,4 - Soir,5 - Vendredi,Sur place,CA,,11
12188,159,0.0,0.0,2018-08-04,,6 - Samedi,,CA,,0
12190,0,51.2,46.47,2018-08-04,2 - Midi,6 - Samedi,À emporter,CA,,2
12191,0,21.9,19.9,2018-08-04,2 - Midi,6 - Samedi,Limonade,CA,,7
12192,0,65.2,59.26,2018-08-04,2 - Midi,6 - Samedi,Livraison,CA,Deliveroo,1
12193,0,36.2,32.9,2018-08-04,2 - Midi,6 - Samedi,Livraison,CA,UberEats,1
12194,0,545.0,495.18,2018-08-04,2 - Midi,6 - Samedi,Sur place,CA,,17
12195,0,11.5,10.45,2018-08-04,3 - Après-midi,6 - Samedi,À emporter,CA,,1
12196,0,12.1,10.53,2018-08-04,3 - Après-midi,6 - Samedi,Limonade,CA,,2
12198,0,34.3,31.17,2018-08-04,3 - Après-midi,6 - Samedi,Livraison,CA,AlloResto,1
12199,0,45.9,41.73,2018-08-04,3 - Après-midi,6 - Samedi,Livraison,CA,Deliveroo,1
12200,0,78.4,71.27,2018-08-04,3 - Après-midi,6 - Samedi,Livraison,CA,Foodora,1
12201,0,32.17,29.05,2018-08-04,3 - Après-midi,6 - Samedi,Livraison,CA,KM,1
12202,0,44.7,40.63,2018-08-04,3 - Après-midi,6 - Samedi,Livraison,CA,UberEats,1
12205,0,108.1,98.2,2018-08-04,3 - Après-midi,6 - Samedi,Sur place,CA,,5
12206,-10,0.0,0.0,2018-08-04,4 - Soir,6 - Samedi,,CA,,0
12209,0,89.28,81.17,2018-08-04,4 - Soir,6 - Samedi,À emporter,CA,,6
12211,0,5.7,5.18,2018-08-04,4 - Soir,6 - Samedi,Limonade,CA,,2
12213,0,182.2,165.21,2018-08-04,4 - Soir,6 - Samedi,Livraison,CA,AlloResto,3
12214,0,152.4,138.51,2018-08-04,4 - Soir,6 - Samedi,Livraison,CA,Deliveroo,2
12215,0,159.6,145.07,2018-08-04,4 - Soir,6 - Samedi,Livraison,CA,Foodora,3
12216,0,66.88,60.4,2018-08-04,4 - Soir,6 - Samedi,Livraison,CA,KM,2
12217,0,264.1,240.05,2018-08-04,4 - Soir,6 - Samedi,Livraison,CA,UberEats,2
12220,0,206.0,187.03,2018-08-04,4 - Soir,6 - Samedi,Sur place,CA,,6
12222,145,0.0,0.0,2018-08-05,,7 - Dimanche,,CA,,0
12224,0,24.4,22.18,2018-08-05,3 - Après-midi,7 - Dimanche,À emporter,CA,KM,1
12225,0,9.8,8.17,2018-08-05,3 - Après-midi,7 - Dimanche,Limonade,CA,,1
12226,0,12.9,11.73,2018-08-05,3 - Après-midi,7 - Dimanche,Sur place,CA,,1
12227,-6,0.0,0.0,2018-08-05,4 - Soir,7 - Dimanche,,CA,,0
12230,0,20.8,18.91,2018-08-05,4 - Soir,7 - Dimanche,À emporter,CA,KM,1
12231,0,175.3,159.29,2018-08-05,4 - Soir,7 - Dimanche,À emporter,CA,,8
12232,0,28.5,25.92,2018-08-05,4 - Soir,7 - Dimanche,Limonade,CA,,5
12233,0,237.9,216.19,2018-08-05,4 - Soir,7 - Dimanche,Livraison,CA,AlloResto,1
12234,0,502.3,456.55,2018-08-05,4 - Soir,7 - Dimanche,Livraison,CA,Deliveroo,1
12235,0,290.5,264.02,2018-08-05,4 - Soir,7 - Dimanche,Livraison,CA,Foodora,1
12236,0,58.7,53.17,2018-08-05,4 - Soir,7 - Dimanche,Livraison,CA,KM,1
12237,0,551.0,500.79,2018-08-05,4 - Soir,7 - Dimanche,Livraison,CA,UberEats,1
12238,0,212.2,192.8,2018-08-05,4 - Soir,7 - Dimanche,Sur place,CA,,10
12240,185,0.0,0.0,2018-08-06,,1 - Lundi,,CA,,0
12242,0,177.3,161.2,2018-08-06,2 - Midi,1 - Lundi,À emporter,CA,,12
12243,0,12.2,11.08,2018-08-06,2 - Midi,1 - Lundi,Limonade,CA,,5
12244,0,121.5,110.43,2018-08-06,2 - Midi,1 - Lundi,Livraison,CA,AlloResto,1
12245,0,171.6,155.96,2018-08-06,2 - Midi,1 - Lundi,Livraison,CA,Deliveroo,1
12246,0,52.4,47.63,2018-08-06,2 - Midi,1 - Lundi,Livraison,CA,Foodora,1
12247,0,17.8,15.98,2018-08-06,2 - Midi,1 - Lundi,Livraison,CA,KM,1
12248,0,247.3,224.77,2018-08-06,2 - Midi,1 - Lundi,Livraison,CA,UberEats,1
12249,0,627.88,570.64,2018-08-06,2 - Midi,1 - Lundi,Sur place,CA,,28
12251,0,3.2,2.91,2018-08-06,3 - Après-midi,1 - Lundi,Limonade,CA,,1
12252,-1,0.0,0.0,2018-08-06,4 - Soir,1 - Lundi,,CA,,0
12255,0,86.0,78.17,2018-08-06,4 - Soir,1 - Lundi,À emporter,CA,,4
12256,0,10.6,9.63,2018-08-06,4 - Soir,1 - Lundi,Limonade,CA,,3
12257,0,193.2,175.6,2018-08-06,4 - Soir,1 - Lundi,Livraison,CA,AlloResto,1
12258,0,194.7,176.96,2018-08-06,4 - Soir,1 - Lundi,Livraison,CA,Deliveroo,1
12259,0,194.8,176.7,2018-08-06,4 - Soir,1 - Lundi,Livraison,CA,Foodora,1
12260,0,183.79,166.09,2018-08-06,4 - Soir,1 - Lundi,Livraison,CA,KM,5
12261,0,296.5,269.47,2018-08-06,4 - Soir,1 - Lundi,Livraison,CA,UberEats,1
12265,0,194.8,176.93,2018-08-06,4 - Soir,1 - Lundi,Sur place,CA,,8
12267,158,0.0,0.0,2018-08-07,,2 - Mardi,,CA,,0
12270,0,441.1,400.14,2018-08-07,2 - Midi,2 - Mardi,À emporter,CA,,26
12273,0,8.7,7.68,2018-08-07,2 - Midi,2 - Mardi,Limonade,CA,,3
12274,0,55.7,50.62,2018-08-07,2 - Midi,2 - Mardi,Livraison,CA,AlloResto,1
12275,0,53.7,48.81,2018-08-07,2 - Midi,2 - Mardi,Livraison,CA,Deliveroo,1
12276,0,31.8,28.9,2018-08-07,2 - Midi,2 - Mardi,Livraison,CA,Foodora,1
12277,0,33.4,30.36,2018-08-07,2 - Midi,2 - Mardi,Livraison,CA,UberEats,1
12278,0,277.93,252.24,2018-08-07,2 - Midi,2 - Mardi,Sur place,CA,,18
12280,0,25.5,23.18,2018-08-07,3 - Après-midi,2 - Mardi,À emporter,CA,,1
12281,0,5.0,4.55,2018-08-07,3 - Après-midi,2 - Mardi,Limonade,CA,,1
12282,0,33.9,30.55,2018-08-07,3 - Après-midi,2 - Mardi,Livraison,CA,Deliveroo,1
12283,0,15.9,14.45,2018-08-07,3 - Après-midi,2 - Mardi,Livraison,CA,Foodora,1
12285,0,12.9,11.73,2018-08-07,3 - Après-midi,2 - Mardi,Sur place,CA,,1
12286,-13,0.0,0.0,2018-08-07,4 - Soir,2 - Mardi,,CA,,0
12290,0,199.9,181.63,2018-08-07,4 - Soir,2 - Mardi,À emporter,CA,,8
12291,0,7.9,6.81,2018-08-07,4 - Soir,2 - Mardi,Limonade,CA,,2
12292,0,124.6,113.25,2018-08-07,4 - Soir,2 - Mardi,Livraison,CA,AlloResto,1
12293,0,258.2,234.53,2018-08-07,4 - Soir,2 - Mardi,Livraison,CA,Deliveroo,1
12294,0,165.9,150.78,2018-08-07,4 - Soir,2 - Mardi,Livraison,CA,Foodora,1
12295,0,31.3,28.26,2018-08-07,4 - Soir,2 - Mardi,Livraison,CA,KM,1
12296,0,246.4,223.94,2018-08-07,4 - Soir,2 - Mardi,Livraison,CA,UberEats,1
12297,0,181.5,164.78,2018-08-07,4 - Soir,2 - Mardi,Sur place,CA,,5
12299,200,0.0,0.0,2018-08-08,,3 - Mercredi,,CA,,0
12301,0,63.6,57.8,2018-08-08,1 - Matin,3 - Mercredi,À emporter,CA,KM,1
12302,0,36.2,32.72,2018-08-08,1 - Matin,3 - Mercredi,Livraison,CA,KM,1
12304,0,29.2,26.54,2018-08-08,2 - Midi,3 - Mercredi,À emporter,CA,Deliveroo,1
12305,0,30.4,27.63,2018-08-08,2 - Midi,3 - Mercredi,À emporter,CA,Foodora,1
12306,0,73.9,67.16,2018-08-08,2 - Midi,3 - Mercredi,À emporter,CA,UberEats,1
12307,0,244.76,222.51,2018-08-08,2 - Midi,3 - Mercredi,À emporter,CA,,17
12309,0,18.7,17.0,2018-08-08,2 - Midi,3 - Mercredi,Limonade,CA,,5
12311,0,706.1,641.69,2018-08-08,2 - Midi,3 - Mercredi,Sur place,CA,,45
12313,0,19.7,17.91,2018-08-08,3 - Après-midi,3 - Mercredi,À emporter,CA,KM,1
12314,0,124.3,112.23,2018-08-08,3 - Après-midi,3 - Mercredi,À emporter,CA,,6
12315,0,21.2,19.03,2018-08-08,3 - Après-midi,3 - Mercredi,Limonade,CA,,5
12316,0,171.9,156.23,2018-08-08,3 - Après-midi,3 - Mercredi,Livraison,CA,AlloResto,1
12317,0,223.3,202.96,2018-08-08,3 - Après-midi,3 - Mercredi,Livraison,CA,Foodora,2
12318,0,413.7,375.67,2018-08-08,3 - Après-midi,3 - Mercredi,Livraison,CA,UberEats,2
12319,0,28.8,26.18,2018-08-08,3 - Après-midi,3 - Mercredi,Sur place,CA,,1
12320,-7,0.0,0.0,2018-08-08,4 - Soir,3 - Mercredi,,CA,,0
12323,0,183.1,165.88,2018-08-08,4 - Soir,3 - Mercredi,À emporter,CA,,8
12324,0,9.8,8.16,2018-08-08,4 - Soir,3 - Mercredi,Limonade,CA,,2
12325,0,316.4,286.68,2018-08-08,4 - Soir,3 - Mercredi,Livraison,CA,Deliveroo,1
12326,0,25.0,22.53,2018-08-08,4 - Soir,3 - Mercredi,Livraison,CA,KM,1
12328,0,209.1,189.7,2018-08-08,4 - Soir,3 - Mercredi,Sur place,CA,,7
12330,220,0.0,0.0,2018-08-09,,4 - Jeudi,,CA,,0
12332,0,133.0,120.71,2018-08-09,1 - Matin,4 - Jeudi,Livraison,CA,KM,1
12334,0,233.9,212.49,2018-08-09,2 - Midi,4 - Jeudi,À emporter,CA,,15
12335,0,253.4,230.3,2018-08-09,2 - Midi,4 - Jeudi,À emporter,CA,,17
12336,0,5.6,5.09,2018-08-09,2 - Midi,4 - Jeudi,Limonade,CA,,2
12337,0,159.4,144.1,2018-08-09,2 - Midi,4 - Jeudi,Livraison,CA,AlloResto,1
12338,0,161.7,146.61,2018-08-09,2 - Midi,4 - Jeudi,Livraison,CA,Deliveroo,1
12339,0,95.7,86.98,2018-08-09,2 - Midi,4 - Jeudi,Livraison,CA,Foodora,1
12340,0,83.27,75.13,2018-08-09,2 - Midi,4 - Jeudi,Livraison,CA,KM,3
12341,0,233.1,211.85,2018-08-09,2 - Midi,4 - Jeudi,Livraison,CA,UberEats,1
12344,0,157.04,142.78,2018-08-09,2 - Midi,4 - Jeudi,Sur place,CA,,7
12345,0,573.1,520.25,2018-08-09,2 - Midi,4 - Jeudi,Sur place,CA,,31
12348,0,81.5,74.09,2018-08-09,3 - Après-midi,4 - Jeudi,À emporter,CA,,3
12349,0,7.6,6.68,2018-08-09,3 - Après-midi,4 - Jeudi,Limonade,CA,,2
12350,0,9.9,9.0,2018-08-09,3 - Après-midi,4 - Jeudi,Sur place,CA,,1
12351,-6,0.0,0.0,2018-08-09,4 - Soir,4 - Jeudi,,CA,,0
12354,0,16.9,15.36,2018-08-09,4 - Soir,4 - Jeudi,À emporter,CA,KM,1
12355,0,12.5,11.37,2018-08-09,4 - Soir,4 - Jeudi,À emporter,CA,,1
12356,0,168.5,152.97,2018-08-09,4 - Soir,4 - Jeudi,À emporter,CA,,8
12358,0,10.9,9.08,2018-08-09,4 - Soir,4 - Jeudi,Limonade,CA,,3
12359,0,290.8,264.28,2018-08-09,4 - Soir,4 - Jeudi,Livraison,CA,AlloResto,1
12360,0,213.8,194.3,2018-08-09,4 - Soir,4 - Jeudi,Livraison,CA,Foodora,1
12361,0,73.1,66.45,2018-08-09,4 - Soir,4 - Jeudi,Livraison,CA,UberEats,1
12362,0,150.0,136.07,2018-08-09,4 - Soir,4 - Jeudi,Sur place,CA,,7
12364,255,0.0,0.0,2018-08-10,,5 - Vendredi,,CA,,0
12367,0,302.8,274.82,2018-08-10,2 - Midi,5 - Vendredi,À emporter,CA,,17
12368,0,12.8,11.64,2018-08-10,2 - Midi,5 - Vendredi,Limonade,CA,,3
12369,0,115.3,104.79,2018-08-10,2 - Midi,5 - Vendredi,Livraison,CA,AlloResto,1
12370,0,51.7,46.99,2018-08-10,2 - Midi,5 - Vendredi,Livraison,CA,Deliveroo,1
12371,0,88.0,79.98,2018-08-10,2 - Midi,5 - Vendredi,Livraison,CA,Foodora,1
12372,0,222.3,202.04,2018-08-10,2 - Midi,5 - Vendredi,Livraison,CA,UberEats,1
12373,0,997.53,906.11,2018-08-10,2 - Midi,5 - Vendredi,Sur place,CA,,57
12375,0,49.8,45.28,2018-08-10,3 - Après-midi,5 - Vendredi,À emporter,CA,KM,1
12376,0,39.2,35.09,2018-08-10,3 - Après-midi,5 - Vendredi,Limonade,CA,,8
12378,0,43.8,39.81,2018-08-10,3 - Après-midi,5 - Vendredi,Sur place,CA,,2
12379,-7,0.0,0.0,2018-08-10,4 - Soir,5 - Vendredi,,CA,,0
12382,0,15.9,14.45,2018-08-10,4 - Soir,5 - Vendredi,À emporter,CA,KM,1
12383,0,341.9,310.64,2018-08-10,4 - Soir,5 - Vendredi,À emporter,CA,,14
12384,0,12.0,10.0,2018-08-10,4 - Soir,5 - Vendredi,Limonade,CA,,1
12385,0,204.1,185.52,2018-08-10,4 - Soir,5 - Vendredi,Livraison,CA,AlloResto,1
12386,0,281.2,255.49,2018-08-10,4 - Soir,5 - Vendredi,Livraison,CA,Deliveroo,1
12387,0,323.5,294.03,2018-08-10,4 - Soir,5 - Vendredi,Livraison,CA,Foodora,1
12388,0,172.0,155.4,2018-08-10,4 - Soir,5 - Vendredi,Livraison,CA,KM,5
12389,0,158.7,144.23,2018-08-10,4 - Soir,5 - Vendredi,Livraison,CA,UberEats,1
12391,0,324.9,294.84,2018-08-10,4 - Soir,5 - Vendredi,Sur place,CA,,9
12393,204,0.0,0.0,2018-08-11,,6 - Samedi,,CA,,0
12395,0,9.8,8.17,2018-08-11,1 - Matin,6 - Samedi,Limonade,CA,,1
12396,0,54.2,49.27,2018-08-11,2 - Midi,6 - Samedi,À emporter,CA,,4
12397,0,54.5,49.54,2018-08-11,2 - Midi,6 - Samedi,Livraison,CA,AlloResto,1
12398,0,142.1,129.15,2018-08-11,2 - Midi,6 - Samedi,Livraison,CA,Deliveroo,1
12399,0,104.3,94.8,2018-08-11,2 - Midi,6 - Samedi,Livraison,CA,Foodora,1
12400,0,90.2,81.97,2018-08-11,2 - Midi,6 - Samedi,Livraison,CA,UberEats,1
12401,0,419.37,381.07,2018-08-11,2 - Midi,6 - Samedi,Sur place,CA,,15
12403,0,14.5,13.18,2018-08-11,3 - Après-midi,6 - Samedi,À emporter,CA,,1
12405,0,135.8,119.3,2018-08-11,3 - Après-midi,6 - Samedi,Limonade,CA,,20
12407,0,47.24,42.75,2018-08-11,3 - Après-midi,6 - Samedi,Livraison,CA,KM,1
12409,0,266.5,241.55,2018-08-11,3 - Après-midi,6 - Samedi,Sur place,CA,,13
12410,-7,0.0,0.0,2018-08-11,4 - Soir,6 - Samedi,,CA,,0
12413,0,166.6,151.12,2018-08-11,4 - Soir,6 - Samedi,À emporter,CA,,8
12414,0,7.5,6.82,2018-08-11,4 - Soir,6 - Samedi,Limonade,CA,,1
12415,0,248.3,225.66,2018-08-11,4 - Soir,6 - Samedi,Livraison,CA,AlloResto,1
12416,0,313.4,284.38,2018-08-11,4 - Soir,6 - Samedi,Livraison,CA,Deliveroo,1
12417,0,330.2,300.11,2018-08-11,4 - Soir,6 - Samedi,Livraison,CA,Foodora,1
12418,0,127.44,115.07,2018-08-11,4 - Soir,6 - Samedi,Livraison,CA,KM,4
12419,0,272.8,247.93,2018-08-11,4 - Soir,6 - Samedi,Livraison,CA,UberEats,1
12421,0,212.5,193.03,2018-08-11,4 - Soir,6 - Samedi,Sur place,CA,,13
12423,163,0.0,0.0,2018-08-12,,7 - Dimanche,,CA,,0
12425,0,17.2,15.26,2018-08-12,3 - Après-midi,7 - Dimanche,Limonade,CA,,3
12426,0,25.8,23.46,2018-08-12,3 - Après-midi,7 - Dimanche,Sur place,CA,,1
12427,-4,0.0,0.0,2018-08-12,4 - Soir,7 - Dimanche,,CA,,0
12430,0,62.6,56.9,2018-08-12,4 - Soir,7 - Dimanche,À emporter,CA,KM,2
12431,0,183.4,166.72,2018-08-12,4 - Soir,7 - Dimanche,À emporter,CA,,10
12432,0,38.1,34.42,2018-08-12,4 - Soir,7 - Dimanche,Limonade,CA,,6
12433,0,103.7,94.25,2018-08-12,4 - Soir,7 - Dimanche,Livraison,CA,AlloResto,1
12434,0,472.1,428.88,2018-08-12,4 - Soir,7 - Dimanche,Livraison,CA,Deliveroo,1
12435,0,301.6,274.11,2018-08-12,4 - Soir,7 - Dimanche,Livraison,CA,Foodora,1
12436,0,89.0,80.51,2018-08-12,4 - Soir,7 - Dimanche,Livraison,CA,KM,2
12437,0,568.5,516.73,2018-08-12,4 - Soir,7 - Dimanche,Livraison,CA,UberEats,1
12438,0,571.5,519.11,2018-08-12,4 - Soir,7 - Dimanche,Sur place,CA,,23
12440,215,0.0,0.0,2018-08-13,,1 - Lundi,,CA,,0
12443,0,184.4,167.26,2018-08-13,2 - Midi,1 - Lundi,À emporter,CA,,8
12444,0,19.7,17.53,2018-08-13,2 - Midi,1 - Lundi,Limonade,CA,,5
12445,0,38.8,35.28,2018-08-13,2 - Midi,1 - Lundi,Livraison,CA,AlloResto,1
12446,0,90.9,82.61,2018-08-13,2 - Midi,1 - Lundi,Livraison,CA,Deliveroo,1
12447,0,65.9,59.91,2018-08-13,2 - Midi,1 - Lundi,Livraison,CA,Foodora,1
12448,0,63.6,57.79,2018-08-13,2 - Midi,1 - Lundi,Livraison,CA,UberEats,1
12449,0,15.9,14.45,2018-08-13,2 - Midi,1 - Lundi,Sur place,CA,,1
12450,0,955.3,867.9,2018-08-13,2 - Midi,1 - Lundi,Sur place,CA,,56
12451,0,29.4,26.31,2018-08-13,3 - Après-midi,1 - Lundi,À emporter,CA,,1
12452,0,1.6,1.45,2018-08-13,3 - Après-midi,1 - Lundi,Limonade,CA,,1
12453,0,6.6,5.99,2018-08-13,3 - Après-midi,1 - Lundi,Limonade,CA,,2
12455,-7,0.0,0.0,2018-08-13,4 - Soir,1 - Lundi,,CA,,0
12458,0,125.4,114.01,2018-08-13,4 - Soir,1 - Lundi,À emporter,CA,,6
12459,0,15.8,13.17,2018-08-13,4 - Soir,1 - Lundi,Limonade,CA,,1
12460,0,176.0,159.96,2018-08-13,4 - Soir,1 - Lundi,Livraison,CA,AlloResto,1
12461,0,478.1,434.55,2018-08-13,4 - Soir,1 - Lundi,Livraison,CA,Deliveroo,1
12462,0,106.42,95.97,2018-08-13,4 - Soir,1 - Lundi,Livraison,CA,KM,4
12463,0,399.0,362.29,2018-08-13,4 - Soir,1 - Lundi,Livraison,CA,UberEats,1
12468,0,10.0,9.09,2018-08-13,4 - Soir,1 - Lundi,Sur place,CA,,1
12469,0,318.6,289.31,2018-08-13,4 - Soir,1 - Lundi,Sur place,CA,,12
12471,204,0.0,0.0,2018-08-14,,2 - Mardi,,CA,,0
12473,0,1.6,1.45,2018-08-14,1 - Matin,2 - Mardi,Limonade,CA,,1
12475,0,12.9,11.73,2018-08-14,1 - Matin,2 - Mardi,Sur place,CA,,1
12477,0,125.0,113.64,2018-08-14,2 - Midi,2 - Mardi,À emporter,CA,,9
12479,0,7.3,6.62,2018-08-14,2 - Midi,2 - Mardi,Limonade,CA,,3
12480,0,31.8,28.9,2018-08-14,2 - Midi,2 - Mardi,Livraison,CA,AlloResto,1
12481,0,106.2,96.51,2018-08-14,2 - Midi,2 - Mardi,Livraison,CA,Deliveroo,1
12482,0,48.3,43.91,2018-08-14,2 - Midi,2 - Mardi,Livraison,CA,UberEats,1
12483,0,960.5,871.29,2018-08-14,2 - Midi,2 - Mardi,Sur place,CA,,45
12484,0,25.4,22.76,2018-08-14,3 - Après-midi,2 - Mardi,À emporter,CA,,1
12486,0,22.5,20.43,2018-08-14,3 - Après-midi,2 - Mardi,Limonade,CA,,7
12487,0,127.7,115.84,2018-08-14,3 - Après-midi,2 - Mardi,Sur place,CA,,5
12488,-9,0.0,0.0,2018-08-14,4 - Soir,2 - Mardi,,CA,,0
12491,0,144.1,130.98,2018-08-14,4 - Soir,2 - Mardi,À emporter,CA,,4
12492,0,15.3,13.46,2018-08-14,4 - Soir,2 - Mardi,Limonade,CA,,3
12494,0,129.9,118.06,2018-08-14,4 - Soir,2 - Mardi,Livraison,CA,AlloResto,1
12495,0,361.8,328.84,2018-08-14,4 - Soir,2 - Mardi,Livraison,CA,Deliveroo,1
12496,0,129.57,117.04,2018-08-14,4 - Soir,2 - Mardi,Livraison,CA,KM,4
12497,0,183.3,166.6,2018-08-14,4 - Soir,2 - Mardi,Livraison,CA,UberEats,1
12500,0,471.5,426.4,2018-08-14,4 - Soir,2 - Mardi,Sur place,CA,,20
12503,210,0.0,0.0,2018-08-15,,3 - Mercredi,,CA,,0
12505,0,41.8,38.0,2018-08-15,2 - Midi,3 - Mercredi,À emporter,CA,,2
12506,0,3.2,2.91,2018-08-15,2 - Midi,3 - Mercredi,Limonade,CA,,1
12507,0,31.6,27.23,2018-08-15,2 - Midi,3 - Mercredi,Limonade,CA,,8
12508,0,159.6,145.06,2018-08-15,2 - Midi,3 - Mercredi,Livraison,CA,AlloResto,1
12509,0,191.3,173.87,2018-08-15,2 - Midi,3 - Mercredi,Livraison,CA,Deliveroo,1
12510,0,41.0,37.08,2018-08-15,2 - Midi,3 - Mercredi,Livraison,CA,KM,1
12512,0,131.5,119.55,2018-08-15,2 - Midi,3 - Mercredi,Sur place,CA,,4
12513,0,342.2,311.03,2018-08-15,2 - Midi,3 - Mercredi,Sur place,CA,,14
12514,0,40.2,35.4,2018-08-15,3 - Après-midi,3 - Mercredi,Limonade,CA,,9
12515,0,47.7,43.35,2018-08-15,3 - Après-midi,3 - Mercredi,Livraison,CA,AlloResto,1
12516,0,51.5,46.81,2018-08-15,3 - Après-midi,3 - Mercredi,Livraison,CA,Deliveroo,1
12517,0,21.75,19.58,2018-08-15,3 - Après-midi,3 - Mercredi,Livraison,CA,KM,1
12518,0,316.7,287.85,2018-08-15,3 - Après-midi,3 - Mercredi,Livraison,CA,UberEats,2
12520,0,157.8,143.39,2018-08-15,3 - Après-midi,3 - Mercredi,Sur place,CA,,6
12521,-8,0.0,0.0,2018-08-15,4 - Soir,3 - Mercredi,,CA,,0
12524,0,13.4,12.18,2018-08-15,4 - Soir,3 - Mercredi,À emporter,CA,KM,1
12525,0,63.1,57.37,2018-08-15,4 - Soir,3 - Mercredi,À emporter,CA,,5
12526,0,8.5,7.73,2018-08-15,4 - Soir,3 - Mercredi,Limonade,CA,,2
12527,0,115.6,105.07,2018-08-15,4 - Soir,3 - Mercredi,Livraison,CA,AlloResto,1
12528,0,238.9,216.97,2018-08-15,4 - Soir,3 - Mercredi,Livraison,CA,Deliveroo,1
12529,0,224.75,203.16,2018-08-15,4 - Soir,3 - Mercredi,Livraison,CA,KM,6
12530,0,417.5,379.46,2018-08-15,4 - Soir,3 - Mercredi,Livraison,CA,UberEats,1
12533,0,31.8,28.9,2018-08-15,4 - Soir,3 - Mercredi,Sur place,CA,,1
12534,0,404.91,367.75,2018-08-15,4 - Soir,3 - Mercredi,Sur place,CA,,16
12537,209,0.0,0.0,2018-08-16,,4 - Jeudi,,CA,,0
12539,0,323.2,293.85,2018-08-16,2 - Midi,4 - Jeudi,À emporter,CA,,23
12540,0,-10.05,-10.05,2018-08-16,2 - Midi,4 - Jeudi,Limonade,CA,,1
12542,0,89.1,80.98,2018-08-16,2 - Midi,4 - Jeudi,Livraison,CA,AlloResto,1
12543,0,48.5,44.1,2018-08-16,2 - Midi,4 - Jeudi,Livraison,CA,Deliveroo,1
12544,0,131.94,119.19,2018-08-16,2 - Midi,4 - Jeudi,Livraison,CA,KM,4
12545,0,153.0,139.05,2018-08-16,2 - Midi,4 - Jeudi,Livraison,CA,UberEats,1
12547,0,8.5,7.73,2018-08-16,2 - Midi,4 - Jeudi,Sur place,CA,,1
12548,0,660.4,599.75,2018-08-16,2 - Midi,4 - Jeudi,Sur place,CA,,38
12549,0,50.8,45.81,2018-08-16,3 - Après-midi,4 - Jeudi,À emporter,CA,Deliveroo,1
12550,0,21.4,19.46,2018-08-16,3 - Après-midi,4 - Jeudi,À emporter,CA,UberEats,1
12551,0,23.0,20.91,2018-08-16,3 - Après-midi,4 - Jeudi,À emporter,CA,,1
12552,0,39.2,35.63,2018-08-16,3 - Après-midi,4 - Jeudi,À emporter,CA,,3
12554,0,6.6,5.99,2018-08-16,3 - Après-midi,4 - Jeudi,Limonade,CA,,1
12555,0,17.2,15.4,2018-08-16,3 - Après-midi,4 - Jeudi,Limonade,CA,,3
12556,-8,0.0,0.0,2018-08-16,4 - Soir,4 - Jeudi,,CA,,0
12559,0,30.8,27.81,2018-08-16,4 - Soir,4 - Jeudi,À emporter,CA,,2
12560,0,122.4,111.07,2018-08-16,4 - Soir,4 - Jeudi,À emporter,CA,,6
12561,0,9.3,8.46,2018-08-16,4 - Soir,4 - Jeudi,Limonade,CA,,1
12562,0,196.4,178.5,2018-08-16,4 - Soir,4 - Jeudi,Livraison,CA,AlloResto,1
12563,0,132.6,120.54,2018-08-16,4 - Soir,4 - Jeudi,Livraison,CA,Deliveroo,1
12564,0,230.43,208.31,2018-08-16,4 - Soir,4 - Jeudi,Livraison,CA,KM,6
12565,0,195.7,177.87,2018-08-16,4 - Soir,4 - Jeudi,Livraison,CA,UberEats,1
12569,0,213.5,193.81,2018-08-16,4 - Soir,4 - Jeudi,Sur place,CA,,7
12570,0,240.7,218.19,2018-08-16,4 - Soir,4 - Jeudi,Sur place,CA,,10
12572,298,0.0,0.0,2018-08-17,,5 - Vendredi,,CA,,0
12575,0,12.9,11.73,2018-08-17,2 - Midi,5 - Vendredi,À emporter,CA,KM,1
12576,0,358.5,325.93,2018-08-17,2 - Midi,5 - Vendredi,À emporter,CA,,25
12577,0,12.2,10.41,2018-08-17,2 - Midi,5 - Vendredi,Limonade,CA,,2
12578,0,113.6,103.26,2018-08-17,2 - Midi,5 - Vendredi,Livraison,CA,AlloResto,1
12579,0,188.1,170.97,2018-08-17,2 - Midi,5 - Vendredi,Livraison,CA,Deliveroo,1
12580,0,981.2,891.36,2018-08-17,2 - Midi,5 - Vendredi,Sur place,CA,,47
12581,0,45.2,41.09,2018-08-17,3 - Après-midi,5 - Vendredi,À emporter,CA,Deliveroo,1
12582,0,5.0,4.54,2018-08-17,3 - Après-midi,5 - Vendredi,Limonade,CA,,1
12583,0,12.0,10.45,2018-08-17,3 - Après-midi,5 - Vendredi,Limonade,CA,,2
12584,0,17.4,15.81,2018-08-17,3 - Après-midi,5 - Vendredi,Livraison,CA,AlloResto,1
12585,0,488.0,443.19,2018-08-17,3 - Après-midi,5 - Vendredi,Livraison,CA,UberEats,1
12587,0,31.8,28.9,2018-08-17,3 - Après-midi,5 - Vendredi,Sur place,CA,,1
12588,0,65.5,59.47,2018-08-17,3 - Après-midi,5 - Vendredi,Sur place,CA,,3
12589,-7,0.0,0.0,2018-08-17,4 - Soir,5 - Vendredi,,CA,,0
12593,0,167.8,152.17,2018-08-17,4 - Soir,5 - Vendredi,À emporter,CA,AlloResto,1
12594,0,65.6,59.63,2018-08-17,4 - Soir,5 - Vendredi,À emporter,CA,KM,2
12595,0,309.12,281.02,2018-08-17,4 - Soir,5 - Vendredi,À emporter,CA,,11
12597,0,11.5,10.46,2018-08-17,4 - Soir,5 - Vendredi,Limonade,CA,,2
12598,0,318.7,289.69,2018-08-17,4 - Soir,5 - Vendredi,Livraison,CA,Deliveroo,2
12599,0,168.39,152.31,2018-08-17,4 - Soir,5 - Vendredi,Livraison,CA,KM,4
12600,0,574.7,520.52,2018-08-17,4 - Soir,5 - Vendredi,Livraison,CA,UberEats,3
12604,0,473.4,429.9,2018-08-17,4 - Soir,5 - Vendredi,Sur place,CA,,17
12606,219,0.0,0.0,2018-08-18,,6 - Samedi,,CA,,0
12609,0,93.5,84.99,2018-08-18,2 - Midi,6 - Samedi,À emporter,CA,,5
12610,0,33.6,30.29,2018-08-18,2 - Midi,6 - Samedi,Limonade,CA,,7
12611,0,15.9,14.45,2018-08-18,2 - Midi,6 - Samedi,Livraison,CA,AlloResto,1
12612,0,85.0,77.24,2018-08-18,2 - Midi,6 - Samedi,Livraison,CA,Deliveroo,1
12613,0,45.2,40.88,2018-08-18,2 - Midi,6 - Samedi,Livraison,CA,KM,1
12614,0,179.3,162.96,2018-08-18,2 - Midi,6 - Samedi,Livraison,CA,UberEats,1
12615,0,718.3,652.34,2018-08-18,2 - Midi,6 - Samedi,Sur place,CA,,26
12616,0,21.4,19.46,2018-08-18,3 - Après-midi,6 - Samedi,À emporter,CA,,2
12617,0,20.9,17.08,2018-08-18,3 - Après-midi,6 - Samedi,Limonade,CA,,3
12619,0,54.8,48.06,2018-08-18,3 - Après-midi,6 - Samedi,Livraison,CA,AlloResto,1
12620,0,66.9,60.79,2018-08-18,3 - Après-midi,6 - Samedi,Livraison,CA,Deliveroo,1
12621,0,75.6,68.71,2018-08-18,3 - Après-midi,6 - Samedi,Livraison,CA,UberEats,1
12623,0,22.8,20.73,2018-08-18,3 - Après-midi,6 - Samedi,Sur place,CA,,1
12624,0,56.6,51.3,2018-08-18,3 - Après-midi,6 - Samedi,Sur place,CA,,3
12625,-8,0.0,0.0,2018-08-18,4 - Soir,6 - Samedi,,CA,,0
12628,0,81.3,73.89,2018-08-18,4 - Soir,6 - Samedi,À emporter,CA,Deliveroo,1
12629,0,96.7,87.55,2018-08-18,4 - Soir,6 - Samedi,À emporter,CA,UberEats,1
12630,0,403.8,366.9,2018-08-18,4 - Soir,6 - Samedi,À emporter,CA,,16
12631,0,32.5,29.56,2018-08-18,4 - Soir,6 - Samedi,Limonade,CA,,5
12632,0,210.8,191.32,2018-08-18,4 - Soir,6 - Samedi,Livraison,CA,AlloResto,1
12633,0,278.8,253.22,2018-08-18,4 - Soir,6 - Samedi,Livraison,CA,Deliveroo,1
12634,0,21.16,19.05,2018-08-18,4 - Soir,6 - Samedi,Livraison,CA,KM,1
12635,0,149.46,135.31,2018-08-18,4 - Soir,6 - Samedi,Livraison,CA,KM,3
12636,0,321.0,291.75,2018-08-18,4 - Soir,6 - Samedi,Livraison,CA,UberEats,1
12640,0,17.5,15.9,2018-08-18,4 - Soir,6 - Samedi,Sur place,CA,Deliveroo,1
12641,0,89.3,81.2,2018-08-18,4 - Soir,6 - Samedi,Sur place,CA,,4
12643,155,0.0,0.0,2018-08-19,,7 - Dimanche,,CA,,0
12646,0,3.0,2.73,2018-08-19,3 - Après-midi,7 - Dimanche,À emporter,CA,,1
12647,0,25.3,22.02,2018-08-19,3 - Après-midi,7 - Dimanche,Limonade,CA,,3
12648,0,70.21,63.44,2018-08-19,3 - Après-midi,7 - Dimanche,Livraison,CA,KM,2
12650,0,30.8,27.84,2018-08-19,3 - Après-midi,7 - Dimanche,Sur place,CA,,1
12651,0,41.5,37.74,2018-08-19,3 - Après-midi,7 - Dimanche,Sur place,CA,,2
12652,-6,0.0,0.0,2018-08-19,4 - Soir,7 - Dimanche,,CA,,0
12656,0,34.3,31.19,2018-08-19,4 - Soir,7 - Dimanche,À emporter,CA,,2
12657,0,221.8,201.64,2018-08-19,4 - Soir,7 - Dimanche,À emporter,CA,,12
12658,0,9.6,8.72,2018-08-19,4 - Soir,7 - Dimanche,Limonade,CA,,4
12659,0,217.7,197.85,2018-08-19,4 - Soir,7 - Dimanche,Livraison,CA,AlloResto,2
12660,0,511.6,465.03,2018-08-19,4 - Soir,7 - Dimanche,Livraison,CA,Deliveroo,2
12661,0,103.86,93.83,2018-08-19,4 - Soir,7 - Dimanche,Livraison,CA,KM,3
12662,0,647.8,587.01,2018-08-19,4 - Soir,7 - Dimanche,Livraison,CA,UberEats,2
12668,0,21.4,19.46,2018-08-19,4 - Soir,7 - Dimanche,Sur place,CA,,1
12669,0,292.9,266.05,2018-08-19,4 - Soir,7 - Dimanche,Sur place,CA,,10
12671,164,0.0,0.0,2018-08-20,,1 - Lundi,,CA,,0
12673,0,14.97,13.41,2018-08-20,1 - Matin,1 - Lundi,Livraison,CA,KM,1
12675,0,340.0,308.98,2018-08-20,2 - Midi,1 - Lundi,À emporter,CA,,16
12676,0,22.0,20.01,2018-08-20,2 - Midi,1 - Lundi,Limonade,CA,,2
12677,0,115.1,104.54,2018-08-20,2 - Midi,1 - Lundi,Livraison,CA,Deliveroo,1
12678,0,65.0,59.09,2018-08-20,2 - Midi,1 - Lundi,Livraison,CA,UberEats,1
12679,0,369.7,336.11,2018-08-20,2 - Midi,1 - Lundi,Sur place,CA,,21
12680,0,19.7,17.91,2018-08-20,3 - Après-midi,1 - Lundi,Limonade,CA,,4
12681,0,15.9,14.45,2018-08-20,3 - Après-midi,1 - Lundi,Livraison,CA,AlloResto,1
12682,0,81.0,73.61,2018-08-20,3 - Après-midi,1 - Lundi,Livraison,CA,UberEats,1
12683,0,98.8,89.83,2018-08-20,3 - Après-midi,1 - Lundi,Sur place,CA,,6
12684,-7,0.0,0.0,2018-08-20,4 - Soir,1 - Lundi,,CA,,0
12687,0,150.5,136.81,2018-08-20,4 - Soir,1 - Lundi,À emporter,CA,,5
12689,0,5.0,4.54,2018-08-20,4 - Soir,1 - Lundi,Limonade,CA,,2
12690,0,99.4,90.34,2018-08-20,4 - Soir,1 - Lundi,Livraison,CA,AlloResto,1
12691,0,241.4,219.4,2018-08-20,4 - Soir,1 - Lundi,Livraison,CA,Deliveroo,2
12692,0,96.79,87.22,2018-08-20,4 - Soir,1 - Lundi,Livraison,CA,KM,4
12693,0,181.2,164.68,2018-08-20,4 - Soir,1 - Lundi,Livraison,CA,UberEats,1
12695,0,296.5,269.23,2018-08-20,4 - Soir,1 - Lundi,Sur place,CA,,12
12696,142,0.0,0.0,2018-08-21,,2 - Mardi,,CA,,0
12699,0,17.0,15.46,2018-08-21,2 - Midi,2 - Mardi,À emporter,CA,KM,1
12700,0,8.5,7.73,2018-08-21,2 - Midi,2 - Mardi,À emporter,CA,,1
12701,0,209.91,190.66,2018-08-21,2 - Midi,2 - Mardi,À emporter,CA,,13
12703,0,23.5,21.37,2018-08-21,2 - Midi,2 - Mardi,Limonade,CA,,3
12704,0,34.5,31.36,2018-08-21,2 - Midi,2 - Mardi,Livraison,CA,Deliveroo,1
12705,0,154.3,140.24,2018-08-21,2 - Midi,2 - Mardi,Livraison,CA,UberEats,1
12706,0,561.2,510.15,2018-08-21,2 - Midi,2 - Mardi,Sur place,CA,,29
12707,0,4.1,3.72,2018-08-21,3 - Après-midi,2 - Mardi,Limonade,CA,,2
12708,0,204.8,186.15,2018-08-21,3 - Après-midi,2 - Mardi,Livraison,CA,Deliveroo,1
12709,0,258.3,234.77,2018-08-21,3 - Après-midi,2 - Mardi,Livraison,CA,UberEats,1
12711,-7,0.0,0.0,2018-08-21,4 - Soir,2 - Mardi,,CA,,0
12714,0,43.02,39.11,2018-08-21,4 - Soir,2 - Mardi,À emporter,CA,KM,2
12715,0,155.9,141.65,2018-08-21,4 - Soir,2 - Mardi,À emporter,CA,,7
12717,0,4.0,3.64,2018-08-21,4 - Soir,2 - Mardi,Limonade,CA,,1
12718,0,84.5,76.8,2018-08-21,4 - Soir,2 - Mardi,Livraison,CA,AlloResto,1
12719,0,102.49,92.6,2018-08-21,4 - Soir,2 - Mardi,Livraison,CA,KM,3
12720,0,18.9,17.18,2018-08-21,4 - Soir,2 - Mardi,Livraison,CA,UberEats,1
12722,0,28.3,25.53,2018-08-21,4 - Soir,2 - Mardi,Sur place,CA,,1
12723,0,113.2,102.82,2018-08-21,4 - Soir,2 - Mardi,Sur place,CA,,5
12725,181,0.0,0.0,2018-08-22,,3 - Mercredi,,CA,,0
12727,0,235.81,213.99,2018-08-22,2 - Midi,3 - Mercredi,À emporter,CA,,15
12729,0,5.0,4.54,2018-08-22,2 - Midi,3 - Mercredi,Limonade,CA,,1
12730,0,21.34,19.21,2018-08-22,2 - Midi,3 - Mercredi,Livraison,CA,KM,1
12732,0,623.2,566.42,2018-08-22,2 - Midi,3 - Mercredi,Sur place,CA,,29
12733,0,8.5,7.73,2018-08-22,3 - Après-midi,3 - Mercredi,À emporter,CA,,1
12734,0,14.0,12.27,2018-08-22,3 - Après-midi,3 - Mercredi,Limonade,CA,,3
12735,0,106.0,96.16,2018-08-22,3 - Après-midi,3 - Mercredi,Livraison,CA,Deliveroo,1
12736,0,26.5,23.91,2018-08-22,3 - Après-midi,3 - Mercredi,Livraison,CA,KM,1
12737,0,151.9,138.06,2018-08-22,3 - Après-midi,3 - Mercredi,Livraison,CA,UberEats,2
12739,0,139.6,126.84,2018-08-22,3 - Après-midi,3 - Mercredi,Sur place,CA,,9
12740,-7,0.0,0.0,2018-08-22,4 - Soir,3 - Mercredi,,CA,,0
12744,0,43.0,39.08,2018-08-22,4 - Soir,3 - Mercredi,À emporter,CA,KM,2
12745,0,223.3,202.46,2018-08-22,4 - Soir,3 - Mercredi,À emporter,CA,,10
12746,0,8.0,7.28,2018-08-22,4 - Soir,3 - Mercredi,Limonade,CA,,1
12747,0,221.4,201.24,2018-08-22,4 - Soir,3 - Mercredi,Livraison,CA,Deliveroo,2
12748,0,174.73,157.67,2018-08-22,4 - Soir,3 - Mercredi,Livraison,CA,KM,6
12749,0,168.6,153.22,2018-08-22,4 - Soir,3 - Mercredi,Livraison,CA,UberEats,1
12751,0,337.11,306.48,2018-08-22,4 - Soir,3 - Mercredi,Sur place,CA,,17
12754,164,0.0,0.0,2018-08-23,,4 - Jeudi,,CA,,0
12757,0,223.74,203.44,2018-08-23,2 - Midi,4 - Jeudi,À emporter,CA,,16
12759,0,24.6,22.36,2018-08-23,2 - Midi,4 - Jeudi,Limonade,CA,,4
12761,0,111.4,101.24,2018-08-23,2 - Midi,4 - Jeudi,Livraison,CA,Deliveroo,1
12762,0,163.3,148.42,2018-08-23,2 - Midi,4 - Jeudi,Livraison,CA,UberEats,1
12764,0,573.93,519.9,2018-08-23,2 - Midi,4 - Jeudi,Sur place,CA,,32
12767,0,42.8,38.9,2018-08-23,3 - Après-midi,4 - Jeudi,À emporter,CA,,3
12768,0,3.0,2.5,2018-08-23,3 - Après-midi,4 - Jeudi,Limonade,CA,,1
12769,0,11.5,10.45,2018-08-23,3 - Après-midi,4 - Jeudi,Livraison,CA,Deliveroo,1
12770,0,28.17,25.41,2018-08-23,3 - Après-midi,4 - Jeudi,Livraison,CA,KM,1
12771,0,46.1,41.9,2018-08-23,3 - Après-midi,4 - Jeudi,Livraison,CA,UberEats,1
12773,0,81.9,73.02,2018-08-23,3 - Après-midi,4 - Jeudi,Sur place,CA,,4
12776,0,307.2,279.2,2018-08-23,4 - Soir,4 - Jeudi,À emporter,CA,,16
12777,0,50.0,45.44,2018-08-23,4 - Soir,4 - Jeudi,Livraison,CA,Deliveroo,1
12778,0,154.1,140.06,2018-08-23,4 - Soir,4 - Jeudi,Livraison,CA,Deliveroo,2
12779,0,125.49,113.3,2018-08-23,4 - Soir,4 - Jeudi,Livraison,CA,KM,4
12780,0,240.7,218.78,2018-08-23,4 - Soir,4 - Jeudi,Livraison,CA,UberEats,1
12782,0,193.8,175.27,2018-08-23,4 - Soir,4 - Jeudi,Sur place,CA,,7
12783,209,0.0,0.0,2018-08-24,,5 - Vendredi,,CA,,0
12786,-10,0.0,0.0,2018-08-24,1 - Matin,5 - Vendredi,,CA,,0
12790,0,73.0,66.38,2018-08-24,2 - Midi,5 - Vendredi,À emporter,CA,,5
12791,0,282.4,256.75,2018-08-24,2 - Midi,5 - Vendredi,À emporter,CA,,21
12793,0,16.6,14.26,2018-08-24,2 - Midi,5 - Vendredi,Limonade,CA,,3
12794,0,176.8,160.71,2018-08-24,2 - Midi,5 - Vendredi,Livraison,CA,UberEats,1
12796,0,149.9,132.54,2018-08-24,2 - Midi,5 - Vendredi,Sur place,CA,,7
12797,0,619.7,563.33,2018-08-24,2 - Midi,5 - Vendredi,Sur place,CA,,33
12801,0,55.7,50.64,2018-08-24,3 - Après-midi,5 - Vendredi,À emporter,CA,,2
12802,0,28.3,25.34,2018-08-24,3 - Après-midi,5 - Vendredi,Limonade,CA,,6
12803,0,37.3,33.71,2018-08-24,3 - Après-midi,5 - Vendredi,Livraison,CA,KM,1
12804,0,40.8,37.09,2018-08-24,3 - Après-midi,5 - Vendredi,Sur place,CA,,2
12806,-13,0.0,0.0,2018-08-24,4 - Soir,5 - Vendredi,,CA,,0
12809,0,15.4,14.0,2018-08-24,4 - Soir,5 - Vendredi,À emporter,CA,,1
12810,0,241.9,219.91,2018-08-24,4 - Soir,5 - Vendredi,À emporter,CA,,12
12812,0,1.6,1.45,2018-08-24,4 - Soir,5 - Vendredi,Limonade,CA,,1
12813,0,495.3,450.18,2018-08-24,4 - Soir,5 - Vendredi,Livraison,CA,Deliveroo,1
12814,0,45.84,41.48,2018-08-24,4 - Soir,5 - Vendredi,Livraison,CA,KM,1
12815,0,227.5,206.75,2018-08-24,4 - Soir,5 - Vendredi,Livraison,CA,UberEats,1
12818,0,212.7,193.33,2018-08-24,4 - Soir,5 - Vendredi,Sur place,CA,,9
12820,181,0.0,0.0,2018-08-25,,6 - Samedi,,CA,,0
12823,0,85.2,77.43,2018-08-25,2 - Midi,6 - Samedi,À emporter,CA,Deliveroo,1
12824,0,42.42,38.56,2018-08-25,2 - Midi,6 - Samedi,À emporter,CA,KM,1
12825,0,133.0,120.85,2018-08-25,2 - Midi,6 - Samedi,À emporter,CA,,7
12827,0,10.5,9.53,2018-08-25,2 - Midi,6 - Samedi,Limonade,CA,,5
12828,0,62.92,56.81,2018-08-25,2 - Midi,6 - Samedi,Livraison,CA,KM,2
12829,0,239.0,216.76,2018-08-25,2 - Midi,6 - Samedi,Livraison,CA,UberEats,1
12831,0,351.1,318.87,2018-08-25,2 - Midi,6 - Samedi,Sur place,CA,,16
12832,0,133.8,119.62,2018-08-25,3 - Après-midi,6 - Samedi,À emporter,CA,,7
12833,0,19.2,16.55,2018-08-25,3 - Après-midi,6 - Samedi,Limonade,CA,,5
12834,0,112.4,102.16,2018-08-25,3 - Après-midi,6 - Samedi,Livraison,CA,UberEats,1
12835,0,74.1,67.18,2018-08-25,3 - Après-midi,6 - Samedi,Sur place,CA,,4
12836,-9,0.0,0.0,2018-08-25,4 - Soir,6 - Samedi,,CA,,0
12839,0,298.0,270.53,2018-08-25,4 - Soir,6 - Samedi,À emporter,CA,,10
12840,0,7.5,6.82,2018-08-25,4 - Soir,6 - Samedi,Limonade,CA,,2
12841,0,312.8,284.11,2018-08-25,4 - Soir,6 - Samedi,Livraison,CA,Deliveroo,1
12842,0,191.27,172.91,2018-08-25,4 - Soir,6 - Samedi,Livraison,CA,KM,5
12843,0,331.3,301.11,2018-08-25,4 - Soir,6 - Samedi,Livraison,CA,UberEats,2
12845,0,132.8,120.63,2018-08-25,4 - Soir,6 - Samedi,Sur place,CA,,4
12847,111,0.0,0.0,2018-08-26,,7 - Dimanche,,CA,,0
12849,0,8.5,7.73,2018-08-26,3 - Après-midi,7 - Dimanche,À emporter,CA,,1
12850,0,16.15,14.45,2018-08-26,3 - Après-midi,7 - Dimanche,Limonade,CA,,3
12852,0,113.3,101.67,2018-08-26,3 - Après-midi,7 - Dimanche,Sur place,CA,,5
12854,0,47.1,42.81,2018-08-26,4 - Soir,7 - Dimanche,À emporter,CA,KM,2
12855,0,38.7,35.19,2018-08-26,4 - Soir,7 - Dimanche,À emporter,CA,,2
12856,0,191.08,173.7,2018-08-26,4 - Soir,7 - Dimanche,À emporter,CA,,8
12858,0,16.0,14.53,2018-08-26,4 - Soir,7 - Dimanche,Limonade,CA,,3
12859,0,572.5,520.18,2018-08-26,4 - Soir,7 - Dimanche,Livraison,CA,Deliveroo,1
12860,0,144.31,130.35,2018-08-26,4 - Soir,7 - Dimanche,Livraison,CA,KM,5
12861,0,239.9,218.06,2018-08-26,4 - Soir,7 - Dimanche,Livraison,CA,UberEats,1
12866,0,276.4,250.92,2018-08-26,4 - Soir,7 - Dimanche,Sur place,CA,,11
12867,209,0.0,0.0,2018-08-27,,1 - Lundi,,CA,,0
12869,0,25.8,23.46,2018-08-27,2 - Midi,1 - Lundi,À emporter,CA,,2
12870,0,162.6,147.8,2018-08-27,2 - Midi,1 - Lundi,À emporter,CA,,12
12871,0,1.6,1.45,2018-08-27,2 - Midi,1 - Lundi,Limonade,CA,,1
12872,0,12.6,11.45,2018-08-27,2 - Midi,1 - Lundi,Limonade,CA,,5
12873,0,53.8,48.89,2018-08-27,2 - Midi,1 - Lundi,Livraison,CA,AlloResto,1
12874,0,21.11,19.0,2018-08-27,2 - Midi,1 - Lundi,Livraison,CA,KM,1
12875,0,31.8,28.9,2018-08-27,2 - Midi,1 - Lundi,Livraison,CA,UberEats,1
12877,0,48.6,44.19,2018-08-27,2 - Midi,1 - Lundi,Sur place,CA,,2
12878,0,108.7,98.64,2018-08-27,2 - Midi,1 - Lundi,Sur place,CA,,5
12879,0,684.3,621.0,2018-08-27,2 - Midi,1 - Lundi,Sur place,CA,,38
12881,0,36.8,33.46,2018-08-27,3 - Après-midi,1 - Lundi,À emporter,CA,,2
12882,0,27.5,24.42,2018-08-27,3 - Après-midi,1 - Lundi,Limonade,CA,,4
12883,0,22.9,20.63,2018-08-27,3 - Après-midi,1 - Lundi,Livraison,CA,KM,1
12884,0,92.8,84.38,2018-08-27,3 - Après-midi,1 - Lundi,Sur place,CA,,4
12885,-11,0.0,0.0,2018-08-27,4 - Soir,1 - Lundi,,CA,,0
12888,0,14.4,13.09,2018-08-27,4 - Soir,1 - Lundi,À emporter,CA,KM,1
12889,0,17.0,15.46,2018-08-27,4 - Soir,1 - Lundi,À emporter,CA,,1
12890,0,149.0,135.27,2018-08-27,4 - Soir,1 - Lundi,À emporter,CA,,7
12891,0,5.5,5.0,2018-08-27,4 - Soir,1 - Lundi,Limonade,CA,,2
12892,0,262.3,238.4,2018-08-27,4 - Soir,1 - Lundi,Livraison,CA,AlloResto,2
12893,0,365.5,331.88,2018-08-27,4 - Soir,1 - Lundi,Livraison,CA,Deliveroo,1
12894,0,170.95,154.62,2018-08-27,4 - Soir,1 - Lundi,Livraison,CA,KM,4
12895,0,303.2,275.56,2018-08-27,4 - Soir,1 - Lundi,Livraison,CA,UberEats,1
12899,0,85.4,77.36,2018-08-27,4 - Soir,1 - Lundi,Sur place,CA,,4
12900,0,147.9,134.31,2018-08-27,4 - Soir,1 - Lundi,Sur place,CA,,5
12902,189,0.0,0.0,2018-08-28,,2 - Mardi,,CA,,0
12904,0,28.8,26.18,2018-08-28,1 - Matin,2 - Mardi,Sur place,CA,,2
12905,0,113.8,103.46,2018-08-28,2 - Midi,2 - Mardi,À emporter,CA,,6
12906,0,20.6,18.73,2018-08-28,2 - Midi,2 - Mardi,Limonade,CA,,4
12907,0,31.4,28.55,2018-08-28,2 - Midi,2 - Mardi,Livraison,CA,AlloResto,1
12908,0,41.9,38.08,2018-08-28,2 - Midi,2 - Mardi,Livraison,CA,Deliveroo,1
12909,0,46.9,42.25,2018-08-28,2 - Midi,2 - Mardi,Livraison,CA,KM,2
12910,0,90.2,81.98,2018-08-28,2 - Midi,2 - Mardi,Livraison,CA,UberEats,1
12911,0,683.3,620.55,2018-08-28,2 - Midi,2 - Mardi,Sur place,CA,,31
12912,0,10.0,9.09,2018-08-28,3 - Après-midi,2 - Mardi,Limonade,CA,,3
12913,0,35.1,31.72,2018-08-28,3 - Après-midi,2 - Mardi,Livraison,CA,KM,1
12914,0,29.3,26.56,2018-08-28,3 - Après-midi,2 - Mardi,Sur place,CA,,2
12915,-8,0.0,0.0,2018-08-28,4 - Soir,2 - Mardi,,CA,,0
12919,0,176.6,160.57,2018-08-28,4 - Soir,2 - Mardi,À emporter,CA,,8
12920,0,4.25,3.26,2018-08-28,4 - Soir,2 - Mardi,Limonade,CA,,4
12922,0,351.1,319.11,2018-08-28,4 - Soir,2 - Mardi,Livraison,CA,Deliveroo,1
12923,0,149.77,135.16,2018-08-28,4 - Soir,2 - Mardi,Livraison,CA,KM,5
12924,0,425.8,387.02,2018-08-28,4 - Soir,2 - Mardi,Livraison,CA,UberEats,1
12928,0,134.3,122.06,2018-08-28,4 - Soir,2 - Mardi,Sur place,CA,AlloResto,1
12929,0,354.83,322.34,2018-08-28,4 - Soir,2 - Mardi,Sur place,CA,,15
12932,244,0.0,0.0,2018-08-29,,3 - Mercredi,,CA,,0
12935,0,50.76,46.14,2018-08-29,2 - Midi,3 - Mercredi,À emporter,CA,,2
12936,0,123.0,111.84,2018-08-29,2 - Midi,3 - Mercredi,À emporter,CA,,7
12937,0,140.0,125.94,2018-08-29,2 - Midi,3 - Mercredi,À emporter,CA,,10
12940,0,9.3,8.46,2018-08-29,2 - Midi,3 - Mercredi,Limonade,CA,,3
12941,0,83.4,75.8,2018-08-29,2 - Midi,3 - Mercredi,Livraison,CA,AlloResto,1
12942,0,134.7,122.43,2018-08-29,2 - Midi,3 - Mercredi,Livraison,CA,Deliveroo,1
12943,0,131.5,119.51,2018-08-29,2 - Midi,3 - Mercredi,Livraison,CA,UberEats,1
12945,0,90.5,82.28,2018-08-29,2 - Midi,3 - Mercredi,Sur place,CA,,5
12946,0,288.2,261.62,2018-08-29,2 - Midi,3 - Mercredi,Sur place,CA,,18
12947,0,457.7,415.76,2018-08-29,2 - Midi,3 - Mercredi,Sur place,CA,,23
12948,0,78.3,71.19,2018-08-29,3 - Après-midi,3 - Mercredi,À emporter,CA,,4
12949,0,24.0,20.0,2018-08-29,3 - Après-midi,3 - Mercredi,Limonade,CA,,1
12950,0,15.9,14.45,2018-08-29,3 - Après-midi,3 - Mercredi,Sur place,CA,,1
12951,-7,0.0,0.0,2018-08-29,4 - Soir,3 - Mercredi,,CA,,0
12954,0,149.9,136.23,2018-08-29,4 - Soir,3 - Mercredi,À emporter,CA,AlloResto,1
12955,0,94.2,85.64,2018-08-29,4 - Soir,3 - Mercredi,À emporter,CA,KM,2
12956,0,406.6,368.73,2018-08-29,4 - Soir,3 - Mercredi,À emporter,CA,,20
12957,0,32.65,29.23,2018-08-29,4 - Soir,3 - Mercredi,Limonade,CA,,4
12959,0,291.4,264.86,2018-08-29,4 - Soir,3 - Mercredi,Livraison,CA,Deliveroo,1
12960,0,98.27,88.77,2018-08-29,4 - Soir,3 - Mercredi,Livraison,CA,KM,3
12961,0,327.8,297.91,2018-08-29,4 - Soir,3 - Mercredi,Livraison,CA,UberEats,2
12963,0,447.51,406.0,2018-08-29,4 - Soir,3 - Mercredi,Sur place,CA,,18
12966,247,0.0,0.0,2018-08-30,,4 - Jeudi,,CA,,0
12969,-1,0.0,0.0,2018-08-30,2 - Midi,4 - Jeudi,,CA,,0
12972,0,452.0,410.84,2018-08-30,2 - Midi,4 - Jeudi,À emporter,CA,,24
12974,0,10.1,9.18,2018-08-30,2 - Midi,4 - Jeudi,Limonade,CA,,4
12975,0,103.9,94.42,2018-08-30,2 - Midi,4 - Jeudi,Livraison,CA,AlloResto,1
12976,0,39.1,35.35,2018-08-30,2 - Midi,4 - Jeudi,Livraison,CA,KM,1
12977,0,62.8,57.08,2018-08-30,2 - Midi,4 - Jeudi,Livraison,CA,UberEats,1
12978,0,745.9,678.04,2018-08-30,2 - Midi,4 - Jeudi,Sur place,CA,,43
12979,0,29.3,26.63,2018-08-30,3 - Après-midi,4 - Jeudi,À emporter,CA,,1
12980,0,-6.8,-7.09,2018-08-30,3 - Après-midi,4 - Jeudi,Limonade,CA,,2
12982,0,93.6,85.07,2018-08-30,3 - Après-midi,4 - Jeudi,Livraison,CA,Deliveroo,1
12983,0,62.26,56.19,2018-08-30,3 - Après-midi,4 - Jeudi,Livraison,CA,KM,2
12985,0,46.2,41.85,2018-08-30,3 - Après-midi,4 - Jeudi,Sur place,CA,,2
12986,-11,0.0,0.0,2018-08-30,4 - Soir,4 - Jeudi,,CA,,0
12989,0,35.8,32.54,2018-08-30,4 - Soir,4 - Jeudi,À emporter,CA,,1
12990,0,285.65,259.6,2018-08-30,4 - Soir,4 - Jeudi,À emporter,CA,,15
12992,0,6.0,5.45,2018-08-30,4 - Soir,4 - Jeudi,Limonade,CA,,2
12993,0,308.5,280.39,2018-08-30,4 - Soir,4 - Jeudi,Livraison,CA,AlloResto,1
12994,0,486.7,441.7,2018-08-30,4 - Soir,4 - Jeudi,Livraison,CA,Deliveroo,2
12995,0,90.92,82.07,2018-08-30,4 - Soir,4 - Jeudi,Livraison,CA,KM,3
12996,0,350.7,318.72,2018-08-30,4 - Soir,4 - Jeudi,Livraison,CA,UberEats,2
13000,0,259.3,233.23,2018-08-30,4 - Soir,4 - Jeudi,Sur place,CA,,15
13004,316,0.0,0.0,2018-08-31,,5 - Vendredi,,CA,,0
13008,0,252.93,229.95,2018-08-31,2 - Midi,5 - Vendredi,À emporter,CA,,17
13010,0,14.54,12.48,2018-08-31,2 - Midi,5 - Vendredi,Limonade,CA,,6
13012,0,115.4,104.88,2018-08-31,2 - Midi,5 - Vendredi,Livraison,CA,AlloResto,1
13013,0,47.7,43.36,2018-08-31,2 - Midi,5 - Vendredi,Livraison,CA,Deliveroo,1
13014,0,63.1,57.17,2018-08-31,2 - Midi,5 - Vendredi,Livraison,CA,KM,1
13015,0,104.1,94.61,2018-08-31,2 - Midi,5 - Vendredi,Livraison,CA,UberEats,1
13016,0,28.8,26.18,2018-08-31,2 - Midi,5 - Vendredi,Sur place,CA,,1
13017,0,1351.1,1227.5,2018-08-31,2 - Midi,5 - Vendredi,Sur place,CA,,75
13018,0,57.5,52.26,2018-08-31,3 - Après-midi,5 - Vendredi,À emporter,CA,KM,1
13019,0,13.4,11.8,2018-08-31,3 - Après-midi,5 - Vendredi,Limonade,CA,,2
13020,0,31.8,28.9,2018-08-31,3 - Après-midi,5 - Vendredi,Sur place,CA,,2
13021,-13,0.0,0.0,2018-08-31,4 - Soir,5 - Vendredi,,CA,,0
13024,0,16.3,14.82,2018-08-31,4 - Soir,5 - Vendredi,À emporter,CA,KM,1
13025,0,45.8,41.62,2018-08-31,4 - Soir,5 - Vendredi,À emporter,CA,,3
13026,0,399.4,360.88,2018-08-31,4 - Soir,5 - Vendredi,À emporter,CA,,19
13029,0,18.6,16.91,2018-08-31,4 - Soir,5 - Vendredi,Limonade,CA,,4
13030,0,223.3,201.59,2018-08-31,4 - Soir,5 - Vendredi,Livraison,CA,AlloResto,1
13031,0,410.6,373.16,2018-08-31,4 - Soir,5 - Vendredi,Livraison,CA,Deliveroo,1
13032,0,247.82,223.92,2018-08-31,4 - Soir,5 - Vendredi,Livraison,CA,KM,7
13033,0,638.9,580.7,2018-08-31,4 - Soir,5 - Vendredi,Livraison,CA,UberEats,1
13038,0,25.8,23.46,2018-08-31,4 - Soir,5 - Vendredi,Sur place,CA,,1
13039,0,397.2,360.39,2018-08-31,4 - Soir,5 - Vendredi,Sur place,CA,,13
13041,231,0.0,0.0,2018-09-01,,6 - Samedi,,CA,,0
13043,0,37.3,33.91,2018-09-01,2 - Midi,6 - Samedi,À emporter,CA,,2
13044,0,24.2,21.99,2018-09-01,2 - Midi,6 - Samedi,Limonade,CA,,6
13045,0,76.2,69.26,2018-09-01,2 - Midi,6 - Samedi,Livraison,CA,AlloResto,1
13046,0,210.5,191.33,2018-09-01,2 - Midi,6 - Samedi,Livraison,CA,Deliveroo,1
13047,0,166.5,151.33,2018-09-01,2 - Midi,6 - Samedi,Livraison,CA,UberEats,1
13048,0,679.2,616.76,2018-09-01,2 - Midi,6 - Samedi,Sur place,CA,,28
13050,0,19.4,17.63,2018-09-01,3 - Après-midi,6 - Samedi,À emporter,CA,KM,1
13051,0,30.3,27.54,2018-09-01,3 - Après-midi,6 - Samedi,À emporter,CA,,2
13052,0,11.5,10.46,2018-09-01,3 - Après-midi,6 - Samedi,Limonade,CA,,2
13053,0,56.2,50.89,2018-09-01,3 - Après-midi,6 - Samedi,Livraison,CA,KM,1
13054,0,13.9,12.64,2018-09-01,3 - Après-midi,6 - Samedi,Sur place,CA,,1
13055,0,256.6,232.82,2018-09-01,3 - Après-midi,6 - Samedi,Sur place,CA,,11
13056,-8,0.0,0.0,2018-09-01,4 - Soir,6 - Samedi,,CA,,0
13059,0,8.68,7.89,2018-09-01,4 - Soir,6 - Samedi,À emporter,CA,KM,1
13060,0,412.3,374.73,2018-09-01,4 - Soir,6 - Samedi,À emporter,CA,UberEats,1
13061,0,146.8,133.29,2018-09-01,4 - Soir,6 - Samedi,À emporter,CA,,5
13064,0,1.6,1.45,2018-09-01,4 - Soir,6 - Samedi,Limonade,CA,,1
13065,0,122.6,111.42,2018-09-01,4 - Soir,6 - Samedi,Livraison,CA,AlloResto,1
13066,0,362.0,329.04,2018-09-01,4 - Soir,6 - Samedi,Livraison,CA,Deliveroo,2
13067,0,145.66,131.43,2018-09-01,4 - Soir,6 - Samedi,Livraison,CA,KM,5
13068,0,172.6,155.54,2018-09-01,4 - Soir,6 - Samedi,Livraison,CA,UberEats,1
13071,0,313.9,284.6,2018-09-01,4 - Soir,6 - Samedi,Sur place,CA,,11
13073,186,0.0,0.0,2018-09-02,,7 - Dimanche,,CA,,0
13075,0,47.8,43.07,2018-09-02,3 - Après-midi,7 - Dimanche,Livraison,CA,KM,2
13076,0,138.2,125.28,2018-09-02,3 - Après-midi,7 - Dimanche,Sur place,CA,,4
13077,-4,0.0,0.0,2018-09-02,4 - Soir,7 - Dimanche,,CA,,0
13080,0,28.8,26.18,2018-09-02,4 - Soir,7 - Dimanche,À emporter,CA,KM,1
13081,0,223.8,202.17,2018-09-02,4 - Soir,7 - Dimanche,À emporter,CA,,10
13083,0,37.5,32.35,2018-09-02,4 - Soir,7 - Dimanche,Limonade,CA,,6
13084,0,339.3,308.38,2018-09-02,4 - Soir,7 - Dimanche,Livraison,CA,AlloResto,1
13085,0,615.3,559.24,2018-09-02,4 - Soir,7 - Dimanche,Livraison,CA,Deliveroo,2
13086,0,487.96,441.07,2018-09-02,4 - Soir,7 - Dimanche,Livraison,CA,KM,13
13087,0,530.6,482.17,2018-09-02,4 - Soir,7 - Dimanche,Livraison,CA,UberEats,1
13092,0,323.5,294.11,2018-09-02,4 - Soir,7 - Dimanche,Sur place,CA,,17
13093,225,0.0,0.0,2018-09-03,,1 - Lundi,,CA,,0
13095,0,161.4,146.68,2018-09-03,2 - Midi,1 - Lundi,À emporter,CA,UberEats,1
13096,0,233.6,212.4,2018-09-03,2 - Midi,1 - Lundi,À emporter,CA,,12
13097,0,13.7,12.46,2018-09-03,2 - Midi,1 - Lundi,Limonade,CA,,4
13098,0,37.3,33.9,2018-09-03,2 - Midi,1 - Lundi,Livraison,CA,AlloResto,1
13099,0,128.3,116.6,2018-09-03,2 - Midi,1 - Lundi,Livraison,CA,Deliveroo,1
13100,0,83.96,75.76,2018-09-03,2 - Midi,1 - Lundi,Livraison,CA,KM,3
13102,0,618.4,561.72,2018-09-03,2 - Midi,1 - Lundi,Sur place,CA,,31
13103,0,32.2,29.27,2018-09-03,3 - Après-midi,1 - Lundi,À emporter,CA,,1
13104,0,13.2,12.0,2018-09-03,3 - Après-midi,1 - Lundi,Limonade,CA,,2
13105,0,53.9,48.83,2018-09-03,3 - Après-midi,1 - Lundi,Livraison,CA,KM,1
13106,0,101.4,92.16,2018-09-03,3 - Après-midi,1 - Lundi,Sur place,CA,,3
13107,-8,0.0,0.0,2018-09-03,4 - Soir,1 - Lundi,,CA,,0
13110,0,202.0,183.31,2018-09-03,4 - Soir,1 - Lundi,À emporter,CA,,9
13111,0,3.5,3.18,2018-09-03,4 - Soir,1 - Lundi,Limonade,CA,,1
13112,0,263.2,239.22,2018-09-03,4 - Soir,1 - Lundi,Livraison,CA,AlloResto,1
13113,0,392.7,356.49,2018-09-03,4 - Soir,1 - Lundi,Livraison,CA,Deliveroo,1
13114,0,252.61,228.24,2018-09-03,4 - Soir,1 - Lundi,Livraison,CA,KM,7
13115,0,517.5,470.15,2018-09-03,4 - Soir,1 - Lundi,Livraison,CA,UberEats,1
13118,0,132.2,120.1,2018-09-03,4 - Soir,1 - Lundi,Sur place,CA,,6
13120,177,0.0,0.0,2018-09-04,,2 - Mardi,,CA,,0
13122,0,13.7,12.45,2018-09-04,2 - Midi,2 - Mardi,À emporter,CA,KM,1
13123,0,54.2,49.27,2018-09-04,2 - Midi,2 - Mardi,À emporter,CA,,4
13125,0,8.1,7.36,2018-09-04,2 - Midi,2 - Mardi,Limonade,CA,,3
13126,0,675.7,614.25,2018-09-04,2 - Midi,2 - Mardi,Sur place,CA,,41
13127,0,63.8,58.0,2018-09-04,3 - Après-midi,2 - Mardi,À emporter,CA,,3
13128,0,1.6,1.45,2018-09-04,3 - Après-midi,2 - Mardi,Limonade,CA,,1
13129,0,98.4,89.43,2018-09-04,3 - Après-midi,2 - Mardi,Livraison,CA,AlloResto,1
13130,0,152.6,138.71,2018-09-04,3 - Après-midi,2 - Mardi,Livraison,CA,Deliveroo,1
13131,0,46.1,41.72,2018-09-04,3 - Après-midi,2 - Mardi,Livraison,CA,KM,1
13132,0,65.1,59.16,2018-09-04,3 - Après-midi,2 - Mardi,Livraison,CA,UberEats,1
13133,0,58.7,53.38,2018-09-04,3 - Après-midi,2 - Mardi,Sur place,CA,,3
13134,-9,0.0,0.0,2018-09-04,4 - Soir,2 - Mardi,,CA,,0
13137,0,85.6,77.82,2018-09-04,4 - Soir,2 - Mardi,À emporter,CA,,4
13138,0,6.0,5.45,2018-09-04,4 - Soir,2 - Mardi,Limonade,CA,,2
13139,0,177.9,161.68,2018-09-04,4 - Soir,2 - Mardi,Livraison,CA,AlloResto,2
13140,0,375.0,340.88,2018-09-04,4 - Soir,2 - Mardi,Livraison,CA,Deliveroo,3
13141,0,315.1,286.38,2018-09-04,4 - Soir,2 - Mardi,Livraison,CA,UberEats,4
13142,0,261.1,236.89,2018-09-04,4 - Soir,2 - Mardi,Sur place,CA,,11
13144,205,0.0,0.0,2018-09-05,,3 - Mercredi,,CA,,0
13146,0,196.6,178.73,2018-09-05,2 - Midi,3 - Mercredi,À emporter,CA,,14
13147,0,6.4,5.82,2018-09-05,2 - Midi,3 - Mercredi,Limonade,CA,,2
13148,0,229.1,208.03,2018-09-05,2 - Midi,3 - Mercredi,Livraison,CA,Deliveroo,1
13149,0,170.1,154.62,2018-09-05,2 - Midi,3 - Mercredi,Livraison,CA,UberEats,1
13150,0,558.6,507.61,2018-09-05,2 - Midi,3 - Mercredi,Sur place,CA,,32
13151,-3,0.0,0.0,2018-09-05,3 - Après-midi,3 - Mercredi,,CA,,0
13154,0,54.37,49.43,2018-09-05,3 - Après-midi,3 - Mercredi,À emporter,CA,KM,1
13155,0,22.8,20.73,2018-09-05,3 - Après-midi,3 - Mercredi,À emporter,CA,,2
13158,0,21.5,19.31,2018-09-05,3 - Après-midi,3 - Mercredi,Limonade,CA,,4
13160,0,41.2,37.46,2018-09-05,3 - Après-midi,3 - Mercredi,Sur place,CA,,3
13162,-11,0.0,0.0,2018-09-05,4 - Soir,3 - Mercredi,,CA,,0
13165,0,18.8,17.08,2018-09-05,4 - Soir,3 - Mercredi,À emporter,CA,KM,1
13166,0,364.7,331.3,2018-09-05,4 - Soir,3 - Mercredi,À emporter,CA,,18
13168,0,9.2,7.91,2018-09-05,4 - Soir,3 - Mercredi,Limonade,CA,,2
13170,0,335.6,304.93,2018-09-05,4 - Soir,3 - Mercredi,Livraison,CA,Deliveroo,1
13171,0,372.77,337.52,2018-09-05,4 - Soir,3 - Mercredi,Livraison,CA,KM,7
13172,0,374.7,340.53,2018-09-05,4 - Soir,3 - Mercredi,Livraison,CA,UberEats,1
13175,0,41.2,37.27,2018-09-05,4 - Soir,3 - Mercredi,Sur place,CA,,3
13177,211,0.0,0.0,2018-09-06,,4 - Jeudi,,CA,,0
13179,0,17.0,15.46,2018-09-06,1 - Matin,4 - Jeudi,À emporter,CA,KM,1
13180,0,172.8,157.08,2018-09-06,2 - Midi,4 - Jeudi,À emporter,CA,,12
13181,0,3.2,2.91,2018-09-06,2 - Midi,4 - Jeudi,Limonade,CA,,1
13182,0,136.7,124.25,2018-09-06,2 - Midi,4 - Jeudi,Livraison,CA,Deliveroo,1
13183,0,178.4,162.16,2018-09-06,2 - Midi,4 - Jeudi,Livraison,CA,UberEats,1
13185,0,796.1,722.91,2018-09-06,2 - Midi,4 - Jeudi,Sur place,CA,,42
13186,0,11.0,10.0,2018-09-06,3 - Après-midi,4 - Jeudi,À emporter,CA,,1
13187,0,9.5,8.63,2018-09-06,3 - Après-midi,4 - Jeudi,Limonade,CA,,2
13188,0,47.8,43.07,2018-09-06,3 - Après-midi,4 - Jeudi,Livraison,CA,KM,2
13189,0,98.9,89.91,2018-09-06,3 - Après-midi,4 - Jeudi,Sur place,CA,,7
13190,-6,0.0,0.0,2018-09-06,4 - Soir,4 - Jeudi,,CA,,0
13193,0,411.4,373.86,2018-09-06,4 - Soir,4 - Jeudi,À emporter,CA,Deliveroo,2
13194,0,122.7,111.38,2018-09-06,4 - Soir,4 - Jeudi,À emporter,CA,,5
13197,0,9.6,8.73,2018-09-06,4 - Soir,4 - Jeudi,Limonade,CA,,2
13198,0,401.44,363.0,2018-09-06,4 - Soir,4 - Jeudi,Livraison,CA,KM,10
13199,0,469.0,426.28,2018-09-06,4 - Soir,4 - Jeudi,Livraison,CA,UberEats,2
13201,0,203.2,184.17,2018-09-06,4 - Soir,4 - Jeudi,Sur place,CA,,8
13202,306,0.0,0.0,2018-09-07,,5 - Vendredi,,CA,,0
13205,0,29.4,26.73,2018-09-07,2 - Midi,5 - Vendredi,À emporter,CA,,2
13206,0,551.0,500.87,2018-09-07,2 - Midi,5 - Vendredi,À emporter,CA,,37
13208,0,13.8,12.54,2018-09-07,2 - Midi,5 - Vendredi,Limonade,CA,,4
13209,0,54.1,48.99,2018-09-07,2 - Midi,5 - Vendredi,Livraison,CA,KM,1
13210,0,28.8,26.18,2018-09-07,2 - Midi,5 - Vendredi,Sur place,CA,,1
13211,0,872.2,790.89,2018-09-07,2 - Midi,5 - Vendredi,Sur place,CA,,51
13214,0,62.9,57.18,2018-09-07,3 - Après-midi,5 - Vendredi,À emporter,CA,,3
13215,0,-1.5,-2.73,2018-09-07,3 - Après-midi,5 - Vendredi,Limonade,CA,,3
13217,0,54.51,49.16,2018-09-07,3 - Après-midi,5 - Vendredi,Livraison,CA,KM,2
13219,0,92.6,84.2,2018-09-07,3 - Après-midi,5 - Vendredi,Sur place,CA,,2
13220,-9,0.0,0.0,2018-09-07,4 - Soir,5 - Vendredi,,CA,,0
13223,0,137.7,124.91,2018-09-07,4 - Soir,5 - Vendredi,À emporter,CA,,7
13224,0,-65.7,-67.04,2018-09-07,4 - Soir,5 - Vendredi,Limonade,CA,,5
13226,0,588.9,535.23,2018-09-07,4 - Soir,5 - Vendredi,Livraison,CA,Deliveroo,3
13227,0,463.2,420.82,2018-09-07,4 - Soir,5 - Vendredi,Livraison,CA,Deliveroo,4
13228,0,364.25,329.38,2018-09-07,4 - Soir,5 - Vendredi,Livraison,CA,KM,9
13229,0,324.4,293.46,2018-09-07,4 - Soir,5 - Vendredi,Livraison,CA,UberEats,1
13230,0,550.7,500.49,2018-09-07,4 - Soir,5 - Vendredi,Livraison,CA,UberEats,3
13234,0,259.4,234.91,2018-09-07,4 - Soir,5 - Vendredi,Sur place,CA,,12
13236,249,0.0,0.0,2018-09-08,,6 - Samedi,,CA,,0
13238,0,219.1,198.89,2018-09-08,2 - Midi,6 - Samedi,À emporter,CA,,12
13239,0,272.9,248.07,2018-09-08,2 - Midi,6 - Samedi,Livraison,CA,Deliveroo,1
13240,0,122.43,110.91,2018-09-08,2 - Midi,6 - Samedi,Livraison,CA,KM,2
13241,0,146.8,133.41,2018-09-08,2 - Midi,6 - Samedi,Livraison,CA,UberEats,1
13243,0,469.88,427.13,2018-09-08,2 - Midi,6 - Samedi,Sur place,CA,,20
13245,0,12.9,11.73,2018-09-08,3 - Après-midi,6 - Samedi,À emporter,CA,KM,1
13246,0,8.5,7.73,2018-09-08,3 - Après-midi,6 - Samedi,À emporter,CA,,1
13247,0,3.9,2.53,2018-09-08,3 - Après-midi,6 - Samedi,Limonade,CA,,2
13249,0,192.1,174.63,2018-09-08,3 - Après-midi,6 - Samedi,Livraison,CA,Deliveroo,1
13250,0,12.9,11.73,2018-09-08,3 - Après-midi,6 - Samedi,Sur place,CA,,1
13251,0,28.8,26.18,2018-09-08,3 - Après-midi,6 - Samedi,Sur place,CA,,2
13252,0,119.8,108.91,2018-09-08,3 - Après-midi,6 - Samedi,Sur place,CA,,4
13253,-11,0.0,0.0,2018-09-08,4 - Soir,6 - Samedi,,CA,,0
13256,0,28.45,25.86,2018-09-08,4 - Soir,6 - Samedi,À emporter,CA,KM,1
13257,0,16.9,15.36,2018-09-08,4 - Soir,6 - Samedi,À emporter,CA,,1
13258,0,140.4,127.43,2018-09-08,4 - Soir,6 - Samedi,À emporter,CA,,4
13260,0,3.3,2.09,2018-09-08,4 - Soir,6 - Samedi,Limonade,CA,,5
13262,0,465.0,422.64,2018-09-08,4 - Soir,6 - Samedi,Livraison,CA,Deliveroo,1
13263,0,115.64,104.55,2018-09-08,4 - Soir,6 - Samedi,Livraison,CA,KM,3
13264,0,875.6,794.88,2018-09-08,4 - Soir,6 - Samedi,Livraison,CA,UberEats,4
13267,0,64.5,58.65,2018-09-08,4 - Soir,6 - Samedi,Sur place,CA,,3
13268,0,202.78,184.0,2018-09-08,4 - Soir,6 - Samedi,Sur place,CA,,9
13271,152,0.0,0.0,2018-09-09,,7 - Dimanche,,CA,,0
13273,0,12.9,11.73,2018-09-09,3 - Après-midi,7 - Dimanche,À emporter,CA,,1
13274,0,7.3,6.63,2018-09-09,3 - Après-midi,7 - Dimanche,Limonade,CA,,1
13275,0,45.85,41.31,2018-09-09,3 - Après-midi,7 - Dimanche,Livraison,CA,KM,2
13277,-7,0.0,0.0,2018-09-09,4 - Soir,7 - Dimanche,,CA,,0
13280,0,112.9,102.63,2018-09-09,4 - Soir,7 - Dimanche,À emporter,CA,,5
13281,0,23.2,20.74,2018-09-09,4 - Soir,7 - Dimanche,Limonade,CA,,5
13282,0,654.8,595.16,2018-09-09,4 - Soir,7 - Dimanche,Livraison,CA,Deliveroo,2
13283,0,116.31,104.97,2018-09-09,4 - Soir,7 - Dimanche,Livraison,CA,KM,4
13284,0,723.4,657.01,2018-09-09,4 - Soir,7 - Dimanche,Livraison,CA,UberEats,2
13286,0,466.8,423.43,2018-09-09,4 - Soir,7 - Dimanche,Sur place,CA,,22
13288,163,0.0,0.0,2018-09-10,,1 - Lundi,,CA,,0
13290,0,158.9,144.47,2018-09-10,2 - Midi,1 - Lundi,À emporter,CA,,13
13291,0,24.0,21.82,2018-09-10,2 - Midi,1 - Lundi,Limonade,CA,,4
13292,0,101.8,92.52,2018-09-10,2 - Midi,1 - Lundi,Livraison,CA,Deliveroo,1
13293,0,59.5,54.08,2018-09-10,2 - Midi,1 - Lundi,Livraison,CA,UberEats,1
13295,0,557.0,505.99,2018-09-10,2 - Midi,1 - Lundi,Sur place,CA,,32
13296,0,3.2,2.91,2018-09-10,3 - Après-midi,1 - Lundi,Limonade,CA,,1
13297,0,24.4,21.99,2018-09-10,3 - Après-midi,1 - Lundi,Livraison,CA,KM,1
13298,0,22.5,20.45,2018-09-10,3 - Après-midi,1 - Lundi,Sur place,CA,,2
13299,-7,0.0,0.0,2018-09-10,4 - Soir,1 - Lundi,,CA,,0
13302,0,91.5,83.17,2018-09-10,4 - Soir,1 - Lundi,À emporter,CA,,6
13303,0,-20.0,-20.0,2018-09-10,4 - Soir,1 - Lundi,Limonade,CA,,1
13305,0,796.5,723.98,2018-09-10,4 - Soir,1 - Lundi,Livraison,CA,Deliveroo,3
13306,0,35.4,31.98,2018-09-10,4 - Soir,1 - Lundi,Livraison,CA,KM,1
13307,0,202.9,184.4,2018-09-10,4 - Soir,1 - Lundi,Livraison,CA,UberEats,1
13309,0,205.1,186.38,2018-09-10,4 - Soir,1 - Lundi,Sur place,CA,,11
13311,200,0.0,0.0,2018-09-11,,2 - Mardi,,CA,,0
13314,0,115.7,104.99,2018-09-11,2 - Midi,2 - Mardi,À emporter,CA,,7
13315,0,11.4,10.35,2018-09-11,2 - Midi,2 - Mardi,Limonade,CA,,2
13316,0,140.1,127.11,2018-09-11,2 - Midi,2 - Mardi,Livraison,CA,Deliveroo,1
13317,0,114.2,103.81,2018-09-11,2 - Midi,2 - Mardi,Livraison,CA,UberEats,1
13320,0,644.9,585.91,2018-09-11,2 - Midi,2 - Mardi,Sur place,CA,,35
13321,0,9.1,8.27,2018-09-11,3 - Après-midi,2 - Mardi,Limonade,CA,,2
13322,0,77.3,70.28,2018-09-11,3 - Après-midi,2 - Mardi,Sur place,CA,,4
13323,-9,0.0,0.0,2018-09-11,4 - Soir,2 - Mardi,,CA,,0
13326,0,99.0,89.99,2018-09-11,4 - Soir,2 - Mardi,À emporter,CA,Deliveroo,1
13327,0,109.2,99.1,2018-09-11,4 - Soir,2 - Mardi,À emporter,CA,,5
13328,0,10.0,8.64,2018-09-11,4 - Soir,2 - Mardi,Limonade,CA,,2
13329,0,787.6,715.88,2018-09-11,4 - Soir,2 - Mardi,Livraison,CA,Deliveroo,3
13330,0,257.68,233.08,2018-09-11,4 - Soir,2 - Mardi,Livraison,CA,KM,6
13331,0,399.6,363.19,2018-09-11,4 - Soir,2 - Mardi,Livraison,CA,UberEats,3
13334,0,143.1,129.53,2018-09-11,4 - Soir,2 - Mardi,Sur place,CA,,7
13336,197,0.0,0.0,2018-09-12,,3 - Mercredi,,CA,,0
13339,0,268.51,242.29,2018-09-12,2 - Midi,3 - Mercredi,À emporter,CA,,20
13342,0,12.6,11.46,2018-09-12,2 - Midi,3 - Mercredi,Limonade,CA,,4
13343,0,31.58,28.5,2018-09-12,2 - Midi,3 - Mercredi,Livraison,CA,KM,1
13344,0,41.2,37.45,2018-09-12,2 - Midi,3 - Mercredi,Livraison,CA,UberEats,1
13347,0,531.62,483.32,2018-09-12,2 - Midi,3 - Mercredi,Sur place,CA,,31
13349,0,51.2,46.47,2018-09-12,3 - Après-midi,3 - Mercredi,À emporter,CA,,3
13350,0,3.6,3.27,2018-09-12,3 - Après-midi,3 - Mercredi,Limonade,CA,,2
13352,0,91.3,82.98,2018-09-12,3 - Après-midi,3 - Mercredi,Livraison,CA,Deliveroo,1
13353,0,41.9,38.09,2018-09-12,3 - Après-midi,3 - Mercredi,Livraison,CA,UberEats,1
13354,0,25.8,23.46,2018-09-12,3 - Après-midi,3 - Mercredi,Sur place,CA,,2
13355,-10,0.0,0.0,2018-09-12,4 - Soir,3 - Mercredi,,CA,,0
13358,0,144.2,131.03,2018-09-12,4 - Soir,3 - Mercredi,À emporter,CA,,8
13360,0,4.1,3.72,2018-09-12,4 - Soir,3 - Mercredi,Limonade,CA,,2
13361,0,465.2,422.87,2018-09-12,4 - Soir,3 - Mercredi,Livraison,CA,Deliveroo,1
13362,0,144.23,130.15,2018-09-12,4 - Soir,3 - Mercredi,Livraison,CA,KM,5
13363,0,635.4,577.48,2018-09-12,4 - Soir,3 - Mercredi,Livraison,CA,UberEats,2
13366,0,167.5,152.12,2018-09-12,4 - Soir,3 - Mercredi,Sur place,CA,,8
13367,219,0.0,0.0,2018-09-13,,4 - Jeudi,,CA,,0
13370,0,227.5,206.84,2018-09-13,2 - Midi,4 - Jeudi,À emporter,CA,,15
13371,0,17.8,16.17,2018-09-13,2 - Midi,4 - Jeudi,Limonade,CA,,5
13372,0,208.8,189.56,2018-09-13,2 - Midi,4 - Jeudi,Livraison,CA,Deliveroo,1
13373,0,110.3,100.24,2018-09-13,2 - Midi,4 - Jeudi,Livraison,CA,UberEats,1
13376,0,603.91,548.99,2018-09-13,2 - Midi,4 - Jeudi,Sur place,CA,,39
13378,0,18.4,16.73,2018-09-13,3 - Après-midi,4 - Jeudi,À emporter,CA,,2
13379,0,9.0,8.19,2018-09-13,3 - Après-midi,4 - Jeudi,Limonade,CA,,3
13380,0,23.4,21.08,2018-09-13,3 - Après-midi,4 - Jeudi,Livraison,CA,KM,1
13381,0,89.9,81.69,2018-09-13,3 - Après-midi,4 - Jeudi,Livraison,CA,UberEats,1
13382,0,24.9,22.64,2018-09-13,3 - Après-midi,4 - Jeudi,Sur place,CA,,2
13383,-6,0.0,0.0,2018-09-13,4 - Soir,4 - Jeudi,,CA,,0
13386,0,12.9,11.73,2018-09-13,4 - Soir,4 - Jeudi,À emporter,CA,KM,1
13387,0,32.9,29.91,2018-09-13,4 - Soir,4 - Jeudi,À emporter,CA,,3
13388,0,89.4,80.88,2018-09-13,4 - Soir,4 - Jeudi,À emporter,CA,,5
13389,0,1.6,1.45,2018-09-13,4 - Soir,4 - Jeudi,Limonade,CA,,1
13390,0,211.7,192.21,2018-09-13,4 - Soir,4 - Jeudi,Livraison,CA,Deliveroo,2
13391,0,531.6,481.39,2018-09-13,4 - Soir,4 - Jeudi,Livraison,CA,Deliveroo,3
13392,0,80.2,72.51,2018-09-13,4 - Soir,4 - Jeudi,Livraison,CA,KM,2
13393,0,181.7,165.13,2018-09-13,4 - Soir,4 - Jeudi,Livraison,CA,UberEats,1
13394,0,342.6,311.39,2018-09-13,4 - Soir,4 - Jeudi,Livraison,CA,UberEats,2
13397,0,12.9,11.73,2018-09-13,4 - Soir,4 - Jeudi,Sur place,CA,,1
13398,0,326.8,295.57,2018-09-13,4 - Soir,4 - Jeudi,Sur place,CA,,18
13402,290,0.0,0.0,2018-09-14,,5 - Vendredi,,CA,,0
13405,0,35.1,31.91,2018-09-14,1 - Matin,5 - Vendredi,À emporter,CA,KM,1
13406,0,15.9,14.45,2018-09-14,2 - Midi,5 - Vendredi,À emporter,CA,KM,1
13407,0,429.52,390.4,2018-09-14,2 - Midi,5 - Vendredi,À emporter,CA,,28
13409,0,19.2,17.46,2018-09-14,2 - Midi,5 - Vendredi,Limonade,CA,,4
13410,0,59.0,53.4,2018-09-14,2 - Midi,5 - Vendredi,Livraison,CA,Deliveroo,1
13411,0,119.98,108.5,2018-09-14,2 - Midi,5 - Vendredi,Livraison,CA,KM,3
13412,0,108.4,98.53,2018-09-14,2 - Midi,5 - Vendredi,Livraison,CA,UberEats,1
13416,0,807.6,733.54,2018-09-14,2 - Midi,5 - Vendredi,Sur place,CA,,46
13417,0,27.93,25.38,2018-09-14,3 - Après-midi,5 - Vendredi,À emporter,CA,KM,1
13419,0,11.2,9.95,2018-09-14,3 - Après-midi,5 - Vendredi,Limonade,CA,,3
13420,-9,0.0,0.0,2018-09-14,4 - Soir,5 - Vendredi,,CA,,0
13423,0,10.08,9.16,2018-09-14,4 - Soir,5 - Vendredi,À emporter,CA,KM,1
13424,0,132.8,120.64,2018-09-14,4 - Soir,5 - Vendredi,À emporter,CA,,8
13426,0,8.7,7.91,2018-09-14,4 - Soir,5 - Vendredi,Limonade,CA,,3
13427,0,1073.6,972.99,2018-09-14,4 - Soir,5 - Vendredi,Livraison,CA,Deliveroo,5
13428,0,260.89,235.81,2018-09-14,4 - Soir,5 - Vendredi,Livraison,CA,KM,7
13429,0,613.1,555.16,2018-09-14,4 - Soir,5 - Vendredi,Livraison,CA,UberEats,2
13435,0,541.7,490.38,2018-09-14,4 - Soir,5 - Vendredi,Sur place,CA,,20
13439,282,0.0,0.0,2018-09-15,,6 - Samedi,,CA,,0
13442,0,188.0,170.93,2018-09-15,2 - Midi,6 - Samedi,À emporter,CA,,4
13444,0,12.8,11.63,2018-09-15,2 - Midi,6 - Samedi,Limonade,CA,,4
13445,0,308.5,279.44,2018-09-15,2 - Midi,6 - Samedi,Livraison,CA,Deliveroo,2
13446,0,45.71,41.18,2018-09-15,2 - Midi,6 - Samedi,Livraison,CA,KM,2
13447,0,188.2,171.05,2018-09-15,2 - Midi,6 - Samedi,Livraison,CA,UberEats,1
13452,0,766.7,694.43,2018-09-15,2 - Midi,6 - Samedi,Sur place,CA,,26
13453,0,111.8,101.65,2018-09-15,3 - Après-midi,6 - Samedi,À emporter,CA,,7
13454,0,72.2,64.19,2018-09-15,3 - Après-midi,6 - Samedi,Limonade,CA,,14
13455,0,37.6,33.99,2018-09-15,3 - Après-midi,6 - Samedi,Livraison,CA,KM,1
13456,0,122.1,111.0,2018-09-15,3 - Après-midi,6 - Samedi,Sur place,CA,,5
13457,-12,0.0,0.0,2018-09-15,4 - Soir,6 - Samedi,,CA,,0
13460,0,32.17,29.24,2018-09-15,4 - Soir,6 - Samedi,À emporter,CA,KM,1
13461,0,224.2,203.81,2018-09-15,4 - Soir,6 - Samedi,À emporter,CA,,8
13463,0,9.08,7.83,2018-09-15,4 - Soir,6 - Samedi,Limonade,CA,,3
13465,0,858.0,774.04,2018-09-15,4 - Soir,6 - Samedi,Livraison,CA,Deliveroo,2
13466,0,95.4,86.15,2018-09-15,4 - Soir,6 - Samedi,Livraison,CA,KM,3
13467,0,164.91,149.13,2018-09-15,4 - Soir,6 - Samedi,Livraison,CA,KM,4
13468,0,569.4,517.51,2018-09-15,4 - Soir,6 - Samedi,Livraison,CA,UberEats,3
13472,0,301.0,273.37,2018-09-15,4 - Soir,6 - Samedi,Sur place,CA,,12
13474,164,0.0,0.0,2018-09-16,,7 - Dimanche,,CA,,0
13477,0,12.9,11.73,2018-09-16,3 - Après-midi,7 - Dimanche,À emporter,CA,,1
13478,0,25.0,22.49,2018-09-16,3 - Après-midi,7 - Dimanche,Limonade,CA,,4
13479,-10,0.0,0.0,2018-09-16,4 - Soir,7 - Dimanche,,CA,,0
13483,0,31.8,28.9,2018-09-16,4 - Soir,7 - Dimanche,À emporter,CA,KM,1
13484,0,190.8,173.45,2018-09-16,4 - Soir,7 - Dimanche,À emporter,CA,,10
13485,0,17.8,15.44,2018-09-16,4 - Soir,7 - Dimanche,Limonade,CA,,2
13486,0,364.3,331.13,2018-09-16,4 - Soir,7 - Dimanche,Livraison,CA,Deliveroo,2
13487,0,671.4,609.99,2018-09-16,4 - Soir,7 - Dimanche,Livraison,CA,Deliveroo,3
13488,0,218.97,198.3,2018-09-16,4 - Soir,7 - Dimanche,Livraison,CA,KM,4
13489,0,610.2,554.57,2018-09-16,4 - Soir,7 - Dimanche,Livraison,CA,UberEats,3
13492,0,253.7,230.63,2018-09-16,4 - Soir,7 - Dimanche,Sur place,CA,,12
13494,143,0.0,0.0,2018-09-17,,1 - Lundi,,CA,,0
13497,0,19.9,18.09,2018-09-17,2 - Midi,1 - Lundi,À emporter,CA,KM,1
13498,0,179.3,157.2,2018-09-17,2 - Midi,1 - Lundi,À emporter,CA,,13
13501,0,2.5,2.27,2018-09-17,2 - Midi,1 - Lundi,Limonade,CA,,1
13502,0,415.9,373.41,2018-09-17,2 - Midi,1 - Lundi,Sur place,CA,,30
13505,0,26.8,24.36,2018-09-17,3 - Après-midi,1 - Lundi,À emporter,CA,,1
13506,0,2.5,1.05,2018-09-17,3 - Après-midi,1 - Lundi,Limonade,CA,,6
13508,0,185.9,168.08,2018-09-17,3 - Après-midi,1 - Lundi,Livraison,CA,Deliveroo,1
13509,0,38.8,35.08,2018-09-17,3 - Après-midi,1 - Lundi,Livraison,CA,KM,1
13510,0,133.6,121.43,2018-09-17,3 - Après-midi,1 - Lundi,Livraison,CA,UberEats,1
13513,0,31.8,28.9,2018-09-17,3 - Après-midi,1 - Lundi,Sur place,CA,,1
13514,-8,0.0,0.0,2018-09-17,4 - Soir,1 - Lundi,,CA,,0
13517,0,48.8,44.36,2018-09-17,4 - Soir,1 - Lundi,À emporter,CA,Deliveroo,1
13518,0,67.2,61.1,2018-09-17,4 - Soir,1 - Lundi,À emporter,CA,,4
13519,0,4.0,3.64,2018-09-17,4 - Soir,1 - Lundi,Limonade,CA,,1
13520,0,359.6,326.81,2018-09-17,4 - Soir,1 - Lundi,Livraison,CA,Deliveroo,3
13521,0,142.0,128.33,2018-09-17,4 - Soir,1 - Lundi,Livraison,CA,KM,4
13522,0,255.4,232.14,2018-09-17,4 - Soir,1 - Lundi,Livraison,CA,UberEats,3
13524,0,111.2,100.94,2018-09-17,4 - Soir,1 - Lundi,Sur place,CA,,6
13526,164,0.0,0.0,2018-09-18,,2 - Mardi,,CA,,0
13529,0,231.1,210.07,2018-09-18,2 - Midi,2 - Mardi,À emporter,CA,,13
13530,0,3.2,2.91,2018-09-18,2 - Midi,2 - Mardi,Limonade,CA,,1
13531,0,17.5,15.9,2018-09-18,2 - Midi,2 - Mardi,Livraison,CA,Deliveroo,1
13532,0,61.7,56.08,2018-09-18,2 - Midi,2 - Mardi,Livraison,CA,UberEats,1
13534,0,588.5,534.61,2018-09-18,2 - Midi,2 - Mardi,Sur place,CA,,37
13536,0,13.1,11.3,2018-09-18,3 - Après-midi,2 - Mardi,Limonade,CA,,3
13537,0,114.0,103.6,2018-09-18,3 - Après-midi,2 - Mardi,Livraison,CA,Deliveroo,1
13538,0,67.6,61.26,2018-09-18,3 - Après-midi,2 - Mardi,Livraison,CA,KM,1
13540,-9,0.0,0.0,2018-09-18,4 - Soir,2 - Mardi,,CA,,0
13543,0,26.3,23.91,2018-09-18,4 - Soir,2 - Mardi,À emporter,CA,KM,1
13544,0,71.6,65.1,2018-09-18,4 - Soir,2 - Mardi,À emporter,CA,,3
13545,0,11.5,9.77,2018-09-18,4 - Soir,2 - Mardi,Limonade,CA,,1
13546,0,523.9,475.12,2018-09-18,4 - Soir,2 - Mardi,Livraison,CA,Deliveroo,3
13547,0,45.27,40.77,2018-09-18,4 - Soir,2 - Mardi,Livraison,CA,KM,2
13548,0,314.6,285.97,2018-09-18,4 - Soir,2 - Mardi,Livraison,CA,UberEats,3
13552,0,268.1,242.97,2018-09-18,4 - Soir,2 - Mardi,Sur place,CA,,10
13555,209,0.0,0.0,2018-09-19,,3 - Mercredi,,CA,,0
13559,0,11.69,10.63,2018-09-19,2 - Midi,3 - Mercredi,À emporter,CA,KM,1
13560,0,25.8,23.46,2018-09-19,2 - Midi,3 - Mercredi,À emporter,CA,,1
13561,0,199.1,180.81,2018-09-19,2 - Midi,3 - Mercredi,À emporter,CA,,13
13563,0,33.8,30.72,2018-09-19,2 - Midi,3 - Mercredi,Sur place,CA,KM,1
13564,0,21.4,19.46,2018-09-19,2 - Midi,3 - Mercredi,Sur place,CA,,1
13565,0,800.3,724.62,2018-09-19,2 - Midi,3 - Mercredi,Sur place,CA,,48
13569,0,51.6,46.92,2018-09-19,3 - Après-midi,3 - Mercredi,À emporter,CA,,2
13570,0,115.1,104.61,2018-09-19,3 - Après-midi,3 - Mercredi,Livraison,CA,Deliveroo,1
13571,0,48.95,44.11,2018-09-19,3 - Après-midi,3 - Mercredi,Livraison,CA,KM,2
13572,0,114.1,103.69,2018-09-19,3 - Après-midi,3 - Mercredi,Livraison,CA,UberEats,1
13574,0,20.3,17.89,2018-09-19,3 - Après-midi,3 - Mercredi,Sur place,CA,,2
13575,-10,0.0,0.0,2018-09-19,4 - Soir,3 - Mercredi,,CA,,0
13578,0,92.7,84.28,2018-09-19,4 - Soir,3 - Mercredi,À emporter,CA,,4
13579,0,615.9,559.73,2018-09-19,4 - Soir,3 - Mercredi,Livraison,CA,Deliveroo,2
13580,0,183.59,165.91,2018-09-19,4 - Soir,3 - Mercredi,Livraison,CA,KM,5
13581,0,473.0,429.67,2018-09-19,4 - Soir,3 - Mercredi,Livraison,CA,UberEats,2
13584,0,25.9,23.46,2018-09-19,4 - Soir,3 - Mercredi,Sur place,CA,,2
13585,0,291.1,264.11,2018-09-19,4 - Soir,3 - Mercredi,Sur place,CA,,13
13588,177,0.0,0.0,2018-09-20,,4 - Jeudi,,CA,,0
13591,0,53.4,48.53,2018-09-20,2 - Midi,4 - Jeudi,À emporter,CA,Deliveroo,1
13592,0,298.72,271.55,2018-09-20,2 - Midi,4 - Jeudi,À emporter,CA,,19
13594,0,93.3,84.79,2018-09-20,2 - Midi,4 - Jeudi,Livraison,CA,Deliveroo,1
13595,0,83.3,75.7,2018-09-20,2 - Midi,4 - Jeudi,Livraison,CA,UberEats,2
13596,0,687.41,624.4,2018-09-20,2 - Midi,4 - Jeudi,Sur place,CA,,39
13598,0,15.9,14.45,2018-09-20,3 - Après-midi,4 - Jeudi,À emporter,CA,,1
13599,0,4.9,4.08,2018-09-20,3 - Après-midi,4 - Jeudi,Sur place,CA,,1
13600,-7,0.0,0.0,2018-09-20,4 - Soir,4 - Jeudi,,CA,,0
13603,0,135.76,121.61,2018-09-20,4 - Soir,4 - Jeudi,À emporter,CA,,8
13605,0,429.6,389.74,2018-09-20,4 - Soir,4 - Jeudi,Livraison,CA,Deliveroo,3
13606,0,124.85,112.74,2018-09-20,4 - Soir,4 - Jeudi,Livraison,CA,KM,4
13607,0,509.5,463.11,2018-09-20,4 - Soir,4 - Jeudi,Livraison,CA,UberEats,5
13611,0,131.7,119.28,2018-09-20,4 - Soir,4 - Jeudi,Sur place,CA,,9
13614,292,0.0,0.0,2018-09-21,,5 - Vendredi,,CA,,0
13617,-7,0.0,0.0,2018-09-21,2 - Midi,5 - Vendredi,,CA,,0
13620,0,203.2,184.74,2018-09-21,2 - Midi,5 - Vendredi,À emporter,CA,,15
13621,0,408.4,369.58,2018-09-21,2 - Midi,5 - Vendredi,Livraison,CA,Deliveroo,1
13622,0,49.8,45.19,2018-09-21,2 - Midi,5 - Vendredi,Livraison,CA,UberEats,1
13625,0,56.8,51.47,2018-09-21,2 - Midi,5 - Vendredi,Sur place,CA,,4
13626,0,783.39,711.65,2018-09-21,2 - Midi,5 - Vendredi,Sur place,CA,,50
13629,0,21.96,19.97,2018-09-21,3 - Après-midi,5 - Vendredi,À emporter,CA,KM,1
13630,0,50.7,45.63,2018-09-21,3 - Après-midi,5 - Vendredi,À emporter,CA,,4
13632,0,90.63,81.8,2018-09-21,3 - Après-midi,5 - Vendredi,Livraison,CA,KM,3
13634,0,83.4,75.43,2018-09-21,3 - Après-midi,5 - Vendredi,Sur place,CA,,4
13635,-4,0.0,0.0,2018-09-21,4 - Soir,5 - Vendredi,,CA,,0
13638,0,117.9,107.18,2018-09-21,4 - Soir,5 - Vendredi,À emporter,CA,,6
13639,0,971.2,879.14,2018-09-21,4 - Soir,5 - Vendredi,Livraison,CA,Deliveroo,5
13640,0,299.45,270.85,2018-09-21,4 - Soir,5 - Vendredi,Livraison,CA,KM,7
13641,0,256.4,233.02,2018-09-21,4 - Soir,5 - Vendredi,Livraison,CA,UberEats,1
13642,0,402.7,366.01,2018-09-21,4 - Soir,5 - Vendredi,Livraison,CA,UberEats,2
13646,0,291.2,264.23,2018-09-21,4 - Soir,5 - Vendredi,Sur place,CA,,13
13648,266,0.0,0.0,2018-09-22,,6 - Samedi,,CA,,0
13651,0,175.9,159.92,2018-09-22,2 - Midi,6 - Samedi,À emporter,CA,,6
13652,0,280.8,254.95,2018-09-22,2 - Midi,6 - Samedi,Livraison,CA,Deliveroo,1
13653,0,103.8,94.33,2018-09-22,2 - Midi,6 - Samedi,Livraison,CA,UberEats,1
13655,0,25.8,23.46,2018-09-22,2 - Midi,6 - Samedi,Sur place,CA,,1
13656,0,671.0,609.87,2018-09-22,2 - Midi,6 - Samedi,Sur place,CA,,36
13657,0,35.7,32.46,2018-09-22,3 - Après-midi,6 - Samedi,À emporter,CA,,1
13658,0,43.7,39.73,2018-09-22,3 - Après-midi,6 - Samedi,À emporter,CA,,4
13659,0,41.4,37.44,2018-09-22,3 - Après-midi,6 - Samedi,Livraison,CA,KM,1
13660,0,44.7,40.63,2018-09-22,3 - Après-midi,6 - Samedi,Sur place,CA,,3
13661,0,71.1,64.62,2018-09-22,3 - Après-midi,6 - Samedi,Sur place,CA,,4
13662,-10,0.0,0.0,2018-09-22,4 - Soir,6 - Samedi,,CA,,0
13665,0,39.2,35.64,2018-09-22,4 - Soir,6 - Samedi,À emporter,CA,KM,2
13666,0,189.3,171.53,2018-09-22,4 - Soir,6 - Samedi,À emporter,CA,,10
13667,0,956.5,867.39,2018-09-22,4 - Soir,6 - Samedi,Livraison,CA,Deliveroo,3
13668,0,229.9,207.62,2018-09-22,4 - Soir,6 - Samedi,Livraison,CA,KM,7
13669,0,488.9,444.32,2018-09-22,4 - Soir,6 - Samedi,Livraison,CA,UberEats,2
13674,0,507.5,459.78,2018-09-22,4 - Soir,6 - Samedi,Sur place,CA,,18
13676,152,0.0,0.0,2018-09-23,,7 - Dimanche,,CA,,0
13679,0,28.15,25.59,2018-09-23,3 - Après-midi,7 - Dimanche,À emporter,CA,KM,1
13680,0,53.5,47.27,2018-09-23,3 - Après-midi,7 - Dimanche,À emporter,CA,,8
13682,0,95.0,86.35,2018-09-23,3 - Après-midi,7 - Dimanche,Livraison,CA,Deliveroo,1
13683,0,34.78,31.42,2018-09-23,3 - Après-midi,7 - Dimanche,Livraison,CA,KM,1
13685,0,15.0,13.63,2018-09-23,3 - Après-midi,7 - Dimanche,Sur place,CA,,2
13686,0,204.3,183.22,2018-09-23,3 - Après-midi,7 - Dimanche,Sur place,CA,,9
13687,-9,0.0,0.0,2018-09-23,4 - Soir,7 - Dimanche,,CA,,0
13690,0,35.7,29.32,2018-09-23,4 - Soir,7 - Dimanche,À emporter,CA,,4
13691,0,251.0,226.75,2018-09-23,4 - Soir,7 - Dimanche,À emporter,CA,,13
13695,0,628.2,570.08,2018-09-23,4 - Soir,7 - Dimanche,Livraison,CA,Deliveroo,4
13696,0,114.89,103.67,2018-09-23,4 - Soir,7 - Dimanche,Livraison,CA,KM,4
13697,0,82.7,75.17,2018-09-23,4 - Soir,7 - Dimanche,Livraison,CA,UberEats,1
13698,0,514.9,467.97,2018-09-23,4 - Soir,7 - Dimanche,Livraison,CA,UberEats,3
13702,0,72.0,65.09,2018-09-23,4 - Soir,7 - Dimanche,Sur place,CA,,3
13703,0,177.8,161.45,2018-09-23,4 - Soir,7 - Dimanche,Sur place,CA,,10
13705,158,0.0,0.0,2018-09-24,,1 - Lundi,,CA,,0
13709,0,46.86,42.59,2018-09-24,2 - Midi,1 - Lundi,À emporter,CA,KM,2
13710,0,67.0,60.92,2018-09-24,2 - Midi,1 - Lundi,À emporter,CA,,5
13712,0,606.5,550.77,2018-09-24,2 - Midi,1 - Lundi,Sur place,CA,,32
13713,0,37.4,33.81,2018-09-24,3 - Après-midi,1 - Lundi,À emporter,CA,,2
13714,0,109.0,98.38,2018-09-24,3 - Après-midi,1 - Lundi,Livraison,CA,Deliveroo,1
13715,0,20.0,17.98,2018-09-24,3 - Après-midi,1 - Lundi,Livraison,CA,KM,1
13716,0,65.1,59.16,2018-09-24,3 - Après-midi,1 - Lundi,Livraison,CA,UberEats,1
13720,0,27.0,24.55,2018-09-24,3 - Après-midi,1 - Lundi,Sur place,CA,,2
13721,-9,0.0,0.0,2018-09-24,4 - Soir,1 - Lundi,,CA,,0
13725,0,93.6,85.11,2018-09-24,4 - Soir,1 - Lundi,À emporter,CA,,8
13728,0,418.3,378.81,2018-09-24,4 - Soir,1 - Lundi,Livraison,CA,Deliveroo,3
13729,0,157.73,142.42,2018-09-24,4 - Soir,1 - Lundi,Livraison,CA,KM,5
13730,0,235.9,214.4,2018-09-24,4 - Soir,1 - Lundi,Livraison,CA,UberEats,3
13734,0,304.5,274.84,2018-09-24,4 - Soir,1 - Lundi,Sur place,CA,,10
13736,187,0.0,0.0,2018-09-25,,2 - Mardi,,CA,,0
13739,-2,0.0,0.0,2018-09-25,2 - Midi,2 - Mardi,,CA,,0
13742,0,12.9,11.73,2018-09-25,2 - Midi,2 - Mardi,À emporter,CA,,1
13743,0,97.4,88.54,2018-09-25,2 - Midi,2 - Mardi,À emporter,CA,,7
13744,0,6.0,5.46,2018-09-25,2 - Midi,2 - Mardi,Limonade,CA,,1
13745,0,75.5,68.62,2018-09-25,2 - Midi,2 - Mardi,Livraison,CA,UberEats,1
13747,0,54.6,49.64,2018-09-25,2 - Midi,2 - Mardi,Sur place,CA,,2
13748,0,794.1,720.42,2018-09-25,2 - Midi,2 - Mardi,Sur place,CA,,46
13752,0,136.8,124.14,2018-09-25,3 - Après-midi,2 - Mardi,Livraison,CA,Deliveroo,1
13753,0,30.19,27.25,2018-09-25,3 - Après-midi,2 - Mardi,Livraison,CA,KM,1
13756,0,104.9,94.99,2018-09-25,3 - Après-midi,2 - Mardi,Sur place,CA,,7
13758,-6,0.0,0.0,2018-09-25,4 - Soir,2 - Mardi,,CA,,0
13762,0,135.1,122.58,2018-09-25,4 - Soir,2 - Mardi,À emporter,CA,,7
13764,0,790.5,717.84,2018-09-25,4 - Soir,2 - Mardi,Livraison,CA,Deliveroo,5
13765,0,115.13,103.89,2018-09-25,4 - Soir,2 - Mardi,Livraison,CA,KM,4
13766,0,247.2,224.68,2018-09-25,4 - Soir,2 - Mardi,Livraison,CA,UberEats,2
13770,0,91.4,82.69,2018-09-25,4 - Soir,2 - Mardi,Sur place,CA,,6
13771,196,0.0,0.0,2018-09-26,,3 - Mercredi,,CA,,0
13775,-5,0.0,0.0,2018-09-26,2 - Midi,3 - Mercredi,,CA,,0
13778,0,219.59,199.63,2018-09-26,2 - Midi,3 - Mercredi,À emporter,CA,,17
13781,0,618.4,562.04,2018-09-26,2 - Midi,3 - Mercredi,Sur place,CA,,36
13783,0,22.5,20.23,2018-09-26,3 - Après-midi,3 - Mercredi,À emporter,CA,,2
13784,0,282.9,241.2,2018-09-26,3 - Après-midi,3 - Mercredi,Livraison,CA,Deliveroo,1
13785,0,74.85,67.67,2018-09-26,3 - Après-midi,3 - Mercredi,Livraison,CA,KM,2
13786,0,110.1,100.07,2018-09-26,3 - Après-midi,3 - Mercredi,Livraison,CA,UberEats,1
13790,0,19.6,17.73,2018-09-26,3 - Après-midi,3 - Mercredi,Sur place,CA,,3
13791,-12,0.0,0.0,2018-09-26,4 - Soir,3 - Mercredi,,CA,,0
13794,0,213.7,194.27,2018-09-26,4 - Soir,3 - Mercredi,À emporter,CA,,9
13795,0,577.7,524.74,2018-09-26,4 - Soir,3 - Mercredi,Livraison,CA,Deliveroo,1
13796,0,223.03,201.4,2018-09-26,4 - Soir,3 - Mercredi,Livraison,CA,KM,7
13797,0,202.8,184.32,2018-09-26,4 - Soir,3 - Mercredi,Livraison,CA,UberEats,1
13801,0,125.2,113.17,2018-09-26,4 - Soir,3 - Mercredi,Sur place,CA,,6
13803,224,0.0,0.0,2018-09-27,,4 - Jeudi,,CA,,0
13806,0,28.8,26.18,2018-09-27,2 - Midi,4 - Jeudi,À emporter,CA,,2
13807,0,394.9,358.93,2018-09-27,2 - Midi,4 - Jeudi,À emporter,CA,,24
13808,0,294.9,268.03,2018-09-27,2 - Midi,4 - Jeudi,Livraison,CA,Deliveroo,1
13809,0,12.9,11.73,2018-09-27,2 - Midi,4 - Jeudi,Sur place,CA,,1
13810,0,62.1,56.15,2018-09-27,2 - Midi,4 - Jeudi,Sur place,CA,,4
13811,0,571.8,519.45,2018-09-27,2 - Midi,4 - Jeudi,Sur place,CA,,35
13812,0,49.9,45.35,2018-09-27,3 - Après-midi,4 - Jeudi,À emporter,CA,,3
13813,0,3.0,2.5,2018-09-27,3 - Après-midi,4 - Jeudi,Limonade,CA,,1
13814,0,17.4,15.13,2018-09-27,3 - Après-midi,4 - Jeudi,Limonade,CA,,3
13816,0,28.64,25.85,2018-09-27,3 - Après-midi,4 - Jeudi,Livraison,CA,KM,1
13818,0,16.7,15.18,2018-09-27,3 - Après-midi,4 - Jeudi,Sur place,CA,,1
13819,0,25.8,23.46,2018-09-27,3 - Après-midi,4 - Jeudi,Sur place,CA,,2
13820,-5,0.0,0.0,2018-09-27,4 - Soir,4 - Jeudi,,CA,,0
13823,0,19.9,18.09,2018-09-27,4 - Soir,4 - Jeudi,À emporter,CA,KM,1
13824,0,213.8,194.21,2018-09-27,4 - Soir,4 - Jeudi,À emporter,CA,,8
13826,0,3.2,2.91,2018-09-27,4 - Soir,4 - Jeudi,Limonade,CA,,1
13827,0,134.8,121.84,2018-09-27,4 - Soir,4 - Jeudi,Livraison,CA,Deliveroo,1
13828,0,526.8,478.74,2018-09-27,4 - Soir,4 - Jeudi,Livraison,CA,Deliveroo,2
13829,0,71.5,64.42,2018-09-27,4 - Soir,4 - Jeudi,Livraison,CA,KM,3
13830,0,707.3,642.83,2018-09-27,4 - Soir,4 - Jeudi,Livraison,CA,UberEats,1
13831,0,71.45,64.69,2018-09-27,4 - Soir,4 - Jeudi,Sur place,CA,,5
13833,268,0.0,0.0,2018-09-28,,5 - Vendredi,,CA,,0
13836,-5,0.0,0.0,2018-09-28,2 - Midi,5 - Vendredi,,CA,,0
13839,0,13.4,12.18,2018-09-28,2 - Midi,5 - Vendredi,À emporter,CA,KM,1
13840,0,26.45,24.05,2018-09-28,2 - Midi,5 - Vendredi,À emporter,CA,KM,2
13841,0,53.8,48.91,2018-09-28,2 - Midi,5 - Vendredi,À emporter,CA,,4
13842,0,167.8,152.57,2018-09-28,2 - Midi,5 - Vendredi,À emporter,CA,,12
13844,0,1.6,1.45,2018-09-28,2 - Midi,5 - Vendredi,Limonade,CA,,1
13845,0,171.3,155.69,2018-09-28,2 - Midi,5 - Vendredi,Livraison,CA,Deliveroo,1
13846,0,23.3,20.99,2018-09-28,2 - Midi,5 - Vendredi,Livraison,CA,KM,1
13847,0,116.2,105.61,2018-09-28,2 - Midi,5 - Vendredi,Livraison,CA,UberEats,1
13849,0,408.5,370.55,2018-09-28,2 - Midi,5 - Vendredi,Sur place,CA,,22
13850,0,405.91,368.91,2018-09-28,2 - Midi,5 - Vendredi,Sur place,CA,,26
13853,0,23.73,21.51,2018-09-28,3 - Après-midi,5 - Vendredi,À emporter,CA,,2
13855,0,2.5,2.27,2018-09-28,3 - Après-midi,5 - Vendredi,Limonade,CA,,1
13856,0,63.6,57.63,2018-09-28,3 - Après-midi,5 - Vendredi,Livraison,CA,KM,1
13857,0,66.1,60.09,2018-09-28,3 - Après-midi,5 - Vendredi,Sur place,CA,,4
13858,0,96.4,87.61,2018-09-28,4 - Soir,5 - Vendredi,À emporter,CA,UberEats,1
13859,0,356.3,323.94,2018-09-28,4 - Soir,5 - Vendredi,À emporter,CA,,21
13860,0,3.0,2.5,2018-09-28,4 - Soir,5 - Vendredi,Limonade,CA,,1
13861,0,11.8,10.05,2018-09-28,4 - Soir,5 - Vendredi,Limonade,CA,,3
13862,0,990.8,898.77,2018-09-28,4 - Soir,5 - Vendredi,Livraison,CA,Deliveroo,3
13863,0,123.84,111.83,2018-09-28,4 - Soir,5 - Vendredi,Livraison,CA,KM,4
13864,0,537.2,487.91,2018-09-28,4 - Soir,5 - Vendredi,Livraison,CA,UberEats,3
13869,0,225.0,204.37,2018-09-28,4 - Soir,5 - Vendredi,Sur place,CA,,11
13870,212,0.0,0.0,2018-09-29,,6 - Samedi,,CA,,0
13872,0,12.29,11.18,2018-09-29,2 - Midi,6 - Samedi,À emporter,CA,KM,1
13873,0,232.4,211.21,2018-09-29,2 - Midi,6 - Samedi,À emporter,CA,,9
13875,0,8.1,7.36,2018-09-29,2 - Midi,6 - Samedi,Limonade,CA,,1
13876,0,240.0,216.54,2018-09-29,2 - Midi,6 - Samedi,Livraison,CA,Deliveroo,1
13880,0,98.4,89.38,2018-09-29,2 - Midi,6 - Samedi,Sur place,CA,,4
13881,0,541.0,490.71,2018-09-29,2 - Midi,6 - Samedi,Sur place,CA,,20
13883,0,72.5,65.92,2018-09-29,3 - Après-midi,6 - Samedi,À emporter,CA,,5
13885,0,45.3,39.51,2018-09-29,3 - Après-midi,6 - Samedi,Limonade,CA,,6
13887,0,36.48,32.98,2018-09-29,3 - Après-midi,6 - Samedi,Livraison,CA,KM,1
13889,0,163.4,148.2,2018-09-29,3 - Après-midi,6 - Samedi,Sur place,CA,,8
13890,0,27.43,24.93,2018-09-29,4 - Soir,6 - Samedi,À emporter,CA,KM,1
13891,0,168.1,152.81,2018-09-29,4 - Soir,6 - Samedi,À emporter,CA,,10
13893,0,12.0,10.0,2018-09-29,4 - Soir,6 - Samedi,Limonade,CA,,1
13894,0,446.9,403.93,2018-09-29,4 - Soir,6 - Samedi,Livraison,CA,Deliveroo,3
13895,0,208.64,188.29,2018-09-29,4 - Soir,6 - Samedi,Livraison,CA,KM,7
13896,0,73.8,67.07,2018-09-29,4 - Soir,6 - Samedi,Livraison,CA,UberEats,1
13897,0,367.5,332.64,2018-09-29,4 - Soir,6 - Samedi,Livraison,CA,UberEats,2
13902,0,379.2,342.78,2018-09-29,4 - Soir,6 - Samedi,Sur place,CA,,15
13903,167,0.0,0.0,2018-09-30,,7 - Dimanche,,CA,,0
13906,0,35.8,32.35,2018-09-30,2 - Midi,7 - Dimanche,Livraison,CA,KM,1
13907,0,9.9,9.0,2018-09-30,3 - Après-midi,7 - Dimanche,À emporter,CA,,1
13908,0,27.5,24.09,2018-09-30,3 - Après-midi,7 - Dimanche,Limonade,CA,,4
13909,0,196.6,177.76,2018-09-30,3 - Après-midi,7 - Dimanche,Livraison,CA,KM,5
13910,0,28.8,26.18,2018-09-30,3 - Après-midi,7 - Dimanche,Sur place,CA,,2
13911,-5,0.0,0.0,2018-09-30,4 - Soir,7 - Dimanche,,CA,,0
13914,0,130.3,118.47,2018-09-30,4 - Soir,7 - Dimanche,À emporter,CA,,7
13915,0,-15.97,-15.97,2018-09-30,4 - Soir,7 - Dimanche,Limonade,CA,,1
13917,0,1130.4,1024.8,2018-09-30,4 - Soir,7 - Dimanche,Livraison,CA,Deliveroo,4
13918,0,182.45,164.69,2018-09-30,4 - Soir,7 - Dimanche,Livraison,CA,KM,6
13919,0,487.7,443.23,2018-09-30,4 - Soir,7 - Dimanche,Livraison,CA,UberEats,5
13923,0,315.8,285.59,2018-09-30,4 - Soir,7 - Dimanche,Sur place,CA,,13
13925,172,0.0,0.0,2018-10-01,,1 - Lundi,,CA,,0
13929,0,57.6,52.36,2018-10-01,2 - Midi,1 - Lundi,À emporter,CA,,4
13930,0,150.5,136.83,2018-10-01,2 - Midi,1 - Lundi,À emporter,CA,,10
13931,0,3.2,2.91,2018-10-01,2 - Midi,1 - Lundi,Limonade,CA,,1
13932,0,4.6,4.18,2018-10-01,2 - Midi,1 - Lundi,Limonade,CA,,2
13933,0,62.0,56.34,2018-10-01,2 - Midi,1 - Lundi,Livraison,CA,Deliveroo,1
13934,0,150.0,136.32,2018-10-01,2 - Midi,1 - Lundi,Livraison,CA,UberEats,1
13935,0,124.2,112.83,2018-10-01,2 - Midi,1 - Lundi,Sur place,CA,,8
13936,0,478.2,434.69,2018-10-01,2 - Midi,1 - Lundi,Sur place,CA,,31
13937,0,3.2,2.91,2018-10-01,3 - Après-midi,1 - Lundi,Limonade,CA,,1
13938,0,113.8,103.24,2018-10-01,3 - Après-midi,1 - Lundi,Livraison,CA,Deliveroo,2
13939,0,106.2,96.52,2018-10-01,3 - Après-midi,1 - Lundi,Livraison,CA,UberEats,2
13940,0,28.8,26.18,2018-10-01,3 - Après-midi,1 - Lundi,Sur place,CA,,1
13941,-5,0.0,0.0,2018-10-01,4 - Soir,1 - Lundi,,CA,,0
13944,0,185.1,168.24,2018-10-01,4 - Soir,1 - Lundi,À emporter,CA,,7
13945,0,15.9,13.77,2018-10-01,4 - Soir,1 - Lundi,Limonade,CA,,3
13947,0,505.2,457.63,2018-10-01,4 - Soir,1 - Lundi,Livraison,CA,Deliveroo,3
13948,0,96.3,87.16,2018-10-01,4 - Soir,1 - Lundi,Livraison,CA,KM,2
13949,0,226.5,205.84,2018-10-01,4 - Soir,1 - Lundi,Livraison,CA,UberEats,3
13952,0,190.4,172.74,2018-10-01,4 - Soir,1 - Lundi,Sur place,CA,,11
13954,167,0.0,0.0,2018-10-02,,2 - Mardi,,CA,,0
13957,0,165.6,150.15,2018-10-02,2 - Midi,2 - Mardi,À emporter,CA,,9
13958,0,13.0,11.14,2018-10-02,2 - Midi,2 - Mardi,Limonade,CA,,1
13959,0,157.5,143.02,2018-10-02,2 - Midi,2 - Mardi,Sur place,CA,,8
13960,0,701.9,636.7,2018-10-02,2 - Midi,2 - Mardi,Sur place,CA,,39
13961,0,13.4,12.18,2018-10-02,3 - Après-midi,2 - Mardi,À emporter,CA,,1
13962,0,9.1,8.26,2018-10-02,3 - Après-midi,2 - Mardi,Limonade,CA,,1
13963,0,134.3,121.5,2018-10-02,3 - Après-midi,2 - Mardi,Livraison,CA,KM,3
13964,0,47.7,43.35,2018-10-02,3 - Après-midi,2 - Mardi,Sur place,CA,,1
13965,-7,0.0,0.0,2018-10-02,4 - Soir,2 - Mardi,,CA,,0
13968,0,60.3,54.82,2018-10-02,4 - Soir,2 - Mardi,À emporter,CA,,2
13969,0,14.8,13.45,2018-10-02,4 - Soir,2 - Mardi,Limonade,CA,,1
13970,0,465.7,421.92,2018-10-02,4 - Soir,2 - Mardi,Livraison,CA,Deliveroo,2
13971,0,181.41,163.94,2018-10-02,4 - Soir,2 - Mardi,Livraison,CA,KM,5
13972,0,235.6,214.12,2018-10-02,4 - Soir,2 - Mardi,Livraison,CA,UberEats,2
13976,0,31.8,28.9,2018-10-02,4 - Soir,2 - Mardi,Sur place,CA,,1
13977,0,191.3,173.58,2018-10-02,4 - Soir,2 - Mardi,Sur place,CA,,10
13979,157,0.0,0.0,2018-10-03,,3 - Mercredi,,CA,,0
13982,0,106.8,97.11,2018-10-03,2 - Midi,3 - Mercredi,À emporter,CA,,8
13983,0,8.0,7.27,2018-10-03,2 - Midi,3 - Mercredi,Limonade,CA,,2
13984,0,32.57,29.41,2018-10-03,2 - Midi,3 - Mercredi,Livraison,CA,KM,1
13987,0,507.9,460.07,2018-10-03,2 - Midi,3 - Mercredi,Sur place,CA,,30
13990,-2,0.0,0.0,2018-10-03,3 - Après-midi,3 - Mercredi,,CA,,0
13993,0,22.4,20.36,2018-10-03,3 - Après-midi,3 - Mercredi,À emporter,CA,KM,1
13995,0,6.6,5.99,2018-10-03,3 - Après-midi,3 - Mercredi,Limonade,CA,,3
13996,0,54.8,49.42,2018-10-03,3 - Après-midi,3 - Mercredi,Livraison,CA,KM,2
13997,0,180.6,164.12,2018-10-03,3 - Après-midi,3 - Mercredi,Livraison,CA,UberEats,1
13998,0,11.0,10.0,2018-10-03,3 - Après-midi,3 - Mercredi,Sur place,CA,,1
14000,-7,0.0,0.0,2018-10-03,4 - Soir,3 - Mercredi,,CA,,0
14003,0,14.0,12.72,2018-10-03,4 - Soir,3 - Mercredi,À emporter,CA,,1
14004,0,49.8,45.05,2018-10-03,4 - Soir,3 - Mercredi,À emporter,CA,,4
14005,0,11.0,9.54,2018-10-03,4 - Soir,3 - Mercredi,Limonade,CA,,1
14006,0,577.1,522.05,2018-10-03,4 - Soir,3 - Mercredi,Livraison,CA,Deliveroo,2
14007,0,417.5,379.48,2018-10-03,4 - Soir,3 - Mercredi,Livraison,CA,UberEats,1
14010,0,196.3,178.28,2018-10-03,4 - Soir,3 - Mercredi,Sur place,CA,,11
14012,199,0.0,0.0,2018-10-04,,4 - Jeudi,,CA,,0
14015,0,25.8,23.46,2018-10-04,2 - Midi,4 - Jeudi,À emporter,CA,,2
14016,0,308.4,280.41,2018-10-04,2 - Midi,4 - Jeudi,À emporter,CA,,17
14018,0,7.2,6.54,2018-10-04,2 - Midi,4 - Jeudi,Limonade,CA,,3
14019,0,34.0,30.71,2018-10-04,2 - Midi,4 - Jeudi,Livraison,CA,KM,1
14021,0,44.7,40.64,2018-10-04,2 - Midi,4 - Jeudi,Sur place,CA,,4
14022,0,767.0,696.86,2018-10-04,2 - Midi,4 - Jeudi,Sur place,CA,,45
14023,-5,0.0,0.0,2018-10-04,3 - Après-midi,4 - Jeudi,,CA,,0
14026,0,17.0,15.45,2018-10-04,3 - Après-midi,4 - Jeudi,À emporter,CA,,1
14027,0,6.2,5.64,2018-10-04,3 - Après-midi,4 - Jeudi,Limonade,CA,,2
14028,0,10.8,9.36,2018-10-04,3 - Après-midi,4 - Jeudi,Limonade,CA,,3
14029,0,144.2,131.05,2018-10-04,3 - Après-midi,4 - Jeudi,Livraison,CA,Deliveroo,1
14030,0,34.3,30.99,2018-10-04,3 - Après-midi,4 - Jeudi,Livraison,CA,KM,1
14031,0,251.9,228.72,2018-10-04,3 - Après-midi,4 - Jeudi,Livraison,CA,UberEats,1
14032,0,24.9,22.63,2018-10-04,3 - Après-midi,4 - Jeudi,Sur place,CA,,1
14034,0,35.71,32.46,2018-10-04,4 - Soir,4 - Jeudi,À emporter,CA,KM,1
14035,0,86.6,78.54,2018-10-04,4 - Soir,4 - Jeudi,À emporter,CA,,6
14037,0,213.0,192.68,2018-10-04,4 - Soir,4 - Jeudi,Livraison,CA,Deliveroo,2
14038,0,75.68,68.41,2018-10-04,4 - Soir,4 - Jeudi,Livraison,CA,KM,2
14039,0,576.1,523.59,2018-10-04,4 - Soir,4 - Jeudi,Livraison,CA,UberEats,3
14043,0,235.1,212.05,2018-10-04,4 - Soir,4 - Jeudi,Sur place,CA,,10
14044,258,0.0,0.0,2018-10-05,,5 - Vendredi,,CA,,0
14047,0,232.0,210.92,2018-10-05,2 - Midi,5 - Vendredi,À emporter,CA,,16
14048,0,5.6,5.09,2018-10-05,2 - Midi,5 - Vendredi,Limonade,CA,,2
14049,0,27.06,24.41,2018-10-05,2 - Midi,5 - Vendredi,Livraison,CA,KM,1
14050,0,93.7,85.16,2018-10-05,2 - Midi,5 - Vendredi,Livraison,CA,UberEats,1
14052,0,944.3,857.9,2018-10-05,2 - Midi,5 - Vendredi,Sur place,CA,,65
14053,0,25.1,22.82,2018-10-05,3 - Après-midi,5 - Vendredi,À emporter,CA,,2
14054,0,11.5,9.77,2018-10-05,3 - Après-midi,5 - Vendredi,Limonade,CA,,2
14055,0,128.8,117.06,2018-10-05,3 - Après-midi,5 - Vendredi,Livraison,CA,Deliveroo,1
14056,0,132.9,120.05,2018-10-05,3 - Après-midi,5 - Vendredi,Livraison,CA,KM,4
14058,0,61.2,55.25,2018-10-05,3 - Après-midi,5 - Vendredi,Sur place,CA,,3
14059,-8,0.0,0.0,2018-10-05,4 - Soir,5 - Vendredi,,CA,,0
14062,0,213.1,193.38,2018-10-05,4 - Soir,5 - Vendredi,À emporter,CA,,8
14063,0,11.6,10.09,2018-10-05,4 - Soir,5 - Vendredi,Limonade,CA,,2
14064,0,567.1,514.23,2018-10-05,4 - Soir,5 - Vendredi,Livraison,CA,Deliveroo,2
14065,0,136.53,123.53,2018-10-05,4 - Soir,5 - Vendredi,Livraison,CA,KM,3
14066,0,588.3,534.37,2018-10-05,4 - Soir,5 - Vendredi,Livraison,CA,UberEats,3
14070,0,496.5,450.57,2018-10-05,4 - Soir,5 - Vendredi,Sur place,CA,,19
14072,256,0.0,0.0,2018-10-06,,6 - Samedi,,CA,,0
14075,0,233.6,212.2,2018-10-06,2 - Midi,6 - Samedi,À emporter,CA,,14
14076,0,339.4,308.3,2018-10-06,2 - Midi,6 - Samedi,À emporter,CA,,24
14078,0,9.2,8.36,2018-10-06,2 - Midi,6 - Samedi,Limonade,CA,,4
14080,0,322.8,293.17,2018-10-06,2 - Midi,6 - Samedi,Sur place,CA,,16
14081,0,368.3,334.02,2018-10-06,2 - Midi,6 - Samedi,Sur place,CA,,17
14082,-7,0.0,0.0,2018-10-06,3 - Après-midi,6 - Samedi,,CA,,0
14085,0,41.7,37.91,2018-10-06,3 - Après-midi,6 - Samedi,À emporter,CA,KM,2
14086,0,39.7,36.02,2018-10-06,3 - Après-midi,6 - Samedi,À emporter,CA,,2
14087,0,15.5,14.08,2018-10-06,3 - Après-midi,6 - Samedi,Limonade,CA,,5
14088,0,63.4,57.63,2018-10-06,3 - Après-midi,6 - Samedi,Livraison,CA,Deliveroo,1
14089,0,140.7,127.87,2018-10-06,3 - Après-midi,6 - Samedi,Livraison,CA,UberEats,1
14090,0,122.1,111.01,2018-10-06,3 - Après-midi,6 - Samedi,Sur place,CA,,5
14092,0,64.7,58.83,2018-10-06,4 - Soir,6 - Samedi,À emporter,CA,KM,3
14093,0,119.2,108.17,2018-10-06,4 - Soir,6 - Samedi,À emporter,CA,,6
14094,0,19.3,17.53,2018-10-06,4 - Soir,6 - Samedi,Limonade,CA,,4
14095,0,567.9,515.48,2018-10-06,4 - Soir,6 - Samedi,Livraison,CA,Deliveroo,3
14096,0,147.72,133.5,2018-10-06,4 - Soir,6 - Samedi,Livraison,CA,KM,4
14097,0,510.2,463.73,2018-10-06,4 - Soir,6 - Samedi,Livraison,CA,UberEats,2
14101,0,420.4,381.99,2018-10-06,4 - Soir,6 - Samedi,Sur place,CA,,21
14102,144,0.0,0.0,2018-10-07,,7 - Dimanche,,CA,,0
14105,0,15.9,14.45,2018-10-07,3 - Après-midi,7 - Dimanche,À emporter,CA,KM,1
14106,0,70.7,63.55,2018-10-07,3 - Après-midi,7 - Dimanche,À emporter,CA,,3
14109,0,21.7,19.48,2018-10-07,3 - Après-midi,7 - Dimanche,Limonade,CA,,5
14110,0,54.6,49.44,2018-10-07,3 - Après-midi,7 - Dimanche,Livraison,CA,KM,1
14111,0,93.9,85.34,2018-10-07,3 - Après-midi,7 - Dimanche,Livraison,CA,UberEats,1
14112,0,53.7,48.59,2018-10-07,3 - Après-midi,7 - Dimanche,Sur place,CA,,4
14113,-5,0.0,0.0,2018-10-07,4 - Soir,7 - Dimanche,,CA,,0
14116,0,163.5,148.55,2018-10-07,4 - Soir,7 - Dimanche,À emporter,CA,,7
14118,0,13.0,11.82,2018-10-07,4 - Soir,7 - Dimanche,Limonade,CA,,2
14119,0,398.2,361.55,2018-10-07,4 - Soir,7 - Dimanche,Livraison,CA,Deliveroo,1
14120,0,203.4,183.78,2018-10-07,4 - Soir,7 - Dimanche,Livraison,CA,KM,6
14121,0,795.8,723.27,2018-10-07,4 - Soir,7 - Dimanche,Livraison,CA,UberEats,2
14124,0,286.9,259.99,2018-10-07,4 - Soir,7 - Dimanche,Sur place,CA,,14
14126,166,0.0,0.0,2018-10-08,,1 - Lundi,,CA,,0
14129,0,243.9,221.74,2018-10-08,2 - Midi,1 - Lundi,À emporter,CA,,18
14131,0,4.8,4.36,2018-10-08,2 - Midi,1 - Lundi,Limonade,CA,,2
14132,0,89.9,81.71,2018-10-08,2 - Midi,1 - Lundi,Livraison,CA,Deliveroo,1
14133,0,73.4,66.71,2018-10-08,2 - Midi,1 - Lundi,Livraison,CA,UberEats,1
14134,0,701.6,637.24,2018-10-08,2 - Midi,1 - Lundi,Sur place,CA,,44
14135,0,33.8,30.72,2018-10-08,3 - Après-midi,1 - Lundi,À emporter,CA,,1
14136,0,24.3,21.17,2018-10-08,3 - Après-midi,1 - Lundi,Limonade,CA,,4
14137,0,125.3,113.89,2018-10-08,3 - Après-midi,1 - Lundi,Livraison,CA,UberEats,1
14138,0,12.9,11.73,2018-10-08,3 - Après-midi,1 - Lundi,Sur place,CA,,1
14139,-8,0.0,0.0,2018-10-08,4 - Soir,1 - Lundi,,CA,,0
14142,0,100.2,91.1,2018-10-08,4 - Soir,1 - Lundi,À emporter,CA,KM,1
14143,0,108.2,98.29,2018-10-08,4 - Soir,1 - Lundi,À emporter,CA,,7
14146,0,3.0,2.5,2018-10-08,4 - Soir,1 - Lundi,Limonade,CA,,1
14147,0,375.4,340.14,2018-10-08,4 - Soir,1 - Lundi,Livraison,CA,Deliveroo,4
14148,0,131.94,119.16,2018-10-08,4 - Soir,1 - Lundi,Livraison,CA,KM,4
14149,0,257.9,234.39,2018-10-08,4 - Soir,1 - Lundi,Livraison,CA,UberEats,2
14154,0,72.0,64.89,2018-10-08,4 - Soir,1 - Lundi,Sur place,CA,,2
14155,156,0.0,0.0,2018-10-09,,2 - Mardi,,CA,,0
14158,0,245.0,222.66,2018-10-09,2 - Midi,2 - Mardi,À emporter,CA,,18
14159,0,1.6,1.45,2018-10-09,2 - Midi,2 - Mardi,Limonade,CA,,1
14160,0,4.6,4.18,2018-10-09,2 - Midi,2 - Mardi,Limonade,CA,,2
14161,0,14.5,13.18,2018-10-09,2 - Midi,2 - Mardi,Livraison,CA,Deliveroo,1
14162,0,63.9,58.07,2018-10-09,2 - Midi,2 - Mardi,Livraison,CA,UberEats,1
14163,0,26.8,24.29,2018-10-09,2 - Midi,2 - Mardi,Sur place,CA,,1
14164,0,614.91,559.09,2018-10-09,2 - Midi,2 - Mardi,Sur place,CA,,33
14166,0,38.7,35.18,2018-10-09,3 - Après-midi,2 - Mardi,À emporter,CA,,1
14167,0,-39.01,-39.16,2018-10-09,3 - Après-midi,2 - Mardi,Limonade,CA,,3
14169,-4,0.0,0.0,2018-10-09,4 - Soir,2 - Mardi,,CA,,0
14172,0,129.0,117.27,2018-10-09,4 - Soir,2 - Mardi,À emporter,CA,,10
14174,0,314.6,285.06,2018-10-09,4 - Soir,2 - Mardi,Livraison,CA,Deliveroo,1
14175,0,146.62,132.5,2018-10-09,4 - Soir,2 - Mardi,Livraison,CA,KM,4
14176,0,159.3,144.78,2018-10-09,4 - Soir,2 - Mardi,Livraison,CA,UberEats,1
14180,0,363.9,330.64,2018-10-09,4 - Soir,2 - Mardi,Sur place,CA,,20
14181,175,0.0,0.0,2018-10-10,,3 - Mercredi,,CA,,0
14184,0,178.8,162.55,2018-10-10,2 - Midi,3 - Mercredi,À emporter,CA,,13
14185,0,11.2,10.18,2018-10-10,2 - Midi,3 - Mercredi,Limonade,CA,,1
14186,0,78.3,71.15,2018-10-10,2 - Midi,3 - Mercredi,Livraison,CA,Deliveroo,1
14187,0,65.1,59.17,2018-10-10,2 - Midi,3 - Mercredi,Livraison,CA,UberEats,1
14188,0,871.01,791.69,2018-10-10,2 - Midi,3 - Mercredi,Sur place,CA,,47
14190,0,15.4,13.81,2018-10-10,3 - Après-midi,3 - Mercredi,À emporter,CA,,1
14191,0,18.0,15.46,2018-10-10,3 - Après-midi,3 - Mercredi,Limonade,CA,,5
14192,0,25.5,22.72,2018-10-10,3 - Après-midi,3 - Mercredi,Sur place,CA,,2
14193,-4,0.0,0.0,2018-10-10,4 - Soir,3 - Mercredi,,CA,,0
14196,0,285.6,259.42,2018-10-10,4 - Soir,3 - Mercredi,À emporter,CA,,12
14197,0,11.3,10.27,2018-10-10,4 - Soir,3 - Mercredi,Limonade,CA,,4
14198,0,350.5,316.31,2018-10-10,4 - Soir,3 - Mercredi,Livraison,CA,Deliveroo,3
14199,0,459.2,417.36,2018-10-10,4 - Soir,3 - Mercredi,Livraison,CA,UberEats,5
14203,0,163.1,147.64,2018-10-10,4 - Soir,3 - Mercredi,Sur place,CA,,7
14205,210,0.0,0.0,2018-10-11,,4 - Jeudi,,CA,,0
14207,0,232.68,211.45,2018-10-11,2 - Midi,4 - Jeudi,À emporter,CA,,15
14209,0,15.8,13.62,2018-10-11,2 - Midi,4 - Jeudi,Limonade,CA,,4
14211,0,897.1,814.92,2018-10-11,2 - Midi,4 - Jeudi,Sur place,CA,,59
14213,0,35.4,32.18,2018-10-11,3 - Après-midi,4 - Jeudi,À emporter,CA,,3
14214,0,18.2,16.54,2018-10-11,3 - Après-midi,4 - Jeudi,Sur place,CA,,1
14215,-9,0.0,0.0,2018-10-11,4 - Soir,4 - Jeudi,,CA,,0
14218,0,15.9,14.45,2018-10-11,4 - Soir,4 - Jeudi,À emporter,CA,KM,1
14219,0,30.8,28.0,2018-10-11,4 - Soir,4 - Jeudi,À emporter,CA,,1
14220,0,135.2,122.74,2018-10-11,4 - Soir,4 - Jeudi,À emporter,CA,,6
14222,0,12.0,10.91,2018-10-11,4 - Soir,4 - Jeudi,Limonade,CA,,1
14223,0,136.7,124.02,2018-10-11,4 - Soir,4 - Jeudi,Livraison,CA,Deliveroo,1
14224,0,286.1,259.7,2018-10-11,4 - Soir,4 - Jeudi,Livraison,CA,Deliveroo,2
14225,0,112.15,101.35,2018-10-11,4 - Soir,4 - Jeudi,Livraison,CA,KM,3
14226,0,243.8,221.14,2018-10-11,4 - Soir,4 - Jeudi,Livraison,CA,UberEats,1
14227,0,349.3,316.1,2018-10-11,4 - Soir,4 - Jeudi,Livraison,CA,UberEats,2
14230,0,158.8,144.36,2018-10-11,4 - Soir,4 - Jeudi,Sur place,CA,,6
14231,0,290.2,263.2,2018-10-11,4 - Soir,4 - Jeudi,Sur place,CA,,13
14234,282,0.0,0.0,2018-10-12,,5 - Vendredi,,CA,,0
14237,0,273.07,248.1,2018-10-12,2 - Midi,5 - Vendredi,À emporter,CA,,20
14239,0,17.4,15.81,2018-10-12,2 - Midi,5 - Vendredi,Limonade,CA,,4
14240,0,84.5,76.8,2018-10-12,2 - Midi,5 - Vendredi,Livraison,CA,Deliveroo,1
14241,0,161.2,146.5,2018-10-12,2 - Midi,5 - Vendredi,Livraison,CA,UberEats,1
14242,0,1154.74,1047.28,2018-10-12,2 - Midi,5 - Vendredi,Sur place,CA,,70
14246,0,31.8,28.9,2018-10-12,3 - Après-midi,5 - Vendredi,À emporter,CA,,1
14247,0,21.4,19.46,2018-10-12,3 - Après-midi,5 - Vendredi,À emporter,CA,,2
14248,0,7.2,6.55,2018-10-12,3 - Après-midi,5 - Vendredi,Limonade,CA,,2
14249,0,39.24,35.47,2018-10-12,3 - Après-midi,5 - Vendredi,Livraison,CA,KM,1
14251,0,51.6,46.92,2018-10-12,3 - Après-midi,5 - Vendredi,Sur place,CA,,2
14252,0,101.9,92.56,2018-10-12,3 - Après-midi,5 - Vendredi,Sur place,CA,,3
14253,-10,0.0,0.0,2018-10-12,4 - Soir,5 - Vendredi,,CA,,0
14256,0,19.76,17.97,2018-10-12,4 - Soir,5 - Vendredi,À emporter,CA,KM,1
14257,0,57.6,52.36,2018-10-12,4 - Soir,5 - Vendredi,À emporter,CA,,2
14258,0,272.06,247.33,2018-10-12,4 - Soir,5 - Vendredi,À emporter,CA,,11
14261,0,8.0,7.28,2018-10-12,4 - Soir,5 - Vendredi,Limonade,CA,,1
14262,0,36.5,34.55,2018-10-12,4 - Soir,5 - Vendredi,Limonade,CA,,6
14264,0,90.9,82.54,2018-10-12,4 - Soir,5 - Vendredi,Livraison,CA,Deliveroo,1
14265,0,450.7,409.39,2018-10-12,4 - Soir,5 - Vendredi,Livraison,CA,Deliveroo,2
14266,0,177.48,160.37,2018-10-12,4 - Soir,5 - Vendredi,Livraison,CA,KM,5
14267,0,132.4,120.34,2018-10-12,4 - Soir,5 - Vendredi,Livraison,CA,UberEats,2
14268,0,509.0,462.61,2018-10-12,4 - Soir,5 - Vendredi,Livraison,CA,UberEats,3
14270,0,63.1,57.37,2018-10-12,4 - Soir,5 - Vendredi,Sur place,CA,,4
14271,0,265.1,239.25,2018-10-12,4 - Soir,5 - Vendredi,Sur place,CA,,9
14273,258,0.0,0.0,2018-10-13,,6 - Samedi,,CA,,0
14275,0,209.6,190.34,2018-10-13,2 - Midi,6 - Samedi,À emporter,CA,,10
14276,0,14.2,12.91,2018-10-13,2 - Midi,6 - Samedi,Limonade,CA,,4
14277,0,797.7,724.45,2018-10-13,2 - Midi,6 - Samedi,Sur place,CA,,30
14278,0,12.5,11.37,2018-10-13,3 - Après-midi,6 - Samedi,À emporter,CA,,1
14279,0,8.2,7.45,2018-10-13,3 - Après-midi,6 - Samedi,Limonade,CA,,3
14280,0,325.1,295.46,2018-10-13,3 - Après-midi,6 - Samedi,Livraison,CA,Deliveroo,1
14281,0,230.6,209.59,2018-10-13,3 - Après-midi,6 - Samedi,Livraison,CA,UberEats,1
14283,0,188.9,171.73,2018-10-13,3 - Après-midi,6 - Samedi,Sur place,CA,,7
14284,-9,0.0,0.0,2018-10-13,4 - Soir,6 - Samedi,,CA,,0
14287,0,242.5,218.92,2018-10-13,4 - Soir,6 - Samedi,À emporter,CA,,13
14288,0,27.5,24.67,2018-10-13,4 - Soir,6 - Samedi,Limonade,CA,,5
14289,0,472.3,428.75,2018-10-13,4 - Soir,6 - Samedi,Livraison,CA,Deliveroo,1
14290,0,484.1,439.79,2018-10-13,4 - Soir,6 - Samedi,Livraison,CA,UberEats,2
14292,0,708.68,642.01,2018-10-13,4 - Soir,6 - Samedi,Sur place,CA,,32
14295,146,0.0,0.0,2018-10-14,,7 - Dimanche,,CA,,0
14297,0,8.13,7.39,2018-10-14,3 - Après-midi,7 - Dimanche,À emporter,CA,,1
14299,0,3.2,2.9,2018-10-14,3 - Après-midi,7 - Dimanche,Limonade,CA,,2
14300,0,50.15,45.4,2018-10-14,3 - Après-midi,7 - Dimanche,Livraison,CA,KM,1
14302,0,25.8,23.46,2018-10-14,3 - Après-midi,7 - Dimanche,Sur place,CA,,1
14303,-6,0.0,0.0,2018-10-14,4 - Soir,7 - Dimanche,,CA,,0
14306,0,63.19,57.46,2018-10-14,4 - Soir,7 - Dimanche,À emporter,CA,KM,2
14307,0,272.9,247.3,2018-10-14,4 - Soir,7 - Dimanche,À emporter,CA,,12
14310,0,25.8,22.72,2018-10-14,4 - Soir,7 - Dimanche,Limonade,CA,,3
14311,0,839.4,762.95,2018-10-14,4 - Soir,7 - Dimanche,Livraison,CA,Deliveroo,3
14312,0,88.75,80.1,2018-10-14,4 - Soir,7 - Dimanche,Livraison,CA,KM,3
14313,0,657.5,597.58,2018-10-14,4 - Soir,7 - Dimanche,Livraison,CA,UberEats,2
14316,0,117.3,106.65,2018-10-14,4 - Soir,7 - Dimanche,Sur place,CA,,6
14318,114,0.0,0.0,2018-10-15,,1 - Lundi,,CA,,0
14321,0,86.0,78.19,2018-10-15,2 - Midi,1 - Lundi,À emporter,CA,,6
14322,0,12.0,10.9,2018-10-15,2 - Midi,1 - Lundi,Limonade,CA,,4
14323,0,14.5,13.18,2018-10-15,2 - Midi,1 - Lundi,Livraison,CA,Deliveroo,1
14324,0,32.2,29.26,2018-10-15,2 - Midi,1 - Lundi,Livraison,CA,UberEats,1
14325,0,643.28,583.45,2018-10-15,2 - Midi,1 - Lundi,Sur place,CA,,39
14329,0,47.05,40.91,2018-10-15,3 - Après-midi,1 - Lundi,Limonade,CA,,7
14331,0,26.5,24.09,2018-10-15,3 - Après-midi,1 - Lundi,Sur place,CA,,2
14332,0,125.7,114.29,2018-10-15,4 - Soir,1 - Lundi,À emporter,CA,,7
14333,0,4.9,4.08,2018-10-15,4 - Soir,1 - Lundi,Limonade,CA,,1
14334,0,272.4,247.25,2018-10-15,4 - Soir,1 - Lundi,Livraison,CA,Deliveroo,1
14335,0,77.92,70.27,2018-10-15,4 - Soir,1 - Lundi,Livraison,CA,KM,3
14336,0,292.7,265.79,2018-10-15,4 - Soir,1 - Lundi,Livraison,CA,UberEats,2
14338,0,123.1,111.92,2018-10-15,4 - Soir,1 - Lundi,Sur place,CA,,5
14339,148,0.0,0.0,2018-10-16,,2 - Mardi,,CA,,0
14342,-2,0.0,0.0,2018-10-16,2 - Midi,2 - Mardi,,CA,,0
14345,0,251.2,228.35,2018-10-16,2 - Midi,2 - Mardi,À emporter,CA,,16
14347,0,710.29,645.03,2018-10-16,2 - Midi,2 - Mardi,Sur place,CA,,49
14352,0,3.0,2.5,2018-10-16,3 - Après-midi,2 - Mardi,Limonade,CA,,1
14353,-7,0.0,0.0,2018-10-16,4 - Soir,2 - Mardi,,CA,,0
14356,0,108.3,98.29,2018-10-16,4 - Soir,2 - Mardi,À emporter,CA,,7
14360,0,8.0,7.04,2018-10-16,4 - Soir,2 - Mardi,Limonade,CA,,2
14361,0,326.0,295.59,2018-10-16,4 - Soir,2 - Mardi,Livraison,CA,UberEats,3
14362,0,374.8,340.57,2018-10-16,4 - Soir,2 - Mardi,Sur place,CA,Deliveroo,1
14363,0,227.7,206.1,2018-10-16,4 - Soir,2 - Mardi,Sur place,CA,,8
14365,251,0.0,0.0,2018-10-17,,3 - Mercredi,,CA,,0
14368,-3,0.0,0.0,2018-10-17,2 - Midi,3 - Mercredi,,CA,,0
14371,0,12.9,11.73,2018-10-17,2 - Midi,3 - Mercredi,À emporter,CA,,1
14372,0,50.7,45.93,2018-10-17,2 - Midi,3 - Mercredi,À emporter,CA,,4
14373,0,113.7,103.38,2018-10-17,2 - Midi,3 - Mercredi,À emporter,CA,,9
14376,0,5.1,4.63,2018-10-17,2 - Midi,3 - Mercredi,Limonade,CA,,2
14377,0,108.3,98.44,2018-10-17,2 - Midi,3 - Mercredi,Livraison,CA,Deliveroo,1
14378,0,87.5,79.53,2018-10-17,2 - Midi,3 - Mercredi,Livraison,CA,UberEats,1
14380,0,22.5,20.37,2018-10-17,2 - Midi,3 - Mercredi,Sur place,CA,,1
14381,0,358.05,324.9,2018-10-17,2 - Midi,3 - Mercredi,Sur place,CA,,21
14382,0,533.7,484.21,2018-10-17,2 - Midi,3 - Mercredi,Sur place,CA,,31
14389,0,3.0,2.5,2018-10-17,3 - Après-midi,3 - Mercredi,Limonade,CA,,1
14391,0,12.9,11.73,2018-10-17,3 - Après-midi,3 - Mercredi,Sur place,CA,,1
14392,0,78.4,71.29,2018-10-17,3 - Après-midi,3 - Mercredi,Sur place,CA,,2
14393,-8,0.0,0.0,2018-10-17,4 - Soir,3 - Mercredi,,CA,,0
14397,0,65.9,59.83,2018-10-17,4 - Soir,3 - Mercredi,À emporter,CA,Deliveroo,1
14398,0,170.7,155.21,2018-10-17,4 - Soir,3 - Mercredi,À emporter,CA,,13
14399,0,861.7,783.18,2018-10-17,4 - Soir,3 - Mercredi,À emporter,CA,,64
14402,0,220.1,200.04,2018-10-17,4 - Soir,3 - Mercredi,Livraison,CA,Deliveroo,1
14403,0,308.7,280.22,2018-10-17,4 - Soir,3 - Mercredi,Livraison,CA,UberEats,2
14404,0,162.8,147.86,2018-10-17,4 - Soir,3 - Mercredi,Sur place,CA,,11
14405,0,221.4,201.28,2018-10-17,4 - Soir,3 - Mercredi,Sur place,CA,,15
14407,231,0.0,0.0,2018-10-18,,4 - Jeudi,,CA,,0
14410,0,4.8,4.36,2018-10-18,1 - Matin,4 - Jeudi,Limonade,CA,,1
14411,0,8.5,7.73,2018-10-18,2 - Midi,4 - Jeudi,À emporter,CA,KM,1
14412,0,35.4,32.18,2018-10-18,2 - Midi,4 - Jeudi,À emporter,CA,,1
14413,0,276.5,250.76,2018-10-18,2 - Midi,4 - Jeudi,À emporter,CA,,18
14416,0,1.6,1.45,2018-10-18,2 - Midi,4 - Jeudi,Limonade,CA,,1
14417,0,8.7,7.91,2018-10-18,2 - Midi,4 - Jeudi,Limonade,CA,,2
14418,0,49.7,45.16,2018-10-18,2 - Midi,4 - Jeudi,Livraison,CA,Deliveroo,1
14419,0,757.61,687.02,2018-10-18,2 - Midi,4 - Jeudi,Sur place,CA,,41
14422,-1,0.0,0.0,2018-10-18,3 - Après-midi,4 - Jeudi,,CA,,0
14425,0,11.7,10.18,2018-10-18,3 - Après-midi,4 - Jeudi,Limonade,CA,,2
14426,0,90.29,81.69,2018-10-18,3 - Après-midi,4 - Jeudi,Livraison,CA,KM,2
14428,0,37.1,33.11,2018-10-18,3 - Après-midi,4 - Jeudi,Sur place,CA,,3
14432,-7,0.0,0.0,2018-10-18,4 - Soir,4 - Jeudi,,CA,,0
14435,0,788.8,717.15,2018-10-18,4 - Soir,4 - Jeudi,À emporter,CA,,58
14437,0,344.6,313.18,2018-10-18,4 - Soir,4 - Jeudi,Livraison,CA,Deliveroo,3
14438,0,62.21,56.17,2018-10-18,4 - Soir,4 - Jeudi,Livraison,CA,KM,2
14439,0,404.2,367.34,2018-10-18,4 - Soir,4 - Jeudi,Livraison,CA,UberEats,5
14441,0,263.5,239.17,2018-10-18,4 - Soir,4 - Jeudi,Sur place,CA,,15
14443,269,0.0,0.0,2018-10-19,,5 - Vendredi,,CA,,0
14446,-3,0.0,0.0,2018-10-19,2 - Midi,5 - Vendredi,,CA,,0
14449,0,479.18,433.64,2018-10-19,2 - Midi,5 - Vendredi,À emporter,CA,,36
14453,0,1.6,1.45,2018-10-19,2 - Midi,5 - Vendredi,Limonade,CA,,1
14454,0,141.3,128.46,2018-10-19,2 - Midi,5 - Vendredi,Livraison,CA,Deliveroo,1
14455,0,84.0,76.36,2018-10-19,2 - Midi,5 - Vendredi,Livraison,CA,UberEats,1
14456,0,798.31,722.0,2018-10-19,2 - Midi,5 - Vendredi,Sur place,CA,,52
14460,0,24.6,21.74,2018-10-19,3 - Après-midi,5 - Vendredi,Limonade,CA,,4
14462,0,15.9,14.45,2018-10-19,3 - Après-midi,5 - Vendredi,Livraison,CA,UberEats,1
14463,0,87.7,79.71,2018-10-19,3 - Après-midi,5 - Vendredi,Sur place,CA,,6
14464,0,187.5,170.18,2018-10-19,4 - Soir,5 - Vendredi,À emporter,CA,,8
14465,0,11.3,9.82,2018-10-19,4 - Soir,5 - Vendredi,Limonade,CA,,2
14466,0,499.8,453.49,2018-10-19,4 - Soir,5 - Vendredi,Livraison,CA,Deliveroo,3
14467,0,89.46,80.94,2018-10-19,4 - Soir,5 - Vendredi,Livraison,CA,KM,2
14468,0,657.2,597.28,2018-10-19,4 - Soir,5 - Vendredi,Livraison,CA,UberEats,3
14473,0,756.61,677.37,2018-10-19,4 - Soir,5 - Vendredi,Sur place,CA,,36
14476,249,0.0,0.0,2018-10-20,,6 - Samedi,,CA,,0
14479,0,99.0,89.83,2018-10-20,2 - Midi,6 - Samedi,À emporter,CA,,6
14482,0,5.0,4.55,2018-10-20,2 - Midi,6 - Samedi,Limonade,CA,,1
14484,0,1118.7,1015.61,2018-10-20,2 - Midi,6 - Samedi,Sur place,CA,,52
14487,0,23.9,21.55,2018-10-20,3 - Après-midi,6 - Samedi,Sur place,CA,,1
14490,-5,0.0,0.0,2018-10-20,4 - Soir,6 - Samedi,,CA,,0
14493,0,294.0,267.28,2018-10-20,4 - Soir,6 - Samedi,À emporter,CA,,14
14495,0,18.7,17.0,2018-10-20,4 - Soir,6 - Samedi,Limonade,CA,,4
14496,0,687.5,623.04,2018-10-20,4 - Soir,6 - Samedi,Livraison,CA,Deliveroo,3
14497,0,155.14,140.45,2018-10-20,4 - Soir,6 - Samedi,Livraison,CA,KM,3
14498,0,919.0,835.23,2018-10-20,4 - Soir,6 - Samedi,Livraison,CA,UberEats,4
14501,0,271.3,246.25,2018-10-20,4 - Soir,6 - Samedi,Sur place,CA,,12
14505,135,0.0,0.0,2018-10-21,,7 - Dimanche,,CA,,0
14508,0,9.5,8.64,2018-10-21,3 - Après-midi,7 - Dimanche,Limonade,CA,,1
14510,-5,0.0,0.0,2018-10-21,4 - Soir,7 - Dimanche,,CA,,0
14513,0,14.51,13.19,2018-10-21,4 - Soir,7 - Dimanche,À emporter,CA,KM,1
14514,0,367.7,332.83,2018-10-21,4 - Soir,7 - Dimanche,À emporter,CA,,15
14518,0,20.5,18.26,2018-10-21,4 - Soir,7 - Dimanche,Limonade,CA,,2
14519,0,422.1,383.66,2018-10-21,4 - Soir,7 - Dimanche,Livraison,CA,Deliveroo,2
14520,0,125.87,113.65,2018-10-21,4 - Soir,7 - Dimanche,Livraison,CA,KM,4
14521,0,565.1,513.61,2018-10-21,4 - Soir,7 - Dimanche,Livraison,CA,UberEats,2
14524,0,403.8,365.81,2018-10-21,4 - Soir,7 - Dimanche,Sur place,CA,,15
14528,142,0.0,0.0,2018-10-22,,1 - Lundi,,CA,,0
14531,0,1.6,1.45,2018-10-22,1 - Matin,1 - Lundi,Limonade,CA,,1
14532,-10,0.0,0.0,2018-10-22,2 - Midi,1 - Lundi,,CA,,0
14535,0,233.5,212.26,2018-10-22,2 - Midi,1 - Lundi,À emporter,CA,,12
14536,0,26.0,23.63,2018-10-22,2 - Midi,1 - Lundi,Limonade,CA,,5
14537,0,17.5,15.9,2018-10-22,2 - Midi,1 - Lundi,Livraison,CA,Deliveroo,1
14538,0,85.5,77.69,2018-10-22,2 - Midi,1 - Lundi,Livraison,CA,UberEats,1
14540,0,626.8,569.73,2018-10-22,2 - Midi,1 - Lundi,Sur place,CA,,30
14542,0,12.9,11.73,2018-10-22,3 - Après-midi,1 - Lundi,À emporter,CA,,1
14543,0,17.4,14.62,2018-10-22,3 - Après-midi,1 - Lundi,Limonade,CA,,3
14544,0,54.6,49.14,2018-10-22,3 - Après-midi,1 - Lundi,Sur place,CA,,2
14547,-10,0.0,0.0,2018-10-22,4 - Soir,1 - Lundi,,CA,,0
14550,0,27.88,25.34,2018-10-22,4 - Soir,1 - Lundi,À emporter,CA,KM,1
14551,0,130.1,118.29,2018-10-22,4 - Soir,1 - Lundi,À emporter,CA,,6
14553,0,26.6,23.57,2018-10-22,4 - Soir,1 - Lundi,Limonade,CA,,6
14555,0,296.6,269.58,2018-10-22,4 - Soir,1 - Lundi,Livraison,CA,Deliveroo,2
14556,0,31.5,28.44,2018-10-22,4 - Soir,1 - Lundi,Livraison,CA,KM,1
14557,0,225.3,203.21,2018-10-22,4 - Soir,1 - Lundi,Sur place,CA,,14
14559,174,0.0,0.0,2018-10-23,,2 - Mardi,,CA,,0
14561,-2,0.0,0.0,2018-10-23,2 - Midi,2 - Mardi,,CA,,0
14564,0,54.6,49.64,2018-10-23,2 - Midi,2 - Mardi,À emporter,CA,,4
14565,0,202.9,184.47,2018-10-23,2 - Midi,2 - Mardi,À emporter,CA,,11
14566,0,1.6,1.45,2018-10-23,2 - Midi,2 - Mardi,Limonade,CA,,1
14567,0,18.4,16.28,2018-10-23,2 - Midi,2 - Mardi,Limonade,CA,,2
14568,0,112.6,102.33,2018-10-23,2 - Midi,2 - Mardi,Livraison,CA,Deliveroo,1
14569,0,76.5,69.53,2018-10-23,2 - Midi,2 - Mardi,Livraison,CA,UberEats,1
14570,0,202.2,183.67,2018-10-23,2 - Midi,2 - Mardi,Sur place,CA,,10
14571,0,603.9,548.29,2018-10-23,2 - Midi,2 - Mardi,Sur place,CA,,26
14573,0,63.5,57.72,2018-10-23,3 - Après-midi,2 - Mardi,À emporter,CA,,1
14574,0,15.6,13.79,2018-10-23,3 - Après-midi,2 - Mardi,Limonade,CA,,4
14576,0,247.4,224.86,2018-10-23,4 - Soir,2 - Mardi,À emporter,CA,UberEats,1
14577,0,90.29,81.64,2018-10-23,4 - Soir,2 - Mardi,À emporter,CA,,5
14580,0,17.5,15.69,2018-10-23,4 - Soir,2 - Mardi,Limonade,CA,,2
14581,0,389.0,353.48,2018-10-23,4 - Soir,2 - Mardi,Livraison,CA,Deliveroo,2
14582,0,187.01,169.02,2018-10-23,4 - Soir,2 - Mardi,Livraison,CA,KM,5
14583,0,51.8,47.08,2018-10-23,4 - Soir,2 - Mardi,Livraison,CA,UberEats,1
14586,0,203.5,184.02,2018-10-23,4 - Soir,2 - Mardi,Sur place,CA,,8
14587,221,0.0,0.0,2018-10-24,,3 - Mercredi,,CA,,0
14590,0,298.94,271.26,2018-10-24,2 - Midi,3 - Mercredi,À emporter,CA,,20
14594,0,13.5,12.26,2018-10-24,2 - Midi,3 - Mercredi,Limonade,CA,,5
14595,0,44.9,40.81,2018-10-24,2 - Midi,3 - Mercredi,Livraison,CA,Deliveroo,1
14596,0,120.4,109.44,2018-10-24,2 - Midi,3 - Mercredi,Livraison,CA,UberEats,1
14598,0,798.81,725.59,2018-10-24,2 - Midi,3 - Mercredi,Sur place,CA,,44
14600,0,21.4,19.46,2018-10-24,3 - Après-midi,3 - Mercredi,À emporter,CA,,2
14601,0,6.5,5.53,2018-10-24,3 - Après-midi,3 - Mercredi,Limonade,CA,,2
14602,0,12.9,11.73,2018-10-24,3 - Après-midi,3 - Mercredi,Sur place,CA,,1
14603,-18,0.0,0.0,2018-10-24,4 - Soir,3 - Mercredi,,CA,,0
14607,0,176.05,160.07,2018-10-24,4 - Soir,3 - Mercredi,À emporter,CA,,12
14610,0,5.6,5.09,2018-10-24,4 - Soir,3 - Mercredi,Limonade,CA,,1
14611,0,567.9,515.8,2018-10-24,4 - Soir,3 - Mercredi,Livraison,CA,Deliveroo,2
14612,0,496.7,451.35,2018-10-24,4 - Soir,3 - Mercredi,Livraison,CA,UberEats,3
14613,0,508.46,461.45,2018-10-24,4 - Soir,3 - Mercredi,Sur place,CA,,21
14615,210,0.0,0.0,2018-10-25,,4 - Jeudi,,CA,,0
14617,0,329.13,299.22,2018-10-25,2 - Midi,4 - Jeudi,À emporter,CA,,21
14619,0,-58.39,-58.75,2018-10-25,2 - Midi,4 - Jeudi,Limonade,CA,,2
14621,0,14.5,13.18,2018-10-25,2 - Midi,4 - Jeudi,Livraison,CA,Deliveroo,1
14622,0,56.2,51.09,2018-10-25,2 - Midi,4 - Jeudi,Livraison,CA,UberEats,1
14623,0,913.66,830.65,2018-10-25,2 - Midi,4 - Jeudi,Sur place,CA,,48
14625,0,76.5,69.29,2018-10-25,3 - Après-midi,4 - Jeudi,À emporter,CA,,5
14626,0,8.1,7.37,2018-10-25,3 - Après-midi,4 - Jeudi,Limonade,CA,,3
14627,0,51.6,46.92,2018-10-25,3 - Après-midi,4 - Jeudi,Sur place,CA,,2
14628,-8,0.0,0.0,2018-10-25,4 - Soir,4 - Jeudi,,CA,,0
14631,0,162.3,147.52,2018-10-25,4 - Soir,4 - Jeudi,À emporter,CA,,8
14633,0,8.89,8.07,2018-10-25,4 - Soir,4 - Jeudi,Limonade,CA,,3
14635,0,523.9,475.96,2018-10-25,4 - Soir,4 - Jeudi,Livraison,CA,Deliveroo,3
14636,0,96.89,87.49,2018-10-25,4 - Soir,4 - Jeudi,Livraison,CA,KM,3
14637,0,349.7,317.84,2018-10-25,4 - Soir,4 - Jeudi,Livraison,CA,UberEats,4
14640,0,273.42,248.22,2018-10-25,4 - Soir,4 - Jeudi,Sur place,CA,,11
14642,253,0.0,0.0,2018-10-26,,5 - Vendredi,,CA,,0
14644,0,353.81,321.67,2018-10-26,2 - Midi,5 - Vendredi,À emporter,CA,,19
14647,0,21.7,19.72,2018-10-26,2 - Midi,5 - Vendredi,Limonade,CA,,6
14648,0,1053.4,956.54,2018-10-26,2 - Midi,5 - Vendredi,Sur place,CA,,57
14649,0,69.0,62.47,2018-10-26,3 - Après-midi,5 - Vendredi,À emporter,CA,,4
14650,0,34.67,31.32,2018-10-26,3 - Après-midi,5 - Vendredi,Livraison,CA,KM,1
14652,0,8.5,7.73,2018-10-26,3 - Après-midi,5 - Vendredi,Sur place,CA,,1
14653,0,64.5,58.64,2018-10-26,3 - Après-midi,5 - Vendredi,Sur place,CA,,3
14655,0,28.8,26.18,2018-10-26,4 - Soir,5 - Vendredi,À emporter,CA,KM,1
14656,0,199.84,181.67,2018-10-26,4 - Soir,5 - Vendredi,À emporter,CA,,8
14658,0,8.0,7.28,2018-10-26,4 - Soir,5 - Vendredi,Limonade,CA,,2
14659,0,630.7,573.04,2018-10-26,4 - Soir,5 - Vendredi,Livraison,CA,Deliveroo,2
14660,0,181.83,164.13,2018-10-26,4 - Soir,5 - Vendredi,Livraison,CA,KM,6
14661,0,602.8,547.55,2018-10-26,4 - Soir,5 - Vendredi,Livraison,CA,UberEats,3
14663,0,30.88,27.91,2018-10-26,4 - Soir,5 - Vendredi,Sur place,CA,,1
14664,0,251.5,228.43,2018-10-26,4 - Soir,5 - Vendredi,Sur place,CA,,12
14666,197,0.0,0.0,2018-10-27,,6 - Samedi,,CA,,0
14669,0,28.8,26.18,2018-10-27,2 - Midi,6 - Samedi,À emporter,CA,,2
14670,0,127.3,115.73,2018-10-27,2 - Midi,6 - Samedi,À emporter,CA,,8
14671,0,14.4,13.09,2018-10-27,2 - Midi,6 - Samedi,Limonade,CA,,1
14672,0,7.2,6.55,2018-10-27,2 - Midi,6 - Samedi,Limonade,CA,,2
14673,0,240.8,218.81,2018-10-27,2 - Midi,6 - Samedi,Sur place,CA,,10
14674,0,465.2,422.71,2018-10-27,2 - Midi,6 - Samedi,Sur place,CA,,19
14677,0,42.8,38.69,2018-10-27,3 - Après-midi,6 - Samedi,À emporter,CA,,3
14678,0,4.8,4.36,2018-10-27,3 - Après-midi,6 - Samedi,Limonade,CA,,2
14679,0,129.2,117.34,2018-10-27,3 - Après-midi,6 - Samedi,Livraison,CA,Deliveroo,1
14680,0,221.7,201.5,2018-10-27,3 - Après-midi,6 - Samedi,Livraison,CA,UberEats,1
14681,0,108.2,98.19,2018-10-27,3 - Après-midi,6 - Samedi,Sur place,CA,,6
14682,-6,0.0,0.0,2018-10-27,4 - Soir,6 - Samedi,,CA,,0
14685,0,15.9,14.45,2018-10-27,4 - Soir,6 - Samedi,À emporter,CA,KM,1
14686,0,190.2,172.73,2018-10-27,4 - Soir,6 - Samedi,À emporter,CA,,12
14687,0,-35.04,-35.27,2018-10-27,4 - Soir,6 - Samedi,Limonade,CA,,3
14689,0,570.6,517.46,2018-10-27,4 - Soir,6 - Samedi,Livraison,CA,Deliveroo,2
14690,0,62.6,56.53,2018-10-27,4 - Soir,6 - Samedi,Livraison,CA,KM,2
14691,0,293.1,266.39,2018-10-27,4 - Soir,6 - Samedi,Livraison,CA,UberEats,2
14693,0,276.8,250.68,2018-10-27,4 - Soir,6 - Samedi,Sur place,CA,,12
14695,162,0.0,0.0,2018-10-28,,7 - Dimanche,,CA,,0
14697,0,99.6,90.55,2018-10-28,2 - Midi,7 - Dimanche,À emporter,CA,,5
14698,0,8.3,7.54,2018-10-28,2 - Midi,7 - Dimanche,Limonade,CA,,2
14699,0,184.8,167.85,2018-10-28,2 - Midi,7 - Dimanche,Sur place,CA,,7
14700,0,9.2,8.36,2018-10-28,3 - Après-midi,7 - Dimanche,Limonade,CA,,3
14701,0,99.4,90.34,2018-10-28,3 - Après-midi,7 - Dimanche,Livraison,CA,Deliveroo,1
14702,0,503.7,457.81,2018-10-28,3 - Après-midi,7 - Dimanche,Livraison,CA,UberEats,2
14703,0,78.36,71.23,2018-10-28,3 - Après-midi,7 - Dimanche,Sur place,CA,,6
14705,-6,0.0,0.0,2018-10-28,4 - Soir,7 - Dimanche,,CA,,0
14708,0,31.8,28.9,2018-10-28,4 - Soir,7 - Dimanche,À emporter,CA,KM,1
14709,0,156.1,140.7,2018-10-28,4 - Soir,7 - Dimanche,À emporter,CA,,7
14710,0,16.5,15.0,2018-10-28,4 - Soir,7 - Dimanche,Limonade,CA,,3
14711,0,436.6,396.81,2018-10-28,4 - Soir,7 - Dimanche,Livraison,CA,Deliveroo,3
14712,0,82.98,74.86,2018-10-28,4 - Soir,7 - Dimanche,Livraison,CA,KM,3
14713,0,481.9,438.02,2018-10-28,4 - Soir,7 - Dimanche,Livraison,CA,UberEats,2
14716,0,180.4,163.91,2018-10-28,4 - Soir,7 - Dimanche,Sur place,CA,,11
14718,152,0.0,0.0,2018-10-29,,1 - Lundi,,CA,,0
14721,0,191.56,173.67,2018-10-29,2 - Midi,1 - Lundi,À emporter,CA,,14
14724,0,10.4,9.44,2018-10-29,2 - Midi,1 - Lundi,Limonade,CA,,3
14725,0,15.9,14.45,2018-10-29,2 - Midi,1 - Lundi,Sur place,CA,,1
14726,0,769.1,698.19,2018-10-29,2 - Midi,1 - Lundi,Sur place,CA,,44
14729,0,59.8,54.36,2018-10-29,3 - Après-midi,1 - Lundi,À emporter,CA,,1
14730,0,67.2,61.08,2018-10-29,3 - Après-midi,1 - Lundi,Livraison,CA,Deliveroo,1
14731,0,146.5,133.16,2018-10-29,3 - Après-midi,1 - Lundi,Livraison,CA,UberEats,2
14732,0,38.3,34.51,2018-10-29,3 - Après-midi,1 - Lundi,Sur place,CA,,1
14734,0,100.34,91.22,2018-10-29,4 - Soir,1 - Lundi,À emporter,CA,,4
14736,0,247.3,224.59,2018-10-29,4 - Soir,1 - Lundi,Livraison,CA,Deliveroo,3
14737,0,388.4,353.02,2018-10-29,4 - Soir,1 - Lundi,Livraison,CA,UberEats,4
14738,0,208.7,189.5,2018-10-29,4 - Soir,1 - Lundi,Sur place,CA,,10
14739,221,0.0,0.0,2018-10-30,,2 - Mardi,,CA,,0
14742,0,364.5,331.35,2018-10-30,2 - Midi,2 - Mardi,À emporter,CA,,21
14743,0,12.8,11.64,2018-10-30,2 - Midi,2 - Mardi,Limonade,CA,,3
14745,0,936.36,849.35,2018-10-30,2 - Midi,2 - Mardi,Sur place,CA,,51
14748,0,27.1,23.94,2018-10-30,3 - Après-midi,2 - Mardi,Limonade,CA,,5
14749,0,27.4,24.71,2018-10-30,3 - Après-midi,2 - Mardi,Livraison,CA,KM,1
14751,0,12.4,11.27,2018-10-30,3 - Après-midi,2 - Mardi,Sur place,CA,,1
14752,-8,0.0,0.0,2018-10-30,4 - Soir,2 - Mardi,,CA,,0
14755,0,109.1,98.87,2018-10-30,4 - Soir,2 - Mardi,À emporter,CA,,6
14756,0,2.5,2.27,2018-10-30,4 - Soir,2 - Mardi,Limonade,CA,,1
14757,0,530.5,482.15,2018-10-30,4 - Soir,2 - Mardi,Livraison,CA,Deliveroo,2
14758,0,156.98,141.94,2018-10-30,4 - Soir,2 - Mardi,Livraison,CA,KM,4
14759,0,510.8,464.23,2018-10-30,4 - Soir,2 - Mardi,Livraison,CA,UberEats,2
14762,0,482.3,437.8,2018-10-30,4 - Soir,2 - Mardi,Sur place,CA,,23
14764,232,0.0,0.0,2018-10-31,,3 - Mercredi,,CA,,0
14766,0,179.4,162.86,2018-10-31,2 - Midi,3 - Mercredi,À emporter,CA,,11
14767,0,18.1,16.0,2018-10-31,2 - Midi,3 - Mercredi,Limonade,CA,,3
14768,0,180.2,163.77,2018-10-31,2 - Midi,3 - Mercredi,Livraison,CA,Deliveroo,1
14769,0,217.5,197.68,2018-10-31,2 - Midi,3 - Mercredi,Livraison,CA,UberEats,1
14770,0,995.4,904.34,2018-10-31,2 - Midi,3 - Mercredi,Sur place,CA,,56
14771,0,6.5,5.91,2018-10-31,3 - Après-midi,3 - Mercredi,Limonade,CA,,2
14772,0,14.0,12.73,2018-10-31,3 - Après-midi,3 - Mercredi,Sur place,CA,,1
14773,-8,0.0,0.0,2018-10-31,4 - Soir,3 - Mercredi,,CA,,0
14776,0,221.0,200.65,2018-10-31,4 - Soir,3 - Mercredi,À emporter,CA,,10
14777,0,3.0,2.73,2018-10-31,4 - Soir,3 - Mercredi,Limonade,CA,,1
14778,0,541.7,491.85,2018-10-31,4 - Soir,3 - Mercredi,Livraison,CA,Deliveroo,1
14779,0,63.06,56.93,2018-10-31,4 - Soir,3 - Mercredi,Livraison,CA,KM,2
14780,0,457.0,415.34,2018-10-31,4 - Soir,3 - Mercredi,Livraison,CA,UberEats,1
14783,0,38.7,35.19,2018-10-31,4 - Soir,3 - Mercredi,Sur place,CA,,2
14784,0,347.32,315.45,2018-10-31,4 - Soir,3 - Mercredi,Sur place,CA,,16
14788,298,0.0,0.0,2018-11-01,,4 - Jeudi,,CA,,0
14791,0,47.8,43.47,2018-11-01,2 - Midi,4 - Jeudi,À emporter,CA,,3
14792,0,429.8,390.61,2018-11-01,2 - Midi,4 - Jeudi,À emporter,CA,,9
14794,0,4.4,4.0,2018-11-01,2 - Midi,4 - Jeudi,Limonade,CA,,1
14795,0,342.0,310.56,2018-11-01,2 - Midi,4 - Jeudi,Sur place,CA,,11
14796,0,564.6,510.61,2018-11-01,2 - Midi,4 - Jeudi,Sur place,CA,,22
14799,0,66.6,60.46,2018-11-01,3 - Après-midi,4 - Jeudi,À emporter,CA,,2
14800,0,5.6,5.09,2018-11-01,3 - Après-midi,4 - Jeudi,Limonade,CA,,2
14801,0,45.7,41.35,2018-11-01,3 - Après-midi,4 - Jeudi,Sur place,CA,,2
14802,-8,0.0,0.0,2018-11-01,4 - Soir,4 - Jeudi,,CA,,0
14805,0,38.7,35.18,2018-11-01,4 - Soir,4 - Jeudi,À emporter,CA,,2
14806,0,232.5,211.38,2018-11-01,4 - Soir,4 - Jeudi,À emporter,CA,,11
14808,0,16.6,14.87,2018-11-01,4 - Soir,4 - Jeudi,Limonade,CA,,1
14809,0,1023.0,929.77,2018-11-01,4 - Soir,4 - Jeudi,Livraison,CA,Deliveroo,5
14810,0,77.06,69.46,2018-11-01,4 - Soir,4 - Jeudi,Livraison,CA,KM,3
14811,0,1153.1,1047.97,2018-11-01,4 - Soir,4 - Jeudi,Livraison,CA,UberEats,7
14813,0,57.1,51.53,2018-11-01,4 - Soir,4 - Jeudi,Sur place,CA,,3
14814,0,159.7,143.96,2018-11-01,4 - Soir,4 - Jeudi,Sur place,CA,,4
14815,270,0.0,0.0,2018-11-02,,5 - Vendredi,,CA,,0
14818,-2,0.0,0.0,2018-11-02,2 - Midi,5 - Vendredi,,CA,,0
14821,0,198.3,180.28,2018-11-02,2 - Midi,5 - Vendredi,À emporter,CA,,10
14823,0,3.0,2.73,2018-11-02,2 - Midi,5 - Vendredi,Limonade,CA,,1
14824,0,194.7,176.31,2018-11-02,2 - Midi,5 - Vendredi,Livraison,CA,Deliveroo,1
14825,0,266.8,242.48,2018-11-02,2 - Midi,5 - Vendredi,Livraison,CA,UberEats,1
14827,0,1440.3,1307.35,2018-11-02,2 - Midi,5 - Vendredi,Sur place,CA,,73
14829,0,12.9,11.73,2018-11-02,3 - Après-midi,5 - Vendredi,À emporter,CA,,1
14830,0,16.2,13.9,2018-11-02,3 - Après-midi,5 - Vendredi,Limonade,CA,,3
14831,0,51.6,46.92,2018-11-02,3 - Après-midi,5 - Vendredi,Sur place,CA,,1
14832,0,12.9,11.73,2018-11-02,4 - Soir,5 - Vendredi,À emporter,CA,,1
14833,0,251.6,228.67,2018-11-02,4 - Soir,5 - Vendredi,À emporter,CA,,8
14834,0,11.6,10.54,2018-11-02,4 - Soir,5 - Vendredi,Limonade,CA,,2
14836,0,270.4,245.5,2018-11-02,4 - Soir,5 - Vendredi,Livraison,CA,Deliveroo,2
14837,0,112.92,101.85,2018-11-02,4 - Soir,5 - Vendredi,Livraison,CA,KM,4
14838,0,426.9,388.02,2018-11-02,4 - Soir,5 - Vendredi,Livraison,CA,UberEats,1
14839,0,178.1,161.87,2018-11-02,4 - Soir,5 - Vendredi,Livraison,CA,UberEats,2
14841,0,342.4,310.56,2018-11-02,4 - Soir,5 - Vendredi,Sur place,CA,,17
14844,229,0.0,0.0,2018-11-03,,6 - Samedi,,CA,,0
14847,0,92.1,83.72,2018-11-03,2 - Midi,6 - Samedi,À emporter,CA,,4
14848,0,24.7,21.43,2018-11-03,2 - Midi,6 - Samedi,Limonade,CA,,5
14849,0,12.9,11.73,2018-11-03,2 - Midi,6 - Samedi,Sur place,CA,,1
14850,0,941.5,854.68,2018-11-03,2 - Midi,6 - Samedi,Sur place,CA,,35
14853,0,35.8,32.54,2018-11-03,3 - Après-midi,6 - Samedi,À emporter,CA,,1
14854,0,1.6,1.45,2018-11-03,3 - Après-midi,6 - Samedi,Limonade,CA,,1
14855,0,157.3,142.95,2018-11-03,3 - Après-midi,6 - Samedi,Livraison,CA,Deliveroo,2
14856,0,385.5,350.36,2018-11-03,3 - Après-midi,6 - Samedi,Livraison,CA,UberEats,2
14857,0,67.1,61.0,2018-11-03,3 - Après-midi,6 - Samedi,Sur place,CA,,2
14858,-7,0.0,0.0,2018-11-03,4 - Soir,6 - Samedi,,CA,,0
14861,0,151.21,137.48,2018-11-03,4 - Soir,6 - Samedi,À emporter,CA,,7
14863,0,15.5,14.09,2018-11-03,4 - Soir,6 - Samedi,Limonade,CA,,3
14864,0,306.4,277.72,2018-11-03,4 - Soir,6 - Samedi,Livraison,CA,Deliveroo,3
14865,0,96.96,87.56,2018-11-03,4 - Soir,6 - Samedi,Livraison,CA,KM,3
14866,0,524.3,476.51,2018-11-03,4 - Soir,6 - Samedi,Livraison,CA,UberEats,7
14869,0,446.2,405.24,2018-11-03,4 - Soir,6 - Samedi,Sur place,CA,,18
14871,191,0.0,0.0,2018-11-04,,7 - Dimanche,,CA,,0
14874,0,28.5,25.92,2018-11-04,2 - Midi,7 - Dimanche,À emporter,CA,,2
14875,0,14.7,13.37,2018-11-04,2 - Midi,7 - Dimanche,Limonade,CA,,1
14876,0,307.2,279.21,2018-11-04,2 - Midi,7 - Dimanche,Livraison,CA,Deliveroo,1
14877,0,87.5,79.52,2018-11-04,2 - Midi,7 - Dimanche,Livraison,CA,UberEats,1
14878,0,204.1,185.27,2018-11-04,2 - Midi,7 - Dimanche,Sur place,CA,,7
14879,0,18.4,16.73,2018-11-04,3 - Après-midi,7 - Dimanche,À emporter,CA,,2
14880,0,18.1,16.44,2018-11-04,3 - Après-midi,7 - Dimanche,Limonade,CA,,5
14881,0,54.6,49.64,2018-11-04,3 - Après-midi,7 - Dimanche,Sur place,CA,,2
14883,-7,0.0,0.0,2018-11-04,4 - Soir,7 - Dimanche,,CA,,0
14886,0,100.9,91.72,2018-11-04,4 - Soir,7 - Dimanche,À emporter,CA,Deliveroo,1
14887,0,174.61,158.74,2018-11-04,4 - Soir,7 - Dimanche,À emporter,CA,,7
14890,0,43.2,38.18,2018-11-04,4 - Soir,7 - Dimanche,Limonade,CA,,5
14891,0,43.3,39.35,2018-11-04,4 - Soir,7 - Dimanche,Livraison,CA,Deliveroo,1
14892,0,49.35,44.48,2018-11-04,4 - Soir,7 - Dimanche,Livraison,CA,KM,2
14893,0,1394.0,1265.02,2018-11-04,4 - Soir,7 - Dimanche,Livraison,CA,UberEats,4
14897,0,263.3,238.25,2018-11-04,4 - Soir,7 - Dimanche,Sur place,CA,,9
14898,154,0.0,0.0,2018-11-05,,1 - Lundi,,CA,,0
14901,-1,0.0,0.0,2018-11-05,2 - Midi,1 - Lundi,,CA,,0
14905,0,161.41,146.75,2018-11-05,2 - Midi,1 - Lundi,À emporter,CA,,13
14907,0,11.9,10.58,2018-11-05,2 - Midi,1 - Lundi,Limonade,CA,,2
14908,0,691.0,627.8,2018-11-05,2 - Midi,1 - Lundi,Sur place,CA,,35
14911,0,82.0,74.54,2018-11-05,3 - Après-midi,1 - Lundi,À emporter,CA,,2
14912,0,3.0,2.5,2018-11-05,3 - Après-midi,1 - Lundi,Limonade,CA,,1
14913,0,11.5,8.52,2018-11-05,3 - Après-midi,1 - Lundi,Limonade,CA,,5
14915,0,34.0,30.91,2018-11-05,3 - Après-midi,1 - Lundi,Livraison,CA,Deliveroo,1
14916,0,131.3,119.34,2018-11-05,3 - Après-midi,1 - Lundi,Livraison,CA,UberEats,1
14917,0,70.5,64.1,2018-11-05,3 - Après-midi,1 - Lundi,Sur place,CA,,4
14918,-9,0.0,0.0,2018-11-05,4 - Soir,1 - Lundi,,CA,,0
14921,0,148.51,134.16,2018-11-05,4 - Soir,1 - Lundi,À emporter,CA,,8
14924,0,10.8,9.36,2018-11-05,4 - Soir,1 - Lundi,Limonade,CA,,2
14925,0,134.2,121.97,2018-11-05,4 - Soir,1 - Lundi,Livraison,CA,Deliveroo,2
14926,0,56.63,51.09,2018-11-05,4 - Soir,1 - Lundi,Livraison,CA,KM,2
14927,0,444.7,404.18,2018-11-05,4 - Soir,1 - Lundi,Livraison,CA,UberEats,3
14929,0,191.3,173.12,2018-11-05,4 - Soir,1 - Lundi,Sur place,CA,,9
14932,173,0.0,0.0,2018-11-06,,2 - Mardi,,CA,,0
14934,0,178.82,162.47,2018-11-06,2 - Midi,2 - Mardi,À emporter,CA,,11
14936,0,4.8,4.35,2018-11-06,2 - Midi,2 - Mardi,Limonade,CA,,3
14937,0,48.2,43.81,2018-11-06,2 - Midi,2 - Mardi,Livraison,CA,UberEats,1
14938,0,583.8,530.37,2018-11-06,2 - Midi,2 - Mardi,Sur place,CA,,37
14939,0,34.3,31.19,2018-11-06,3 - Après-midi,2 - Mardi,À emporter,CA,,2
14940,0,3.2,2.91,2018-11-06,3 - Après-midi,2 - Mardi,Limonade,CA,,1
14941,0,253.3,230.21,2018-11-06,3 - Après-midi,2 - Mardi,Livraison,CA,Deliveroo,1
14942,0,31.8,28.9,2018-11-06,3 - Après-midi,2 - Mardi,Livraison,CA,UberEats,1
14943,0,28.3,25.73,2018-11-06,3 - Après-midi,2 - Mardi,Sur place,CA,,1
14944,0,97.4,88.54,2018-11-06,3 - Après-midi,2 - Mardi,Sur place,CA,,6
14945,-9,0.0,0.0,2018-11-06,4 - Soir,2 - Mardi,,CA,,0
14948,0,32.0,29.08,2018-11-06,4 - Soir,2 - Mardi,À emporter,CA,Deliveroo,1
14949,0,171.1,154.78,2018-11-06,4 - Soir,2 - Mardi,À emporter,CA,,8
14950,0,15.3,13.17,2018-11-06,4 - Soir,2 - Mardi,Limonade,CA,,2
14951,0,337.4,306.68,2018-11-06,4 - Soir,2 - Mardi,Livraison,CA,Deliveroo,4
14952,0,95.4,86.14,2018-11-06,4 - Soir,2 - Mardi,Livraison,CA,KM,3
14953,0,367.1,333.63,2018-11-06,4 - Soir,2 - Mardi,Livraison,CA,UberEats,4
14955,0,14.0,12.72,2018-11-06,4 - Soir,2 - Mardi,Sur place,CA,,1
14956,0,197.6,179.47,2018-11-06,4 - Soir,2 - Mardi,Sur place,CA,,13
14958,154,0.0,0.0,2018-11-07,,3 - Mercredi,,CA,,0
14960,0,234.5,213.18,2018-11-07,2 - Midi,3 - Mercredi,À emporter,CA,,15
14961,0,1.6,1.45,2018-11-07,2 - Midi,3 - Mercredi,Limonade,CA,,1
14962,0,769.0,699.03,2018-11-07,2 - Midi,3 - Mercredi,Sur place,CA,,47
14964,0,36.9,33.56,2018-11-07,3 - Après-midi,3 - Mercredi,À emporter,CA,,2
14965,0,4.1,3.72,2018-11-07,3 - Après-midi,3 - Mercredi,Limonade,CA,,2
14966,0,104.0,94.15,2018-11-07,3 - Après-midi,3 - Mercredi,Sur place,CA,,4
14967,-6,0.0,0.0,2018-11-07,4 - Soir,3 - Mercredi,,CA,,0
14970,0,177.8,161.6,2018-11-07,4 - Soir,3 - Mercredi,À emporter,CA,Deliveroo,1
14971,0,34.9,31.73,2018-11-07,4 - Soir,3 - Mercredi,À emporter,CA,UberEats,1
14972,0,114.45,104.05,2018-11-07,4 - Soir,3 - Mercredi,À emporter,CA,,5
14975,0,6.5,5.91,2018-11-07,4 - Soir,3 - Mercredi,Limonade,CA,,2
14976,0,117.0,106.33,2018-11-07,4 - Soir,3 - Mercredi,Livraison,CA,Deliveroo,1
14977,0,477.4,433.87,2018-11-07,4 - Soir,3 - Mercredi,Livraison,CA,UberEats,2
14978,0,66.1,59.86,2018-11-07,4 - Soir,3 - Mercredi,Sur place,CA,,3
14979,176,0.0,0.0,2018-11-08,,4 - Jeudi,,CA,,0
14982,0,263.5,239.58,2018-11-08,2 - Midi,4 - Jeudi,À emporter,CA,,20
14984,0,86.6,78.7,2018-11-08,2 - Midi,4 - Jeudi,Livraison,CA,Deliveroo,1
14985,0,80.3,72.98,2018-11-08,2 - Midi,4 - Jeudi,Livraison,CA,UberEats,1
14987,0,38.7,35.19,2018-11-08,2 - Midi,4 - Jeudi,Sur place,CA,,2
14988,0,678.11,616.51,2018-11-08,2 - Midi,4 - Jeudi,Sur place,CA,,42
14991,0,132.3,120.19,2018-11-08,3 - Après-midi,4 - Jeudi,À emporter,CA,,8
14992,0,8.6,7.82,2018-11-08,3 - Après-midi,4 - Jeudi,Limonade,CA,,2
14993,0,31.3,28.26,2018-11-08,3 - Après-midi,4 - Jeudi,Livraison,CA,KM,1
14994,0,55.6,50.55,2018-11-08,3 - Après-midi,4 - Jeudi,Sur place,CA,,2
14996,-14,0.0,0.0,2018-11-08,4 - Soir,4 - Jeudi,,CA,,0
14999,0,159.6,144.93,2018-11-08,4 - Soir,4 - Jeudi,À emporter,CA,,7
15001,0,5.0,4.55,2018-11-08,4 - Soir,4 - Jeudi,Limonade,CA,,1
15002,0,242.8,220.39,2018-11-08,4 - Soir,4 - Jeudi,Livraison,CA,Deliveroo,2
15003,0,66.67,60.02,2018-11-08,4 - Soir,4 - Jeudi,Livraison,CA,KM,3
15004,0,224.5,204.03,2018-11-08,4 - Soir,4 - Jeudi,Livraison,CA,UberEats,1
15006,0,206.7,187.83,2018-11-08,4 - Soir,4 - Jeudi,Sur place,CA,,13
15008,295,0.0,0.0,2018-11-09,,5 - Vendredi,,CA,,0
15010,-2,0.0,0.0,2018-11-09,2 - Midi,5 - Vendredi,,CA,,0
15013,0,327.9,298.12,2018-11-09,2 - Midi,5 - Vendredi,À emporter,CA,,23
15015,0,1.6,1.45,2018-11-09,2 - Midi,5 - Vendredi,Limonade,CA,,1
15016,0,59.2,53.8,2018-11-09,2 - Midi,5 - Vendredi,Livraison,CA,Deliveroo,1
15017,0,99.9,90.79,2018-11-09,2 - Midi,5 - Vendredi,Livraison,CA,UberEats,1
15018,0,12.9,11.73,2018-11-09,2 - Midi,5 - Vendredi,Sur place,CA,,1
15019,0,1043.72,948.56,2018-11-09,2 - Midi,5 - Vendredi,Sur place,CA,,65
15022,0,51.6,46.92,2018-11-09,3 - Après-midi,5 - Vendredi,À emporter,CA,,1
15023,0,15.8,13.4,2018-11-09,3 - Après-midi,5 - Vendredi,Limonade,CA,,2
15024,0,25.8,23.46,2018-11-09,3 - Après-midi,5 - Vendredi,Sur place,CA,,1
15026,-9,0.0,0.0,2018-11-09,4 - Soir,5 - Vendredi,,CA,,0
15030,0,118.6,107.39,2018-11-09,4 - Soir,5 - Vendredi,À emporter,CA,,6
15031,0,210.3,191.19,2018-11-09,4 - Soir,5 - Vendredi,À emporter,CA,,8
15033,0,330.0,299.61,2018-11-09,4 - Soir,5 - Vendredi,Livraison,CA,Deliveroo,1
15034,0,1385.2,1258.93,2018-11-09,4 - Soir,5 - Vendredi,Livraison,CA,UberEats,5
15035,0,134.2,121.19,2018-11-09,4 - Soir,5 - Vendredi,Sur place,CA,,7
15036,0,283.19,256.65,2018-11-09,4 - Soir,5 - Vendredi,Sur place,CA,,12
15039,293,0.0,0.0,2018-11-10,,6 - Samedi,,CA,,0
15041,0,38.7,35.19,2018-11-10,2 - Midi,6 - Samedi,À emporter,CA,,1
15042,0,135.61,123.27,2018-11-10,2 - Midi,6 - Samedi,À emporter,CA,,7
15044,0,14.2,12.91,2018-11-10,2 - Midi,6 - Samedi,Limonade,CA,,3
15045,0,25.8,23.46,2018-11-10,2 - Midi,6 - Samedi,Sur place,CA,,1
15046,0,794.18,721.06,2018-11-10,2 - Midi,6 - Samedi,Sur place,CA,,27
15048,0,54.62,49.66,2018-11-10,3 - Après-midi,6 - Samedi,Sur place,CA,,2
15050,0,104.0,94.57,2018-11-10,4 - Soir,6 - Samedi,À emporter,CA,,5
15051,0,554.8,503.97,2018-11-10,4 - Soir,6 - Samedi,Livraison,CA,Deliveroo,1
15052,0,194.0,175.58,2018-11-10,4 - Soir,6 - Samedi,Livraison,CA,KM,4
15053,0,643.7,583.84,2018-11-10,4 - Soir,6 - Samedi,Livraison,CA,UberEats,1
15054,0,1274.0,1157.96,2018-11-10,4 - Soir,6 - Samedi,Livraison,CA,UberEats,5
15057,0,535.92,486.63,2018-11-10,4 - Soir,6 - Samedi,Sur place,CA,,25
15059,276,0.0,0.0,2018-11-11,,7 - Dimanche,,CA,,0
15062,0,41.3,36.1,2018-11-11,2 - Midi,7 - Dimanche,À emporter,CA,,3
15065,0,3.2,2.91,2018-11-11,2 - Midi,7 - Dimanche,Limonade,CA,,1
15066,0,13.0,11.81,2018-11-11,2 - Midi,7 - Dimanche,Limonade,CA,,4
15067,0,129.0,117.29,2018-11-11,2 - Midi,7 - Dimanche,Sur place,CA,,6
15068,0,332.7,302.52,2018-11-11,2 - Midi,7 - Dimanche,Sur place,CA,,13
15069,0,110.2,99.58,2018-11-11,3 - Après-midi,7 - Dimanche,À emporter,CA,,6
15070,0,1.6,1.45,2018-11-11,3 - Après-midi,7 - Dimanche,Limonade,CA,,1
15071,0,189.9,172.59,2018-11-11,3 - Après-midi,7 - Dimanche,Livraison,CA,Deliveroo,2
15072,0,43.68,39.52,2018-11-11,3 - Après-midi,7 - Dimanche,Livraison,CA,KM,1
15073,0,900.1,818.07,2018-11-11,3 - Après-midi,7 - Dimanche,Livraison,CA,UberEats,7
15075,0,225.5,205.0,2018-11-11,3 - Après-midi,7 - Dimanche,Sur place,CA,,11
15076,-11,0.0,0.0,2018-11-11,4 - Soir,7 - Dimanche,,CA,,0
15080,0,12.9,11.73,2018-11-11,4 - Soir,7 - Dimanche,À emporter,CA,,1
15081,0,64.5,58.64,2018-11-11,4 - Soir,7 - Dimanche,À emporter,CA,,3
15082,0,4.9,4.08,2018-11-11,4 - Soir,7 - Dimanche,Limonade,CA,,1
15083,0,11.0,9.78,2018-11-11,4 - Soir,7 - Dimanche,Limonade,CA,,2
15084,0,314.7,285.7,2018-11-11,4 - Soir,7 - Dimanche,Livraison,CA,Deliveroo,1
15085,0,1330.2,1208.31,2018-11-11,4 - Soir,7 - Dimanche,Livraison,CA,UberEats,6
15087,0,291.4,264.32,2018-11-11,4 - Soir,7 - Dimanche,Sur place,CA,,11
15089,156,0.0,0.0,2018-11-12,,1 - Lundi,,CA,,0
15091,0,257.4,234.04,2018-11-12,2 - Midi,1 - Lundi,À emporter,CA,,19
15092,0,4.8,4.36,2018-11-12,2 - Midi,1 - Lundi,Limonade,CA,,2
15093,0,155.0,140.88,2018-11-12,2 - Midi,1 - Lundi,Livraison,CA,UberEats,1
15094,0,762.1,691.06,2018-11-12,2 - Midi,1 - Lundi,Sur place,CA,,46
15095,0,51.6,46.92,2018-11-12,3 - Après-midi,1 - Lundi,À emporter,CA,,4
15096,0,-10.58,-10.73,2018-11-12,3 - Après-midi,1 - Lundi,Limonade,CA,,2
15098,0,151.7,137.88,2018-11-12,3 - Après-midi,1 - Lundi,Livraison,CA,UberEats,1
15099,0,38.06,34.61,2018-11-12,3 - Après-midi,1 - Lundi,Sur place,CA,,2
15101,-4,0.0,0.0,2018-11-12,4 - Soir,1 - Lundi,,CA,,0
15104,0,105.0,95.45,2018-11-12,4 - Soir,1 - Lundi,À emporter,CA,,6
15106,0,278.6,253.2,2018-11-12,4 - Soir,1 - Lundi,Livraison,CA,Deliveroo,1
15107,0,89.4,80.7,2018-11-12,4 - Soir,1 - Lundi,Livraison,CA,KM,3
15108,0,235.8,214.29,2018-11-12,4 - Soir,1 - Lundi,Livraison,CA,UberEats,1
15110,0,142.1,128.96,2018-11-12,4 - Soir,1 - Lundi,Sur place,CA,,7
15111,184,0.0,0.0,2018-11-13,,2 - Mardi,,CA,,0
15114,0,345.21,313.86,2018-11-13,2 - Midi,2 - Mardi,À emporter,CA,,20
15116,0,8.0,7.26,2018-11-13,2 - Midi,2 - Mardi,Limonade,CA,,3
15117,0,24.9,22.63,2018-11-13,2 - Midi,2 - Mardi,Livraison,CA,Deliveroo,1
15118,0,203.7,185.13,2018-11-13,2 - Midi,2 - Mardi,Livraison,CA,UberEats,1
15119,0,730.0,663.14,2018-11-13,2 - Midi,2 - Mardi,Sur place,CA,,42
15120,0,25.8,23.46,2018-11-13,3 - Après-midi,2 - Mardi,À emporter,CA,,1
15121,0,36.4,31.72,2018-11-13,3 - Après-midi,2 - Mardi,Limonade,CA,,6
15122,0,149.7,136.05,2018-11-13,3 - Après-midi,2 - Mardi,Livraison,CA,UberEats,1
15123,0,8.5,7.5,2018-11-13,3 - Après-midi,2 - Mardi,Sur place,CA,,1
15124,-7,0.0,0.0,2018-11-13,4 - Soir,2 - Mardi,,CA,,0
15127,0,153.9,139.82,2018-11-13,4 - Soir,2 - Mardi,À emporter,CA,,5
15129,0,3.0,2.69,2018-11-13,4 - Soir,2 - Mardi,Limonade,CA,,1
15132,0,214.9,195.13,2018-11-13,4 - Soir,2 - Mardi,Livraison,CA,Deliveroo,3
15133,0,561.1,509.96,2018-11-13,4 - Soir,2 - Mardi,Livraison,CA,UberEats,4
15134,0,217.7,197.75,2018-11-13,4 - Soir,2 - Mardi,Sur place,CA,,13
15136,201,0.0,0.0,2018-11-14,,3 - Mercredi,,CA,,0
15140,0,332.17,301.48,2018-11-14,2 - Midi,3 - Mercredi,À emporter,CA,,23
15144,0,15.0,12.5,2018-11-14,2 - Midi,3 - Mercredi,Limonade,CA,,1
15145,0,19.5,17.73,2018-11-14,2 - Midi,3 - Mercredi,Livraison,CA,Deliveroo,1
15146,0,159.0,144.53,2018-11-14,2 - Midi,3 - Mercredi,Livraison,CA,UberEats,2
15147,0,889.57,807.89,2018-11-14,2 - Midi,3 - Mercredi,Sur place,CA,,43
15150,0,28.8,26.18,2018-11-14,3 - Après-midi,3 - Mercredi,À emporter,CA,,2
15151,0,21.1,18.06,2018-11-14,3 - Après-midi,3 - Mercredi,Limonade,CA,,4
15152,0,27.04,24.39,2018-11-14,3 - Après-midi,3 - Mercredi,Livraison,CA,KM,1
15153,0,298.8,271.24,2018-11-14,3 - Après-midi,3 - Mercredi,Livraison,CA,UberEats,1
15155,0,29.8,27.1,2018-11-14,3 - Après-midi,3 - Mercredi,Sur place,CA,,2
15156,-9,0.0,0.0,2018-11-14,4 - Soir,3 - Mercredi,,CA,,0
15159,0,136.46,124.07,2018-11-14,4 - Soir,3 - Mercredi,À emporter,CA,,9
15161,0,252.5,229.3,2018-11-14,4 - Soir,3 - Mercredi,Livraison,CA,Deliveroo,2
15162,0,83.58,75.6,2018-11-14,4 - Soir,3 - Mercredi,Livraison,CA,KM,2
15163,0,145.2,131.84,2018-11-14,4 - Soir,3 - Mercredi,Livraison,CA,UberEats,2
15165,0,338.9,307.45,2018-11-14,4 - Soir,3 - Mercredi,Sur place,CA,,17
15167,191,0.0,0.0,2018-11-15,,4 - Jeudi,,CA,,0
15169,0,234.18,212.9,2018-11-15,2 - Midi,4 - Jeudi,À emporter,CA,,17
15171,0,-40.74,-43.49,2018-11-15,2 - Midi,4 - Jeudi,Limonade,CA,,7
15173,0,58.0,52.7,2018-11-15,2 - Midi,4 - Jeudi,Livraison,CA,Deliveroo,1
15174,0,53.7,48.8,2018-11-15,2 - Midi,4 - Jeudi,Livraison,CA,UberEats,1
15175,0,816.0,741.36,2018-11-15,2 - Midi,4 - Jeudi,Sur place,CA,,42
15176,0,41.7,37.91,2018-11-15,3 - Après-midi,4 - Jeudi,À emporter,CA,,3
15177,0,2.5,2.27,2018-11-15,3 - Après-midi,4 - Jeudi,Limonade,CA,,1
15178,0,60.9,55.13,2018-11-15,3 - Après-midi,4 - Jeudi,Sur place,CA,,3
15180,-10,0.0,0.0,2018-11-15,4 - Soir,4 - Jeudi,,CA,,0
15183,0,38.6,35.09,2018-11-15,4 - Soir,4 - Jeudi,À emporter,CA,KM,1
15184,0,245.5,222.93,2018-11-15,4 - Soir,4 - Jeudi,À emporter,CA,,15
15187,0,2.8,2.55,2018-11-15,4 - Soir,4 - Jeudi,Limonade,CA,,1
15188,0,487.2,442.56,2018-11-15,4 - Soir,4 - Jeudi,Livraison,CA,Deliveroo,2
15189,0,22.9,20.63,2018-11-15,4 - Soir,4 - Jeudi,Livraison,CA,KM,1
15190,0,333.0,302.03,2018-11-15,4 - Soir,4 - Jeudi,Livraison,CA,UberEats,2
15191,0,236.88,214.91,2018-11-15,4 - Soir,4 - Jeudi,Sur place,CA,,13
15194,255,0.0,0.0,2018-11-16,,5 - Vendredi,,CA,,0
15198,0,376.16,341.83,2018-11-16,2 - Midi,5 - Vendredi,À emporter,CA,,24
15201,0,8.5,7.5,2018-11-16,2 - Midi,5 - Vendredi,Limonade,CA,,2
15202,0,113.0,102.71,2018-11-16,2 - Midi,5 - Vendredi,Livraison,CA,Deliveroo,1
15203,0,125.6,114.15,2018-11-16,2 - Midi,5 - Vendredi,Livraison,CA,UberEats,1
15204,0,796.8,724.21,2018-11-16,2 - Midi,5 - Vendredi,Sur place,CA,,51
15205,0,79.4,72.18,2018-11-16,3 - Après-midi,5 - Vendredi,À emporter,CA,,5
15206,0,3.2,2.9,2018-11-16,3 - Après-midi,5 - Vendredi,Limonade,CA,,2
15207,0,95.4,86.65,2018-11-16,3 - Après-midi,5 - Vendredi,Sur place,CA,,3
15208,-8,0.0,0.0,2018-11-16,4 - Soir,5 - Vendredi,,CA,,0
15211,0,181.17,164.57,2018-11-16,4 - Soir,5 - Vendredi,À emporter,CA,,10
15213,0,3.0,2.73,2018-11-16,4 - Soir,5 - Vendredi,Limonade,CA,,1
15214,0,518.4,471.15,2018-11-16,4 - Soir,5 - Vendredi,Livraison,CA,Deliveroo,2
15215,0,54.82,49.45,2018-11-16,4 - Soir,5 - Vendredi,Livraison,CA,KM,2
15216,0,582.6,529.49,2018-11-16,4 - Soir,5 - Vendredi,Livraison,CA,UberEats,3
15218,0,649.8,589.53,2018-11-16,4 - Soir,5 - Vendredi,Sur place,CA,,29
15220,302,0.0,0.0,2018-11-17,,6 - Samedi,,CA,,0
15222,0,76.7,69.74,2018-11-17,2 - Midi,6 - Samedi,À emporter,CA,,6
15223,0,4.8,4.36,2018-11-17,2 - Midi,6 - Samedi,Limonade,CA,,2
15224,0,330.3,300.2,2018-11-17,2 - Midi,6 - Samedi,Livraison,CA,Deliveroo,1
15225,0,1389.5,1262.42,2018-11-17,2 - Midi,6 - Samedi,Sur place,CA,,58
15226,0,25.8,23.46,2018-11-17,3 - Après-midi,6 - Samedi,À emporter,CA,,1
15227,0,71.6,65.1,2018-11-17,3 - Après-midi,6 - Samedi,À emporter,CA,,5
15228,0,3.2,2.91,2018-11-17,3 - Après-midi,6 - Samedi,Limonade,CA,,1
15229,0,52.0,47.26,2018-11-17,3 - Après-midi,6 - Samedi,Livraison,CA,Deliveroo,1
15230,0,310.4,282.13,2018-11-17,3 - Après-midi,6 - Samedi,Livraison,CA,UberEats,1
15232,0,197.2,179.29,2018-11-17,3 - Après-midi,6 - Samedi,Sur place,CA,,9
15233,-5,0.0,0.0,2018-11-17,4 - Soir,6 - Samedi,,CA,,0
15237,0,53.6,48.73,2018-11-17,4 - Soir,6 - Samedi,À emporter,CA,KM,1
15238,0,410.5,373.2,2018-11-17,4 - Soir,6 - Samedi,À emporter,CA,,12
15240,0,-16.8,-17.09,2018-11-17,4 - Soir,6 - Samedi,Limonade,CA,,2
15242,0,357.6,325.06,2018-11-17,4 - Soir,6 - Samedi,Livraison,CA,Deliveroo,1
15243,0,92.5,83.49,2018-11-17,4 - Soir,6 - Samedi,Livraison,CA,KM,3
15244,0,586.5,533.07,2018-11-17,4 - Soir,6 - Samedi,Livraison,CA,UberEats,4
15246,0,303.7,275.65,2018-11-17,4 - Soir,6 - Samedi,Sur place,CA,,9
15248,219,0.0,0.0,2018-11-18,,7 - Dimanche,,CA,,0
15251,0,155.4,141.28,2018-11-18,2 - Midi,7 - Dimanche,À emporter,CA,,6
15252,0,13.2,12.0,2018-11-18,2 - Midi,7 - Dimanche,Limonade,CA,,4
15253,0,317.8,288.85,2018-11-18,2 - Midi,7 - Dimanche,Livraison,CA,UberEats,2
15254,0,494.9,449.8,2018-11-18,2 - Midi,7 - Dimanche,Sur place,CA,,23
15255,0,68.07,61.74,2018-11-18,3 - Après-midi,7 - Dimanche,À emporter,CA,,3
15257,0,21.2,18.52,2018-11-18,3 - Après-midi,7 - Dimanche,Limonade,CA,,6
15258,0,79.1,71.89,2018-11-18,3 - Après-midi,7 - Dimanche,Sur place,CA,,3
15259,-6,0.0,0.0,2018-11-18,4 - Soir,7 - Dimanche,,CA,,0
15262,0,264.7,240.62,2018-11-18,4 - Soir,7 - Dimanche,À emporter,CA,,10
15263,0,24.6,21.15,2018-11-18,4 - Soir,7 - Dimanche,Limonade,CA,,3
15264,0,766.2,695.41,2018-11-18,4 - Soir,7 - Dimanche,Livraison,CA,Deliveroo,4
15265,0,841.5,764.81,2018-11-18,4 - Soir,7 - Dimanche,Livraison,CA,UberEats,5
15268,0,152.5,138.29,2018-11-18,4 - Soir,7 - Dimanche,Sur place,CA,,6
15270,166,0.0,0.0,2018-11-19,,1 - Lundi,,CA,,0
15273,-2,0.0,0.0,2018-11-19,2 - Midi,1 - Lundi,,CA,,0
15276,0,183.02,162.89,2018-11-19,2 - Midi,1 - Lundi,À emporter,CA,,14
15280,0,29.2,26.52,2018-11-19,2 - Midi,1 - Lundi,Limonade,CA,,9
15281,0,132.7,120.59,2018-11-19,2 - Midi,1 - Lundi,Livraison,CA,Deliveroo,1
15282,0,77.9,70.8,2018-11-19,2 - Midi,1 - Lundi,Livraison,CA,UberEats,1
15283,0,28.8,25.41,2018-11-19,2 - Midi,1 - Lundi,Livraison,CA,,2
15286,0,701.27,636.9,2018-11-19,2 - Midi,1 - Lundi,Sur place,CA,,45
15291,0,8.5,7.73,2018-11-19,3 - Après-midi,1 - Lundi,À emporter,CA,,1
15292,0,23.5,20.0,2018-11-19,3 - Après-midi,1 - Lundi,Limonade,CA,,4
15293,0,103.4,94.0,2018-11-19,3 - Après-midi,1 - Lundi,Livraison,CA,,8
15295,0,36.7,33.29,2018-11-19,3 - Après-midi,1 - Lundi,Sur place,CA,,3
15296,-5,0.0,0.0,2018-11-19,4 - Soir,1 - Lundi,,CA,,0
15299,0,157.0,142.7,2018-11-19,4 - Soir,1 - Lundi,À emporter,CA,,7
15300,0,234.3,212.26,2018-11-19,4 - Soir,1 - Lundi,Livraison,CA,Deliveroo,1
15301,0,26.33,23.73,2018-11-19,4 - Soir,1 - Lundi,Livraison,CA,KM,1
15302,0,382.2,347.37,2018-11-19,4 - Soir,1 - Lundi,Livraison,CA,UberEats,3
15303,0,32.9,29.91,2018-11-19,4 - Soir,1 - Lundi,Livraison,CA,,3
15305,0,176.44,159.29,2018-11-19,4 - Soir,1 - Lundi,Sur place,CA,,9
15308,184,0.0,0.0,2018-11-20,,2 - Mardi,,CA,,0
15311,-2,0.0,0.0,2018-11-20,2 - Midi,2 - Mardi,,CA,,0
15314,0,283.5,257.61,2018-11-20,2 - Midi,2 - Mardi,À emporter,CA,,20
15315,0,4.4,4.0,2018-11-20,2 - Midi,2 - Mardi,Limonade,CA,,1
15316,0,101.7,92.43,2018-11-20,2 - Midi,2 - Mardi,Livraison,CA,Deliveroo,1
15317,0,57.7,52.44,2018-11-20,2 - Midi,2 - Mardi,Livraison,CA,UberEats,1
15318,0,55.7,50.65,2018-11-20,2 - Midi,2 - Mardi,Livraison,CA,,5
15320,0,704.4,639.96,2018-11-20,2 - Midi,2 - Mardi,Sur place,CA,,42
15322,0,55.6,50.55,2018-11-20,3 - Après-midi,2 - Mardi,À emporter,CA,,4
15323,0,1.6,1.45,2018-11-20,3 - Après-midi,2 - Mardi,Limonade,CA,,1
15324,0,47.7,43.35,2018-11-20,3 - Après-midi,2 - Mardi,Sur place,CA,,2
15325,-4,0.0,0.0,2018-11-20,4 - Soir,2 - Mardi,,CA,,0
15328,0,18.4,16.53,2018-11-20,4 - Soir,2 - Mardi,À emporter,CA,Deliveroo,1
15329,0,136.8,123.92,2018-11-20,4 - Soir,2 - Mardi,À emporter,CA,,8
15331,0,4.3,3.43,2018-11-20,4 - Soir,2 - Mardi,Limonade,CA,,3
15333,0,250.9,228.04,2018-11-20,4 - Soir,2 - Mardi,Livraison,CA,Deliveroo,2
15334,0,87.51,78.97,2018-11-20,4 - Soir,2 - Mardi,Livraison,CA,KM,3
15335,0,360.6,327.73,2018-11-20,4 - Soir,2 - Mardi,Livraison,CA,UberEats,5
15336,0,8.5,7.73,2018-11-20,4 - Soir,2 - Mardi,Livraison,CA,,1
15340,0,407.3,369.31,2018-11-20,4 - Soir,2 - Mardi,Sur place,CA,,27
15342,216,0.0,0.0,2018-11-21,,3 - Mercredi,,CA,,0
15345,0,218.05,198.24,2018-11-21,2 - Midi,3 - Mercredi,À emporter,CA,,15
15347,0,65.8,59.82,2018-11-21,2 - Midi,3 - Mercredi,Livraison,CA,,6
15348,0,908.73,823.44,2018-11-21,2 - Midi,3 - Mercredi,Sur place,CA,,47
15352,0,99.4,90.35,2018-11-21,3 - Après-midi,3 - Mercredi,À emporter,CA,,5
15353,0,19.1,16.98,2018-11-21,3 - Après-midi,3 - Mercredi,Limonade,CA,,6
15354,0,102.4,93.1,2018-11-21,3 - Après-midi,3 - Mercredi,Sur place,CA,,6
15355,-8,0.0,0.0,2018-11-21,4 - Soir,3 - Mercredi,,CA,,0
15359,0,285.9,259.68,2018-11-21,4 - Soir,3 - Mercredi,À emporter,CA,Deliveroo,1
15360,0,33.7,30.64,2018-11-21,4 - Soir,3 - Mercredi,À emporter,CA,KM,1
15361,0,142.63,129.08,2018-11-21,4 - Soir,3 - Mercredi,À emporter,CA,,9
15364,0,6.5,5.53,2018-11-21,4 - Soir,3 - Mercredi,Limonade,CA,,2
15365,0,99.2,90.16,2018-11-21,4 - Soir,3 - Mercredi,Livraison,CA,Deliveroo,1
15366,0,62.54,56.47,2018-11-21,4 - Soir,3 - Mercredi,Livraison,CA,KM,2
15367,0,560.4,509.3,2018-11-21,4 - Soir,3 - Mercredi,Livraison,CA,UberEats,2
15368,0,103.4,94.0,2018-11-21,4 - Soir,3 - Mercredi,Livraison,CA,,6
15370,0,240.1,217.27,2018-11-21,4 - Soir,3 - Mercredi,Sur place,CA,,12
15374,190,0.0,0.0,2018-11-22,,4 - Jeudi,,CA,,0
15377,0,265.63,241.51,2018-11-22,2 - Midi,4 - Jeudi,À emporter,CA,,19
15379,0,1.1,0.52,2018-11-22,2 - Midi,4 - Jeudi,Limonade,CA,,3
15381,0,200.2,181.94,2018-11-22,2 - Midi,4 - Jeudi,Livraison,CA,Deliveroo,1
15382,0,120.8,109.8,2018-11-22,2 - Midi,4 - Jeudi,Livraison,CA,UberEats,1
15383,0,37.3,33.91,2018-11-22,2 - Midi,4 - Jeudi,Livraison,CA,,3
15384,0,958.8,870.99,2018-11-22,2 - Midi,4 - Jeudi,Sur place,CA,,55
15386,0,25.8,23.46,2018-11-22,3 - Après-midi,4 - Jeudi,À emporter,CA,,1
15387,0,-5.9,-5.9,2018-11-22,3 - Après-midi,4 - Jeudi,Limonade,CA,,1
15389,0,35.4,32.17,2018-11-22,3 - Après-midi,4 - Jeudi,Sur place,CA,,1
15391,-9,0.0,0.0,2018-11-22,4 - Soir,4 - Jeudi,,CA,,0
15394,0,76.1,68.84,2018-11-22,4 - Soir,4 - Jeudi,À emporter,CA,,4
15395,0,4.6,3.95,2018-11-22,4 - Soir,4 - Jeudi,Limonade,CA,,2
15396,0,125.2,113.81,2018-11-22,4 - Soir,4 - Jeudi,Livraison,CA,Deliveroo,1
15397,0,92.07,83.14,2018-11-22,4 - Soir,4 - Jeudi,Livraison,CA,KM,3
15398,0,474.4,431.19,2018-11-22,4 - Soir,4 - Jeudi,Livraison,CA,UberEats,2
15399,0,54.8,49.81,2018-11-22,4 - Soir,4 - Jeudi,Livraison,CA,,3
15401,0,10.8,9.82,2018-11-22,4 - Soir,4 - Jeudi,Sur place,CA,,1
15402,0,120.4,109.21,2018-11-22,4 - Soir,4 - Jeudi,Sur place,CA,,6
15404,272,0.0,0.0,2018-11-23,,5 - Vendredi,,CA,,0
15407,0,209.1,190.08,2018-11-23,2 - Midi,5 - Vendredi,À emporter,CA,,9
15408,0,179.05,162.77,2018-11-23,2 - Midi,5 - Vendredi,À emporter,CA,,12
15410,0,3.2,2.91,2018-11-23,2 - Midi,5 - Vendredi,Limonade,CA,,1
15411,0,116.4,105.83,2018-11-23,2 - Midi,5 - Vendredi,Livraison,CA,,9
15412,0,162.9,148.01,2018-11-23,2 - Midi,5 - Vendredi,Sur place,CA,,8
15413,0,758.23,688.86,2018-11-23,2 - Midi,5 - Vendredi,Sur place,CA,,44
15416,0,73.86,67.14,2018-11-23,3 - Après-midi,5 - Vendredi,À emporter,CA,,3
15418,0,7.3,6.63,2018-11-23,3 - Après-midi,5 - Vendredi,Limonade,CA,,3
15419,0,307.0,279.03,2018-11-23,3 - Après-midi,5 - Vendredi,Livraison,CA,Deliveroo,1
15420,0,180.7,164.23,2018-11-23,3 - Après-midi,5 - Vendredi,Livraison,CA,UberEats,1
15421,0,22.8,20.73,2018-11-23,3 - Après-midi,5 - Vendredi,Sur place,CA,,1
15422,-10,0.0,0.0,2018-11-23,4 - Soir,5 - Vendredi,,CA,,0
15425,0,24.61,22.37,2018-11-23,4 - Soir,5 - Vendredi,À emporter,CA,KM,1
15426,0,15.9,14.45,2018-11-23,4 - Soir,5 - Vendredi,À emporter,CA,,1
15427,0,296.9,269.88,2018-11-23,4 - Soir,5 - Vendredi,À emporter,CA,,12
15429,0,-6.91,-7.65,2018-11-23,4 - Soir,5 - Vendredi,Limonade,CA,,3
15431,0,34.3,31.17,2018-11-23,4 - Soir,5 - Vendredi,Livraison,CA,Deliveroo,1
15432,0,583.2,529.92,2018-11-23,4 - Soir,5 - Vendredi,Livraison,CA,Deliveroo,3
15433,0,146.06,131.81,2018-11-23,4 - Soir,5 - Vendredi,Livraison,CA,KM,5
15434,0,375.7,341.46,2018-11-23,4 - Soir,5 - Vendredi,Livraison,CA,UberEats,3
15436,0,332.7,301.73,2018-11-23,4 - Soir,5 - Vendredi,Sur place,CA,,17
15438,283,0.0,0.0,2018-11-24,,6 - Samedi,,CA,,0
15440,0,267.4,243.11,2018-11-24,2 - Midi,6 - Samedi,À emporter,CA,,14
15441,0,7.6,6.91,2018-11-24,2 - Midi,6 - Samedi,Limonade,CA,,2
15442,0,72.5,65.89,2018-11-24,2 - Midi,6 - Samedi,Livraison,CA,UberEats,1
15443,0,25.8,23.46,2018-11-24,2 - Midi,6 - Samedi,Sur place,CA,,2
15444,0,1217.95,1106.91,2018-11-24,2 - Midi,6 - Samedi,Sur place,CA,,56
15446,0,15.9,14.45,2018-11-24,3 - Après-midi,6 - Samedi,À emporter,CA,,1
15447,0,28.2,25.64,2018-11-24,3 - Après-midi,6 - Samedi,Limonade,CA,,2
15448,0,42.7,38.82,2018-11-24,3 - Après-midi,6 - Samedi,Sur place,CA,,2
15449,0,140.45,127.7,2018-11-24,3 - Après-midi,6 - Samedi,Sur place,CA,,7
15451,-6,0.0,0.0,2018-11-24,4 - Soir,6 - Samedi,,CA,,0
15454,0,45.33,41.2,2018-11-24,4 - Soir,6 - Samedi,À emporter,CA,KM,2
15455,0,222.55,202.31,2018-11-24,4 - Soir,6 - Samedi,À emporter,CA,,9
15458,0,-4.08,-4.35,2018-11-24,4 - Soir,6 - Samedi,Limonade,CA,,2
15460,0,733.7,666.89,2018-11-24,4 - Soir,6 - Samedi,Livraison,CA,Deliveroo,5
15461,0,74.81,67.63,2018-11-24,4 - Soir,6 - Samedi,Livraison,CA,KM,2
15462,0,692.2,629.09,2018-11-24,4 - Soir,6 - Samedi,Livraison,CA,UberEats,5
15465,0,346.86,315.03,2018-11-24,4 - Soir,6 - Samedi,Sur place,CA,,12
15468,185,0.0,0.0,2018-11-25,,7 - Dimanche,,CA,,0
15470,-3,0.0,0.0,2018-11-25,2 - Midi,7 - Dimanche,,CA,,0
15473,0,49.1,44.63,2018-11-25,2 - Midi,7 - Dimanche,À emporter,CA,,4
15475,0,37.0,32.5,2018-11-25,2 - Midi,7 - Dimanche,Limonade,CA,,4
15476,0,450.0,409.06,2018-11-25,2 - Midi,7 - Dimanche,Sur place,CA,,19
15478,0,15.7,14.28,2018-11-25,3 - Après-midi,7 - Dimanche,À emporter,CA,,1
15479,0,246.6,224.12,2018-11-25,3 - Après-midi,7 - Dimanche,Livraison,CA,Deliveroo,1
15480,0,324.9,295.31,2018-11-25,3 - Après-midi,7 - Dimanche,Livraison,CA,UberEats,2
15481,0,22.8,20.73,2018-11-25,3 - Après-midi,7 - Dimanche,Sur place,CA,,1
15482,-5,0.0,0.0,2018-11-25,4 - Soir,7 - Dimanche,,CA,,0
15485,0,322.2,292.66,2018-11-25,4 - Soir,7 - Dimanche,À emporter,CA,Deliveroo,1
15486,0,13.4,12.18,2018-11-25,4 - Soir,7 - Dimanche,À emporter,CA,KM,1
15487,0,350.31,318.05,2018-11-25,4 - Soir,7 - Dimanche,À emporter,CA,,15
15490,0,8.9,7.72,2018-11-25,4 - Soir,7 - Dimanche,Limonade,CA,,2
15491,0,140.5,126.97,2018-11-25,4 - Soir,7 - Dimanche,Livraison,CA,KM,4
15492,0,410.8,373.34,2018-11-25,4 - Soir,7 - Dimanche,Livraison,CA,UberEats,2
15493,0,170.7,154.98,2018-11-25,4 - Soir,7 - Dimanche,Sur place,CA,,10
15494,112,0.0,0.0,2018-11-26,,1 - Lundi,,CA,,0
15498,-5,0.0,0.0,2018-11-26,2 - Midi,1 - Lundi,,CA,,0
15502,0,9.9,8.5,2018-11-26,2 - Midi,1 - Lundi,À emporter,CA,,1
15503,0,322.3,292.51,2018-11-26,2 - Midi,1 - Lundi,À emporter,CA,,19
15507,0,14.6,12.52,2018-11-26,2 - Midi,1 - Lundi,Limonade,CA,,3
15509,0,490.9,444.16,2018-11-26,2 - Midi,1 - Lundi,Sur place,CA,,25
15512,0,15.9,14.45,2018-11-26,3 - Après-midi,1 - Lundi,À emporter,CA,,1
15514,0,15.9,14.45,2018-11-26,3 - Après-midi,1 - Lundi,Livraison,CA,Deliveroo,1
15515,0,72.0,65.43,2018-11-26,3 - Après-midi,1 - Lundi,Livraison,CA,UberEats,1
15516,0,14.0,12.72,2018-11-26,3 - Après-midi,1 - Lundi,Sur place,CA,,1
15517,-5,0.0,0.0,2018-11-26,4 - Soir,1 - Lundi,,CA,,0
15520,0,17.0,15.46,2018-11-26,4 - Soir,1 - Lundi,À emporter,CA,KM,1
15521,0,58.54,53.22,2018-11-26,4 - Soir,1 - Lundi,À emporter,CA,,3
15523,0,5.0,4.54,2018-11-26,4 - Soir,1 - Lundi,Limonade,CA,,1
15524,0,47.8,43.45,2018-11-26,4 - Soir,1 - Lundi,Livraison,CA,Deliveroo,1
15525,0,123.0,111.79,2018-11-26,4 - Soir,1 - Lundi,Livraison,CA,Deliveroo,2
15526,0,27.95,25.21,2018-11-26,4 - Soir,1 - Lundi,Livraison,CA,KM,1
15527,0,17.3,15.64,2018-11-26,4 - Soir,1 - Lundi,Livraison,CA,UberEats,1
15528,0,162.5,147.7,2018-11-26,4 - Soir,1 - Lundi,Livraison,CA,UberEats,2
15530,0,65.9,59.9,2018-11-26,4 - Soir,1 - Lundi,Sur place,CA,Deliveroo,1
15532,249,0.0,0.0,2018-11-27,,2 - Mardi,,CA,,0
15535,-2,0.0,0.0,2018-11-27,2 - Midi,2 - Mardi,,CA,,0
15538,0,110.1,99.41,2018-11-27,2 - Midi,2 - Mardi,À emporter,CA,,8
15542,0,8.9,8.07,2018-11-27,2 - Midi,2 - Mardi,Limonade,CA,,4
15543,0,21.4,19.45,2018-11-27,2 - Midi,2 - Mardi,Livraison,CA,Deliveroo,1
15544,0,187.2,170.15,2018-11-27,2 - Midi,2 - Mardi,Livraison,CA,UberEats,2
15546,0,919.0,832.21,2018-11-27,2 - Midi,2 - Mardi,Sur place,CA,,50
15550,0,29.9,27.19,2018-11-27,3 - Après-midi,2 - Mardi,À emporter,CA,,3
15551,0,4.1,3.72,2018-11-27,3 - Après-midi,2 - Mardi,Limonade,CA,,2
15552,0,142.6,129.6,2018-11-27,3 - Après-midi,2 - Mardi,Livraison,CA,UberEats,1
15553,0,122.4,111.28,2018-11-27,3 - Après-midi,2 - Mardi,Sur place,CA,,8
15554,-8,0.0,0.0,2018-11-27,4 - Soir,2 - Mardi,,CA,,0
15558,0,43.97,39.96,2018-11-27,4 - Soir,2 - Mardi,À emporter,CA,KM,1
15559,0,167.1,151.89,2018-11-27,4 - Soir,2 - Mardi,À emporter,CA,,8
15561,0,269.1,244.22,2018-11-27,4 - Soir,2 - Mardi,Livraison,CA,Deliveroo,2
15562,0,24.43,22.01,2018-11-27,4 - Soir,2 - Mardi,Livraison,CA,KM,1
15563,0,1224.0,1112.15,2018-11-27,4 - Soir,2 - Mardi,Livraison,CA,UberEats,6
15566,0,213.0,193.03,2018-11-27,4 - Soir,2 - Mardi,Sur place,CA,,8
15568,231,0.0,0.0,2018-11-28,,3 - Mercredi,,CA,,0
15571,0,1.6,1.45,2018-11-28,1 - Matin,3 - Mercredi,Limonade,CA,,1
15572,0,114.7,104.29,2018-11-28,2 - Midi,3 - Mercredi,À emporter,CA,,8
15573,0,16.9,15.35,2018-11-28,2 - Midi,3 - Mercredi,Limonade,CA,,5
15574,0,231.1,210.04,2018-11-28,2 - Midi,3 - Mercredi,Livraison,CA,Deliveroo,3
15575,0,157.9,143.52,2018-11-28,2 - Midi,3 - Mercredi,Livraison,CA,UberEats,4
15576,0,971.62,882.74,2018-11-28,2 - Midi,3 - Mercredi,Sur place,CA,,55
15578,0,82.5,74.72,2018-11-28,3 - Après-midi,3 - Mercredi,À emporter,CA,,4
15579,0,2.5,2.27,2018-11-28,3 - Après-midi,3 - Mercredi,Limonade,CA,,1
15581,0,33.3,30.26,2018-11-28,3 - Après-midi,3 - Mercredi,Livraison,CA,Deliveroo,1
15582,0,129.1,117.34,2018-11-28,3 - Après-midi,3 - Mercredi,Livraison,CA,UberEats,1
15584,0,35.3,31.81,2018-11-28,3 - Après-midi,3 - Mercredi,Sur place,CA,,2
15585,0,36.3,33.0,2018-11-28,4 - Soir,3 - Mercredi,À emporter,CA,KM,1
15586,0,85.9,77.9,2018-11-28,4 - Soir,3 - Mercredi,À emporter,CA,,4
15588,0,298.9,271.68,2018-11-28,4 - Soir,3 - Mercredi,Livraison,CA,Deliveroo,6
15589,0,88.21,79.64,2018-11-28,4 - Soir,3 - Mercredi,Livraison,CA,KM,3
15590,0,805.3,731.61,2018-11-28,4 - Soir,3 - Mercredi,Livraison,CA,UberEats,17
15593,0,272.6,247.58,2018-11-28,4 - Soir,3 - Mercredi,Sur place,CA,,19
15594,286,0.0,0.0,2018-11-29,,4 - Jeudi,,CA,,0
15597,-1,0.0,0.0,2018-11-29,2 - Midi,4 - Jeudi,,CA,,0
15600,0,330.81,300.73,2018-11-29,2 - Midi,4 - Jeudi,À emporter,CA,,20
15603,0,17.4,15.81,2018-11-29,2 - Midi,4 - Jeudi,Limonade,CA,,5
15604,0,92.3,83.88,2018-11-29,2 - Midi,4 - Jeudi,Livraison,CA,Deliveroo,1
15605,0,174.9,158.97,2018-11-29,2 - Midi,4 - Jeudi,Livraison,CA,UberEats,3
15606,0,929.46,844.55,2018-11-29,2 - Midi,4 - Jeudi,Sur place,CA,,60
15608,0,145.6,132.21,2018-11-29,3 - Après-midi,4 - Jeudi,À emporter,CA,,7
15609,0,66.3,60.27,2018-11-29,3 - Après-midi,4 - Jeudi,Livraison,CA,Deliveroo,1
15610,0,113.1,102.81,2018-11-29,3 - Après-midi,4 - Jeudi,Livraison,CA,UberEats,1
15611,0,25.8,23.46,2018-11-29,3 - Après-midi,4 - Jeudi,Sur place,CA,,1
15612,-18,0.0,0.0,2018-11-29,4 - Soir,4 - Jeudi,,CA,,0
15615,0,14.0,12.73,2018-11-29,4 - Soir,4 - Jeudi,À emporter,CA,KM,1
15616,0,85.04,77.3,2018-11-29,4 - Soir,4 - Jeudi,À emporter,CA,,4
15618,0,5.5,5.0,2018-11-29,4 - Soir,4 - Jeudi,Limonade,CA,,2
15619,0,412.1,374.48,2018-11-29,4 - Soir,4 - Jeudi,Livraison,CA,Deliveroo,2
15620,0,100.7,90.96,2018-11-29,4 - Soir,4 - Jeudi,Livraison,CA,KM,3
15621,0,1183.7,1075.51,2018-11-29,4 - Soir,4 - Jeudi,Livraison,CA,UberEats,5
15622,0,149.93,136.07,2018-11-29,4 - Soir,4 - Jeudi,Sur place,CA,,6
15625,291,0.0,0.0,2018-11-30,,5 - Vendredi,,CA,,0
15628,0,463.93,421.49,2018-11-30,2 - Midi,5 - Vendredi,À emporter,CA,,31
15631,0,13.4,12.17,2018-11-30,2 - Midi,5 - Vendredi,Limonade,CA,,5
15633,0,153.1,139.14,2018-11-30,2 - Midi,5 - Vendredi,Livraison,CA,Deliveroo,3
15634,0,133.2,121.07,2018-11-30,2 - Midi,5 - Vendredi,Livraison,CA,UberEats,2
15636,0,818.0,742.64,2018-11-30,2 - Midi,5 - Vendredi,Sur place,CA,,49
15637,0,3.2,2.9,2018-11-30,3 - Après-midi,5 - Vendredi,Limonade,CA,,3
15639,0,53.0,48.2,2018-11-30,3 - Après-midi,5 - Vendredi,Sur place,CA,,3
15640,-8,0.0,0.0,2018-11-30,4 - Soir,5 - Vendredi,,CA,,0
15643,0,226.5,205.52,2018-11-30,4 - Soir,5 - Vendredi,À emporter,CA,,12
15645,0,407.0,369.69,2018-11-30,4 - Soir,5 - Vendredi,Livraison,CA,Deliveroo,3
15646,0,109.86,99.28,2018-11-30,4 - Soir,5 - Vendredi,Livraison,CA,KM,3
15647,0,1602.1,1456.17,2018-11-30,4 - Soir,5 - Vendredi,Livraison,CA,UberEats,7
15649,0,108.8,98.56,2018-11-30,4 - Soir,5 - Vendredi,Sur place,CA,,6
15651,315,0.0,0.0,2018-12-01,,6 - Samedi,,CA,,0
15654,0,326.3,296.09,2018-12-01,2 - Midi,6 - Samedi,À emporter,CA,,12
15655,0,14.5,12.95,2018-12-01,2 - Midi,6 - Samedi,Limonade,CA,,4
15656,0,31.8,28.9,2018-12-01,2 - Midi,6 - Samedi,Livraison,CA,Deliveroo,1
15657,0,91.7,83.33,2018-12-01,2 - Midi,6 - Samedi,Livraison,CA,UberEats,2
15658,0,1067.97,969.97,2018-12-01,2 - Midi,6 - Samedi,Sur place,CA,,45
15660,0,77.8,70.48,2018-12-01,3 - Après-midi,6 - Samedi,À emporter,CA,UberEats,1
15661,0,33.8,30.56,2018-12-01,3 - Après-midi,6 - Samedi,À emporter,CA,,1
15662,0,8.7,7.9,2018-12-01,3 - Après-midi,6 - Samedi,Limonade,CA,,4
15663,0,255.8,232.5,2018-12-01,3 - Après-midi,6 - Samedi,Livraison,CA,UberEats,2
15664,0,53.2,48.37,2018-12-01,3 - Après-midi,6 - Samedi,Sur place,CA,,4
15665,-9,0.0,0.0,2018-12-01,4 - Soir,6 - Samedi,,CA,,0
15668,0,354.6,322.17,2018-12-01,4 - Soir,6 - Samedi,À emporter,CA,,9
15669,0,25.3,22.27,2018-12-01,4 - Soir,6 - Samedi,Limonade,CA,,4
15670,0,342.6,311.38,2018-12-01,4 - Soir,6 - Samedi,Livraison,CA,Deliveroo,1
15671,0,1341.9,1219.01,2018-12-01,4 - Soir,6 - Samedi,Livraison,CA,UberEats,6
15672,0,397.34,360.62,2018-12-01,4 - Soir,6 - Samedi,Sur place,CA,,13
15675,279,0.0,0.0,2018-12-02,,7 - Dimanche,,CA,,0
15678,0,67.7,61.55,2018-12-02,2 - Midi,7 - Dimanche,À emporter,CA,,4
15679,0,4.1,3.72,2018-12-02,2 - Midi,7 - Dimanche,Limonade,CA,,2
15681,0,590.8,536.71,2018-12-02,2 - Midi,7 - Dimanche,Sur place,CA,,24
15682,0,138.7,125.83,2018-12-02,3 - Après-midi,7 - Dimanche,À emporter,CA,,3
15683,0,6.4,5.8,2018-12-02,3 - Après-midi,7 - Dimanche,Limonade,CA,,4
15684,0,434.4,394.22,2018-12-02,3 - Après-midi,7 - Dimanche,Livraison,CA,Deliveroo,3
15685,0,540.4,491.14,2018-12-02,3 - Après-midi,7 - Dimanche,Livraison,CA,UberEats,5
15686,0,61.7,56.09,2018-12-02,3 - Après-midi,7 - Dimanche,Sur place,CA,,4
15687,-8,0.0,0.0,2018-12-02,4 - Soir,7 - Dimanche,,CA,,0
15690,0,59.1,53.71,2018-12-02,4 - Soir,7 - Dimanche,À emporter,CA,UberEats,2
15691,0,199.7,181.55,2018-12-02,4 - Soir,7 - Dimanche,À emporter,CA,,7
15692,0,7.52,6.83,2018-12-02,4 - Soir,7 - Dimanche,Limonade,CA,,2
15694,0,491.4,446.65,2018-12-02,4 - Soir,7 - Dimanche,Livraison,CA,Deliveroo,1
15695,0,1390.2,1263.58,2018-12-02,4 - Soir,7 - Dimanche,Livraison,CA,UberEats,7
15696,0,25.8,23.46,2018-12-02,4 - Soir,7 - Dimanche,Sur place,CA,,1
15698,181,0.0,0.0,2018-12-03,,1 - Lundi,,CA,,0
15700,0,3.2,2.91,2018-12-03,1 - Matin,1 - Lundi,Limonade,CA,,1
15701,0,284.81,258.92,2018-12-03,2 - Midi,1 - Lundi,À emporter,CA,,14
15703,0,9.2,8.14,2018-12-03,2 - Midi,1 - Lundi,Limonade,CA,,3
15704,0,114.5,104.07,2018-12-03,2 - Midi,1 - Lundi,Livraison,CA,Deliveroo,1
15705,0,31.0,28.18,2018-12-03,2 - Midi,1 - Lundi,Livraison,CA,UberEats,1
15706,0,613.4,556.76,2018-12-03,2 - Midi,1 - Lundi,Sur place,CA,,36
15708,0,15.9,14.45,2018-12-03,3 - Après-midi,1 - Lundi,À emporter,CA,,1
15709,0,50.7,46.07,2018-12-03,3 - Après-midi,1 - Lundi,Livraison,CA,Deliveroo,2
15710,0,75.8,68.89,2018-12-03,3 - Après-midi,1 - Lundi,Livraison,CA,UberEats,3
15711,0,12.9,11.73,2018-12-03,3 - Après-midi,1 - Lundi,Sur place,CA,,1
15712,-11,0.0,0.0,2018-12-03,4 - Soir,1 - Lundi,,CA,,0
15715,0,15.9,14.45,2018-12-03,4 - Soir,1 - Lundi,À emporter,CA,UberEats,1
15716,0,123.61,112.35,2018-12-03,4 - Soir,1 - Lundi,À emporter,CA,,6
15719,0,5.6,5.09,2018-12-03,4 - Soir,1 - Lundi,Limonade,CA,,1
15720,0,560.7,509.21,2018-12-03,4 - Soir,1 - Lundi,Livraison,CA,Deliveroo,5
15721,0,57.2,51.62,2018-12-03,4 - Soir,1 - Lundi,Livraison,CA,KM,2
15722,0,329.7,298.29,2018-12-03,4 - Soir,1 - Lundi,Livraison,CA,UberEats,3
15724,0,220.0,199.86,2018-12-03,4 - Soir,1 - Lundi,Sur place,CA,,11
15726,170,0.0,0.0,2018-12-04,,2 - Mardi,,CA,,0
15729,0,343.46,311.74,2018-12-04,2 - Midi,2 - Mardi,À emporter,CA,,21
15733,0,4.8,4.35,2018-12-04,2 - Midi,2 - Mardi,Limonade,CA,,1
15734,0,60.3,54.81,2018-12-04,2 - Midi,2 - Mardi,Livraison,CA,Deliveroo,1
15735,0,63.6,57.8,2018-12-04,2 - Midi,2 - Mardi,Livraison,CA,UberEats,1
15736,0,41.7,37.91,2018-12-04,2 - Midi,2 - Mardi,Sur place,CA,,3
15737,0,698.4,634.8,2018-12-04,2 - Midi,2 - Mardi,Sur place,CA,,42
15738,0,21.4,19.46,2018-12-04,3 - Après-midi,2 - Mardi,À emporter,CA,,2
15739,0,72.6,66.0,2018-12-04,3 - Après-midi,2 - Mardi,À emporter,CA,,4
15740,0,1.6,1.45,2018-12-04,3 - Après-midi,2 - Mardi,Limonade,CA,,1
15741,-8,0.0,0.0,2018-12-04,4 - Soir,2 - Mardi,,CA,,0
15744,0,15.9,14.45,2018-12-04,4 - Soir,2 - Mardi,À emporter,CA,,1
15745,0,199.2,181.09,2018-12-04,4 - Soir,2 - Mardi,À emporter,CA,,10
15746,0,9.6,8.73,2018-12-04,4 - Soir,2 - Mardi,Limonade,CA,,2
15747,0,128.7,116.97,2018-12-04,4 - Soir,2 - Mardi,Livraison,CA,Deliveroo,2
15748,0,68.09,61.51,2018-12-04,4 - Soir,2 - Mardi,Livraison,CA,KM,2
15749,0,336.5,305.81,2018-12-04,4 - Soir,2 - Mardi,Livraison,CA,UberEats,6
15751,0,13.8,12.55,2018-12-04,4 - Soir,2 - Mardi,Sur place,CA,,1
15752,0,220.82,200.21,2018-12-04,4 - Soir,2 - Mardi,Sur place,CA,,12
15755,200,0.0,0.0,2018-12-05,,3 - Mercredi,,CA,,0
15757,-2,0.0,0.0,2018-12-05,2 - Midi,3 - Mercredi,,CA,,0
15760,0,353.25,321.13,2018-12-05,2 - Midi,3 - Mercredi,À emporter,CA,,25
15762,0,4.6,4.18,2018-12-05,2 - Midi,3 - Mercredi,Limonade,CA,,2
15763,0,140.3,127.5,2018-12-05,2 - Midi,3 - Mercredi,Livraison,CA,Deliveroo,1
15764,0,236.2,214.67,2018-12-05,2 - Midi,3 - Mercredi,Livraison,CA,UberEats,1
15765,0,545.76,495.97,2018-12-05,2 - Midi,3 - Mercredi,Sur place,CA,,33
15769,0,45.8,41.63,2018-12-05,3 - Après-midi,3 - Mercredi,À emporter,CA,,3
15770,0,11.0,9.77,2018-12-05,3 - Après-midi,3 - Mercredi,Limonade,CA,,2
15771,0,66.2,59.98,2018-12-05,3 - Après-midi,3 - Mercredi,Livraison,CA,Deliveroo,1
15772,0,69.4,63.08,2018-12-05,3 - Après-midi,3 - Mercredi,Livraison,CA,UberEats,1
15773,0,112.2,102.0,2018-12-05,3 - Après-midi,3 - Mercredi,Sur place,CA,,4
15774,-10,0.0,0.0,2018-12-05,4 - Soir,3 - Mercredi,,CA,,0
15778,0,124.01,112.55,2018-12-05,4 - Soir,3 - Mercredi,À emporter,CA,,8
15781,0,-8.46,-8.46,2018-12-05,4 - Soir,3 - Mercredi,Limonade,CA,,1
15783,0,409.6,371.89,2018-12-05,4 - Soir,3 - Mercredi,Livraison,CA,Deliveroo,4
15784,0,32.3,29.17,2018-12-05,4 - Soir,3 - Mercredi,Livraison,CA,KM,1
15785,0,429.9,390.71,2018-12-05,4 - Soir,3 - Mercredi,Livraison,CA,UberEats,3
15787,0,235.0,213.06,2018-12-05,4 - Soir,3 - Mercredi,Sur place,CA,,12
15789,253,0.0,0.0,2018-12-06,,4 - Jeudi,,CA,,0
15791,0,272.5,247.51,2018-12-06,2 - Midi,4 - Jeudi,À emporter,CA,,18
15792,0,129.3,117.51,2018-12-06,2 - Midi,4 - Jeudi,Livraison,CA,Deliveroo,1
15793,0,71.5,64.99,2018-12-06,2 - Midi,4 - Jeudi,Livraison,CA,UberEats,1
15794,0,915.6,832.13,2018-12-06,2 - Midi,4 - Jeudi,Sur place,CA,,54
15795,0,60.1,54.64,2018-12-06,3 - Après-midi,4 - Jeudi,À emporter,CA,,4
15796,0,38.3,32.86,2018-12-06,3 - Après-midi,4 - Jeudi,Limonade,CA,,6
15797,0,210.8,190.91,2018-12-06,3 - Après-midi,4 - Jeudi,Sur place,CA,,8
15798,0,218.0,196.98,2018-12-06,4 - Soir,4 - Jeudi,À emporter,CA,,11
15799,0,11.75,10.68,2018-12-06,4 - Soir,4 - Jeudi,Limonade,CA,,3
15801,0,897.8,815.18,2018-12-06,4 - Soir,4 - Jeudi,Livraison,CA,Deliveroo,8
15802,0,44.12,39.91,2018-12-06,4 - Soir,4 - Jeudi,Livraison,CA,KM,1
15803,0,606.2,551.0,2018-12-06,4 - Soir,4 - Jeudi,Livraison,CA,UberEats,6
15806,0,285.6,259.65,2018-12-06,4 - Soir,4 - Jeudi,Sur place,CA,,11
15807,392,0.0,0.0,2018-12-07,,5 - Vendredi,,CA,,0
15809,0,15.9,14.45,2018-12-07,2 - Midi,5 - Vendredi,À emporter,CA,,1
15810,0,348.4,316.75,2018-12-07,2 - Midi,5 - Vendredi,À emporter,CA,,22
15811,0,12.8,11.63,2018-12-07,2 - Midi,5 - Vendredi,Limonade,CA,,3
15812,0,24.51,22.28,2018-12-07,2 - Midi,5 - Vendredi,Sur place,CA,,2
15813,0,1121.92,1016.61,2018-12-07,2 - Midi,5 - Vendredi,Sur place,CA,,62
15816,0,1.6,1.45,2018-12-07,3 - Après-midi,5 - Vendredi,Limonade,CA,,1
15817,0,10.6,9.25,2018-12-07,3 - Après-midi,5 - Vendredi,Limonade,CA,,3
15818,0,210.4,191.22,2018-12-07,3 - Après-midi,5 - Vendredi,Livraison,CA,Deliveroo,1
15819,0,212.2,192.88,2018-12-07,3 - Après-midi,5 - Vendredi,Livraison,CA,UberEats,2
15821,0,175.5,159.31,2018-12-07,3 - Après-midi,5 - Vendredi,Sur place,CA,,7
15822,-13,0.0,0.0,2018-12-07,4 - Soir,5 - Vendredi,,CA,,0
15826,0,231.7,210.64,2018-12-07,4 - Soir,5 - Vendredi,À emporter,CA,,11
15828,0,32.0,29.09,2018-12-07,4 - Soir,5 - Vendredi,Limonade,CA,,6
15829,0,1255.7,1140.9,2018-12-07,4 - Soir,5 - Vendredi,Livraison,CA,Deliveroo,7
15830,0,204.18,184.65,2018-12-07,4 - Soir,5 - Vendredi,Livraison,CA,KM,5
15831,0,888.0,807.05,2018-12-07,4 - Soir,5 - Vendredi,Livraison,CA,UberEats,4
15834,0,897.6,815.78,2018-12-07,4 - Soir,5 - Vendredi,Sur place,CA,,43
15836,440,0.0,0.0,2018-12-08,,6 - Samedi,,CA,,0
15838,0,301.5,274.01,2018-12-08,2 - Midi,6 - Samedi,À emporter,CA,,14
15839,0,3.2,2.91,2018-12-08,2 - Midi,6 - Samedi,Limonade,CA,,1
15840,0,2015.5,1831.91,2018-12-08,2 - Midi,6 - Samedi,Sur place,CA,,81
15841,0,63.1,57.37,2018-12-08,3 - Après-midi,6 - Samedi,À emporter,CA,,3
15842,0,41.6,36.86,2018-12-08,3 - Après-midi,6 - Samedi,Limonade,CA,,10
15843,0,153.1,139.14,2018-12-08,3 - Après-midi,6 - Samedi,Livraison,CA,Deliveroo,1
15844,0,301.4,273.92,2018-12-08,3 - Après-midi,6 - Samedi,Livraison,CA,UberEats,3
15845,0,388.26,352.73,2018-12-08,3 - Après-midi,6 - Samedi,Sur place,CA,,14
15847,-14,0.0,0.0,2018-12-08,4 - Soir,6 - Samedi,,CA,,0
15850,0,17.2,15.64,2018-12-08,4 - Soir,6 - Samedi,À emporter,CA,KM,1
15851,0,153.9,139.91,2018-12-08,4 - Soir,6 - Samedi,À emporter,CA,,7
15853,0,5.23,4.48,2018-12-08,4 - Soir,6 - Samedi,Limonade,CA,,3
15855,0,1104.8,1003.2,2018-12-08,4 - Soir,6 - Samedi,Livraison,CA,Deliveroo,11
15856,0,64.85,58.55,2018-12-08,4 - Soir,6 - Samedi,Livraison,CA,KM,2
15857,0,700.8,636.97,2018-12-08,4 - Soir,6 - Samedi,Livraison,CA,UberEats,6
15861,0,918.91,834.14,2018-12-08,4 - Soir,6 - Samedi,Sur place,CA,,34
15864,378,0.0,0.0,2018-12-09,,7 - Dimanche,,CA,,0
15867,0,199.46,181.14,2018-12-09,2 - Midi,7 - Dimanche,À emporter,CA,,8
15869,0,18.8,17.09,2018-12-09,2 - Midi,7 - Dimanche,Limonade,CA,,5
15870,0,597.3,541.83,2018-12-09,2 - Midi,7 - Dimanche,Livraison,CA,Deliveroo,2
15873,0,1694.61,1538.86,2018-12-09,2 - Midi,7 - Dimanche,Sur place,CA,,70
15875,0,79.5,72.27,2018-12-09,3 - Après-midi,7 - Dimanche,À emporter,CA,,3
15876,0,4.0,3.64,2018-12-09,3 - Après-midi,7 - Dimanche,Limonade,CA,,1
15877,0,166.2,151.05,2018-12-09,3 - Après-midi,7 - Dimanche,Livraison,CA,UberEats,1
15878,0,75.6,68.71,2018-12-09,3 - Après-midi,7 - Dimanche,Sur place,CA,,4
15879,-12,0.0,0.0,2018-12-09,4 - Soir,7 - Dimanche,,CA,,0
15882,0,225.9,205.22,2018-12-09,4 - Soir,7 - Dimanche,À emporter,CA,,12
15883,0,10.2,9.28,2018-12-09,4 - Soir,7 - Dimanche,Limonade,CA,,2
15884,0,759.1,689.91,2018-12-09,4 - Soir,7 - Dimanche,Livraison,CA,Deliveroo,5
15885,0,125.28,113.12,2018-12-09,4 - Soir,7 - Dimanche,Livraison,CA,KM,4
15886,0,1106.0,1004.87,2018-12-09,4 - Soir,7 - Dimanche,Livraison,CA,UberEats,4
15888,0,435.25,395.29,2018-12-09,4 - Soir,7 - Dimanche,Sur place,CA,,14
15891,196,0.0,0.0,2018-12-10,,1 - Lundi,,CA,,0
15894,-2,0.0,0.0,2018-12-10,2 - Midi,1 - Lundi,,CA,,0
15897,0,148.6,135.11,2018-12-10,2 - Midi,1 - Lundi,À emporter,CA,,5
15899,0,3.2,2.9,2018-12-10,2 - Midi,1 - Lundi,Limonade,CA,,2
15900,0,194.1,176.43,2018-12-10,2 - Midi,1 - Lundi,Livraison,CA,UberEats,1
15901,0,898.56,815.88,2018-12-10,2 - Midi,1 - Lundi,Sur place,CA,,53
15904,-3,0.0,0.0,2018-12-10,3 - Après-midi,1 - Lundi,,CA,,0
15907,0,14.0,12.72,2018-12-10,3 - Après-midi,1 - Lundi,À emporter,CA,,1
15908,0,14.2,12.45,2018-12-10,3 - Après-midi,1 - Lundi,Limonade,CA,,2
15909,0,188.8,171.62,2018-12-10,3 - Après-midi,1 - Lundi,Livraison,CA,Deliveroo,2
15910,0,163.4,148.52,2018-12-10,3 - Après-midi,1 - Lundi,Livraison,CA,UberEats,1
15911,0,15.9,14.45,2018-12-10,3 - Après-midi,1 - Lundi,Sur place,CA,,1
15913,-5,0.0,0.0,2018-12-10,4 - Soir,1 - Lundi,,CA,,0
15916,0,176.4,160.18,2018-12-10,4 - Soir,1 - Lundi,À emporter,CA,,8
15918,0,4.0,3.64,2018-12-10,4 - Soir,1 - Lundi,Limonade,CA,,1
15919,0,360.6,327.77,2018-12-10,4 - Soir,1 - Lundi,Livraison,CA,Deliveroo,3
15920,0,115.97,104.72,2018-12-10,4 - Soir,1 - Lundi,Livraison,CA,KM,4
15921,0,429.6,390.44,2018-12-10,4 - Soir,1 - Lundi,Livraison,CA,UberEats,5
15923,0,39.8,36.18,2018-12-10,4 - Soir,1 - Lundi,Sur place,CA,,2
15924,179,0.0,0.0,2018-12-11,,2 - Mardi,,CA,,0
15927,0,3.2,2.9,2018-12-11,1 - Matin,2 - Mardi,Limonade,CA,,2
15928,0,30.5,27.73,2018-12-11,1 - Matin,2 - Mardi,Sur place,CA,,2
15931,0,32.6,29.64,2018-12-11,2 - Midi,2 - Mardi,À emporter,CA,,2
15932,0,190.6,173.31,2018-12-11,2 - Midi,2 - Mardi,À emporter,CA,,12
15934,0,9.2,8.37,2018-12-11,2 - Midi,2 - Mardi,Limonade,CA,,1
15935,0,25.0,22.73,2018-12-11,2 - Midi,2 - Mardi,Limonade,CA,,4
15936,0,90.8,82.54,2018-12-11,2 - Midi,2 - Mardi,Livraison,CA,Deliveroo,1
15937,0,70.0,63.65,2018-12-11,2 - Midi,2 - Mardi,Sur place,CA,,4
15938,0,720.9,655.18,2018-12-11,2 - Midi,2 - Mardi,Sur place,CA,,45
15941,0,66.0,60.01,2018-12-11,3 - Après-midi,2 - Mardi,À emporter,CA,,2
15942,0,3.2,2.9,2018-12-11,3 - Après-midi,2 - Mardi,Limonade,CA,,2
15943,0,25.2,22.9,2018-12-11,3 - Après-midi,2 - Mardi,Sur place,CA,,1
15945,-9,0.0,0.0,2018-12-11,4 - Soir,2 - Mardi,,CA,,0
15948,0,118.6,107.83,2018-12-11,4 - Soir,2 - Mardi,À emporter,CA,,5
15951,0,11.1,9.83,2018-12-11,4 - Soir,2 - Mardi,Limonade,CA,,2
15953,0,501.0,455.35,2018-12-11,4 - Soir,2 - Mardi,Livraison,CA,Deliveroo,5
15954,0,468.8,426.09,2018-12-11,4 - Soir,2 - Mardi,Livraison,CA,UberEats,6
15955,0,212.2,192.7,2018-12-11,4 - Soir,2 - Mardi,Sur place,CA,,9
15957,211,0.0,0.0,2018-12-12,,3 - Mercredi,,CA,,0
15960,0,201.7,182.97,2018-12-12,1 - Matin,3 - Mercredi,Livraison,CA,UberEats,1
15961,0,14.0,12.73,2018-12-12,1 - Matin,3 - Mercredi,Sur place,CA,,1
15962,0,14.0,12.73,2018-12-12,2 - Midi,3 - Mercredi,À emporter,CA,,1
15963,0,481.1,436.68,2018-12-12,2 - Midi,3 - Mercredi,À emporter,CA,,30
15966,0,4.8,4.36,2018-12-12,2 - Midi,3 - Mercredi,Limonade,CA,,2
15968,0,133.9,121.73,2018-12-12,2 - Midi,3 - Mercredi,Sur place,CA,,5
15969,0,832.35,756.77,2018-12-12,2 - Midi,3 - Mercredi,Sur place,CA,,47
15973,0,14.0,12.73,2018-12-12,3 - Après-midi,3 - Mercredi,À emporter,CA,,1
15974,0,25.1,22.81,2018-12-12,3 - Après-midi,3 - Mercredi,À emporter,CA,,2
15976,0,3.2,2.91,2018-12-12,3 - Après-midi,3 - Mercredi,Limonade,CA,,1
15977,0,99.4,90.34,2018-12-12,3 - Après-midi,3 - Mercredi,Livraison,CA,Deliveroo,1
15978,0,50.5,45.91,2018-12-12,3 - Après-midi,3 - Mercredi,Sur place,CA,,2
15979,-9,0.0,0.0,2018-12-12,4 - Soir,3 - Mercredi,,CA,,0
15982,0,87.0,79.11,2018-12-12,4 - Soir,3 - Mercredi,À emporter,CA,,4
15983,0,3.5,2.92,2018-12-12,4 - Soir,3 - Mercredi,Limonade,CA,,1
15984,0,503.6,457.27,2018-12-12,4 - Soir,3 - Mercredi,Livraison,CA,Deliveroo,5
15985,0,500.5,454.88,2018-12-12,4 - Soir,3 - Mercredi,Livraison,CA,UberEats,3
15988,0,132.5,120.22,2018-12-12,4 - Soir,3 - Mercredi,Sur place,CA,,5
15990,216,0.0,0.0,2018-12-13,,4 - Jeudi,,CA,,0
15993,0,14.0,12.73,2018-12-13,1 - Matin,4 - Jeudi,Sur place,CA,,1
15994,-1,0.0,0.0,2018-12-13,2 - Midi,4 - Jeudi,,CA,,0
15997,0,445.0,404.46,2018-12-13,2 - Midi,4 - Jeudi,À emporter,CA,,29
16001,0,14.7,13.37,2018-12-13,2 - Midi,4 - Jeudi,Limonade,CA,,4
16003,0,751.35,682.43,2018-12-13,2 - Midi,4 - Jeudi,Sur place,CA,,40
16007,0,26.5,24.09,2018-12-13,3 - Après-midi,4 - Jeudi,À emporter,CA,,2
16008,0,10.7,9.72,2018-12-13,3 - Après-midi,4 - Jeudi,Limonade,CA,,3
16009,0,245.9,223.49,2018-12-13,3 - Après-midi,4 - Jeudi,Livraison,CA,UberEats,1
16011,0,68.4,62.15,2018-12-13,3 - Après-midi,4 - Jeudi,Sur place,CA,,4
16013,0,89.5,78.83,2018-12-13,4 - Soir,4 - Jeudi,À emporter,CA,,7
16016,0,601.5,546.52,2018-12-13,4 - Soir,4 - Jeudi,Livraison,CA,Deliveroo,8
16017,0,196.62,177.98,2018-12-13,4 - Soir,4 - Jeudi,Livraison,CA,KM,4
16018,0,584.1,530.93,2018-12-13,4 - Soir,4 - Jeudi,Livraison,CA,UberEats,8
16022,0,362.15,327.96,2018-12-13,4 - Soir,4 - Jeudi,Sur place,CA,,22
16025,233,0.0,0.0,2018-12-14,,5 - Vendredi,,CA,,0
16028,0,446.2,404.23,2018-12-14,2 - Midi,5 - Vendredi,À emporter,CA,,27
16031,0,14.5,12.92,2018-12-14,2 - Midi,5 - Vendredi,Limonade,CA,,4
16032,0,212.8,193.42,2018-12-14,2 - Midi,5 - Vendredi,Livraison,CA,Deliveroo,1
16033,0,100.3,91.16,2018-12-14,2 - Midi,5 - Vendredi,Livraison,CA,UberEats,1
16036,0,858.8,780.48,2018-12-14,2 - Midi,5 - Vendredi,Sur place,CA,,43
16038,0,25.0,22.73,2018-12-14,3 - Après-midi,5 - Vendredi,À emporter,CA,,2
16039,0,14.8,12.91,2018-12-14,3 - Après-midi,5 - Vendredi,Limonade,CA,,5
16040,0,59.5,54.1,2018-12-14,3 - Après-midi,5 - Vendredi,Sur place,CA,,2
16042,-8,0.0,0.0,2018-12-14,4 - Soir,5 - Vendredi,,CA,,0
16046,0,277.5,251.17,2018-12-14,4 - Soir,5 - Vendredi,À emporter,CA,,11
16049,0,6.5,5.65,2018-12-14,4 - Soir,5 - Vendredi,Limonade,CA,,2
16050,0,590.6,536.62,2018-12-14,4 - Soir,5 - Vendredi,Livraison,CA,Deliveroo,5
16051,0,817.9,743.53,2018-12-14,4 - Soir,5 - Vendredi,Livraison,CA,UberEats,6
16055,0,81.15,73.77,2018-12-14,4 - Soir,5 - Vendredi,Sur place,CA,,4
16058,273,0.0,0.0,2018-12-15,,6 - Samedi,,CA,,0
16061,0,562.87,511.21,2018-12-15,2 - Midi,6 - Samedi,À emporter,CA,,25
16064,0,1.6,1.45,2018-12-15,2 - Midi,6 - Samedi,Limonade,CA,,1
16065,0,753.9,685.11,2018-12-15,2 - Midi,6 - Samedi,Sur place,CA,,30
16067,0,92.6,84.19,2018-12-15,3 - Après-midi,6 - Samedi,À emporter,CA,,5
16069,0,18.8,16.03,2018-12-15,3 - Après-midi,6 - Samedi,Limonade,CA,,5
16070,0,237.7,216.09,2018-12-15,3 - Après-midi,6 - Samedi,Sur place,CA,,11
16072,-7,0.0,0.0,2018-12-15,4 - Soir,6 - Samedi,,CA,,0
16075,0,212.83,193.49,2018-12-15,4 - Soir,6 - Samedi,À emporter,CA,,9
16077,0,4.5,4.09,2018-12-15,4 - Soir,6 - Samedi,Limonade,CA,,1
16078,0,240.8,218.89,2018-12-15,4 - Soir,6 - Samedi,Livraison,CA,Deliveroo,2
16079,0,908.58,823.16,2018-12-15,4 - Soir,6 - Samedi,Livraison,CA,Deliveroo,6
16080,0,79.3,72.08,2018-12-15,4 - Soir,6 - Samedi,Livraison,CA,UberEats,2
16081,0,666.7,606.11,2018-12-15,4 - Soir,6 - Samedi,Livraison,CA,UberEats,4
16087,0,248.25,225.69,2018-12-15,4 - Soir,6 - Samedi,Sur place,CA,,12
16090,263,0.0,0.0,2018-12-16,,7 - Dimanche,,CA,,0
16092,0,249.0,226.36,2018-12-16,2 - Midi,7 - Dimanche,À emporter,CA,,10
16094,0,1.6,1.45,2018-12-16,2 - Midi,7 - Dimanche,Limonade,CA,,1
16095,0,676.1,614.31,2018-12-16,2 - Midi,7 - Dimanche,Sur place,CA,,25
16097,0,114.2,103.83,2018-12-16,3 - Après-midi,7 - Dimanche,À emporter,CA,,5
16098,0,3.6,3.27,2018-12-16,3 - Après-midi,7 - Dimanche,Limonade,CA,,1
16100,0,375.2,340.99,2018-12-16,3 - Après-midi,7 - Dimanche,Livraison,CA,Deliveroo,1
16102,0,28.0,25.46,2018-12-16,3 - Après-midi,7 - Dimanche,Sur place,CA,,1
16103,-8,0.0,0.0,2018-12-16,4 - Soir,7 - Dimanche,,CA,,0
16106,0,50.4,45.82,2018-12-16,4 - Soir,7 - Dimanche,À emporter,CA,KM,2
16107,0,179.49,161.98,2018-12-16,4 - Soir,7 - Dimanche,À emporter,CA,,6
16109,0,-6.84,-7.09,2018-12-16,4 - Soir,7 - Dimanche,Limonade,CA,,2
16111,0,776.9,706.18,2018-12-16,4 - Soir,7 - Dimanche,Livraison,CA,Deliveroo,2
16112,0,104.47,94.39,2018-12-16,4 - Soir,7 - Dimanche,Livraison,CA,KM,3
16113,0,1255.0,1141.05,2018-12-16,4 - Soir,7 - Dimanche,Livraison,CA,UberEats,3
16117,0,253.2,230.13,2018-12-16,4 - Soir,7 - Dimanche,Sur place,CA,,12
16120,192,0.0,0.0,2018-12-17,,1 - Lundi,,CA,,0
16122,0,503.5,457.68,2018-12-17,2 - Midi,1 - Lundi,À emporter,CA,,33
16124,0,1.6,1.45,2018-12-17,2 - Midi,1 - Lundi,Limonade,CA,,1
16125,0,975.8,887.23,2018-12-17,2 - Midi,1 - Lundi,Sur place,CA,,60
16127,0,12.6,11.45,2018-12-17,3 - Après-midi,1 - Lundi,À emporter,CA,,1
16129,0,26.1,22.97,2018-12-17,3 - Après-midi,1 - Lundi,Limonade,CA,,5
16130,0,11.0,10.0,2018-12-17,3 - Après-midi,1 - Lundi,Sur place,CA,,1
16131,-8,0.0,0.0,2018-12-17,4 - Soir,1 - Lundi,,CA,,0
16134,0,130.6,118.75,2018-12-17,4 - Soir,1 - Lundi,À emporter,CA,,5
16136,0,453.1,411.92,2018-12-17,4 - Soir,1 - Lundi,Livraison,CA,Deliveroo,4
16137,0,88.45,80.02,2018-12-17,4 - Soir,1 - Lundi,Livraison,CA,KM,2
16138,0,485.9,441.73,2018-12-17,4 - Soir,1 - Lundi,Livraison,CA,UberEats,3
16142,0,58.0,52.74,2018-12-17,4 - Soir,1 - Lundi,Sur place,CA,,3
16144,189,0.0,0.0,2018-12-18,,2 - Mardi,,CA,,0
16146,-3,0.0,0.0,2018-12-18,2 - Midi,2 - Mardi,,CA,,0
16149,0,250.6,227.83,2018-12-18,2 - Midi,2 - Mardi,À emporter,CA,,16
16151,0,1.6,1.45,2018-12-18,2 - Midi,2 - Mardi,Limonade,CA,,1
16152,0,72.2,65.65,2018-12-18,2 - Midi,2 - Mardi,Livraison,CA,Deliveroo,1
16153,0,145.1,131.9,2018-12-18,2 - Midi,2 - Mardi,Livraison,CA,UberEats,1
16156,0,683.75,621.27,2018-12-18,2 - Midi,2 - Mardi,Sur place,CA,,42
16159,0,44.0,40.0,2018-12-18,3 - Après-midi,2 - Mardi,À emporter,CA,,2
16160,0,82.5,74.99,2018-12-18,3 - Après-midi,2 - Mardi,Livraison,CA,UberEats,1
16162,0,36.0,32.73,2018-12-18,3 - Après-midi,2 - Mardi,Sur place,CA,,2
16164,-3,0.0,0.0,2018-12-18,4 - Soir,2 - Mardi,,CA,,0
16167,0,488.65,444.16,2018-12-18,4 - Soir,2 - Mardi,À emporter,CA,,31
16169,0,3.0,2.73,2018-12-18,4 - Soir,2 - Mardi,Limonade,CA,,1
16170,0,360.0,327.3,2018-12-18,4 - Soir,2 - Mardi,Livraison,CA,Deliveroo,4
16171,0,31.5,28.44,2018-12-18,4 - Soir,2 - Mardi,Livraison,CA,KM,1
16172,0,252.3,229.32,2018-12-18,4 - Soir,2 - Mardi,Livraison,CA,UberEats,3
16175,0,169.1,153.71,2018-12-18,4 - Soir,2 - Mardi,Sur place,CA,,11
16178,227,0.0,0.0,2018-12-19,,3 - Mercredi,,CA,,0
16180,0,279.28,253.9,2018-12-19,2 - Midi,3 - Mercredi,À emporter,CA,,18
16183,0,10.6,9.64,2018-12-19,2 - Midi,3 - Mercredi,Limonade,CA,,3
16184,0,89.4,81.25,2018-12-19,2 - Midi,3 - Mercredi,Livraison,CA,Deliveroo,1
16185,0,177.1,160.96,2018-12-19,2 - Midi,3 - Mercredi,Livraison,CA,UberEats,1
16188,0,733.3,666.63,2018-12-19,2 - Midi,3 - Mercredi,Sur place,CA,,41
16190,0,116.5,105.93,2018-12-19,3 - Après-midi,3 - Mercredi,À emporter,CA,,5
16191,0,14.0,12.73,2018-12-19,3 - Après-midi,3 - Mercredi,Sur place,CA,,1
16192,-8,0.0,0.0,2018-12-19,4 - Soir,3 - Mercredi,,CA,,0
16195,0,113.2,102.91,2018-12-19,4 - Soir,3 - Mercredi,À emporter,CA,,8
16198,0,1.6,1.45,2018-12-19,4 - Soir,3 - Mercredi,Limonade,CA,,1
16199,0,609.0,553.52,2018-12-19,4 - Soir,3 - Mercredi,Livraison,CA,Deliveroo,2
16200,0,32.5,29.35,2018-12-19,4 - Soir,3 - Mercredi,Livraison,CA,KM,1
16201,0,519.9,472.56,2018-12-19,4 - Soir,3 - Mercredi,Livraison,CA,UberEats,2
16205,0,628.05,570.84,2018-12-19,4 - Soir,3 - Mercredi,Sur place,CA,,41
16207,220,0.0,0.0,2018-12-20,,4 - Jeudi,,CA,,0
16210,0,315.53,286.72,2018-12-20,2 - Midi,4 - Jeudi,À emporter,CA,,21
16214,0,6.2,5.63,2018-12-20,2 - Midi,4 - Jeudi,Limonade,CA,,3
16215,0,145.4,132.16,2018-12-20,2 - Midi,4 - Jeudi,Livraison,CA,Deliveroo,1
16216,0,15.9,14.45,2018-12-20,2 - Midi,4 - Jeudi,Livraison,CA,UberEats,1
16219,0,910.35,827.33,2018-12-20,2 - Midi,4 - Jeudi,Sur place,CA,,45
16221,0,10.0,9.09,2018-12-20,3 - Après-midi,4 - Jeudi,À emporter,CA,,1
16222,0,4.6,4.18,2018-12-20,3 - Après-midi,4 - Jeudi,Limonade,CA,,1
16223,0,79.1,71.91,2018-12-20,3 - Après-midi,4 - Jeudi,Sur place,CA,,5
16224,-11,0.0,0.0,2018-12-20,4 - Soir,4 - Jeudi,,CA,,0
16227,0,242.3,220.22,2018-12-20,4 - Soir,4 - Jeudi,À emporter,CA,,8
16230,0,6.2,5.64,2018-12-20,4 - Soir,4 - Jeudi,Limonade,CA,,2
16231,0,642.8,584.13,2018-12-20,4 - Soir,4 - Jeudi,Livraison,CA,Deliveroo,2
16232,0,63.4,57.24,2018-12-20,4 - Soir,4 - Jeudi,Livraison,CA,KM,2
16233,0,764.7,693.82,2018-12-20,4 - Soir,4 - Jeudi,Livraison,CA,UberEats,3
16236,0,178.0,161.85,2018-12-20,4 - Soir,4 - Jeudi,Sur place,CA,,9
16237,298,0.0,0.0,2018-12-21,,5 - Vendredi,,CA,,0
16241,0,723.55,657.82,2018-12-21,2 - Midi,5 - Vendredi,À emporter,CA,,36
16244,0,12.2,10.86,2018-12-21,2 - Midi,5 - Vendredi,Limonade,CA,,5
16246,0,142.6,129.66,2018-12-21,2 - Midi,5 - Vendredi,Livraison,CA,Deliveroo,1
16247,0,298.1,270.98,2018-12-21,2 - Midi,5 - Vendredi,Livraison,CA,UberEats,1
16251,0,1077.0,979.15,2018-12-21,2 - Midi,5 - Vendredi,Sur place,CA,,61
16253,0,50.0,45.46,2018-12-21,3 - Après-midi,5 - Vendredi,À emporter,CA,,3
16254,0,1.6,1.45,2018-12-21,3 - Après-midi,5 - Vendredi,Limonade,CA,,1
16255,0,31.03,28.01,2018-12-21,3 - Après-midi,5 - Vendredi,Livraison,CA,KM,1
16258,0,14.3,13.0,2018-12-21,3 - Après-midi,5 - Vendredi,Sur place,CA,,1
16259,-11,0.0,0.0,2018-12-21,4 - Soir,5 - Vendredi,,CA,,0
16262,0,186.8,169.85,2018-12-21,4 - Soir,5 - Vendredi,À emporter,CA,,10
16264,0,14.8,13.45,2018-12-21,4 - Soir,5 - Vendredi,Limonade,CA,,4
16266,0,577.6,525.43,2018-12-21,4 - Soir,5 - Vendredi,Livraison,CA,Deliveroo,1
16267,0,104.97,94.85,2018-12-21,4 - Soir,5 - Vendredi,Livraison,CA,KM,3
16268,0,755.6,686.83,2018-12-21,4 - Soir,5 - Vendredi,Livraison,CA,UberEats,2
16275,0,459.9,418.0,2018-12-21,4 - Soir,5 - Vendredi,Sur place,CA,,20
16278,204,0.0,0.0,2018-12-22,,6 - Samedi,,CA,,0
16280,0,337.4,306.73,2018-12-22,2 - Midi,6 - Samedi,À emporter,CA,,17
16282,0,3.39,2.53,2018-12-22,2 - Midi,6 - Samedi,Limonade,CA,,4
16284,0,61.3,55.73,2018-12-22,2 - Midi,6 - Samedi,Livraison,CA,Deliveroo,1
16285,0,31.0,28.18,2018-12-22,2 - Midi,6 - Samedi,Livraison,CA,UberEats,1
16287,0,782.95,711.66,2018-12-22,2 - Midi,6 - Samedi,Sur place,CA,,34
16289,0,160.0,145.32,2018-12-22,3 - Après-midi,6 - Samedi,À emporter,CA,,3
16290,0,6.0,5.45,2018-12-22,3 - Après-midi,6 - Samedi,Limonade,CA,,1
16291,0,113.7,103.36,2018-12-22,3 - Après-midi,6 - Samedi,Sur place,CA,,5
16293,-9,0.0,0.0,2018-12-22,4 - Soir,6 - Samedi,,CA,,0
16296,0,340.95,308.43,2018-12-22,4 - Soir,6 - Samedi,À emporter,CA,,15
16299,0,563.6,512.65,2018-12-22,4 - Soir,6 - Samedi,Livraison,CA,Deliveroo,3
16300,0,432.0,392.83,2018-12-22,4 - Soir,6 - Samedi,Livraison,CA,UberEats,3
16303,0,220.98,200.91,2018-12-22,4 - Soir,6 - Samedi,Sur place,CA,,10
16305,151,0.0,0.0,2018-12-23,,7 - Dimanche,,CA,,0
16308,0,23.6,21.45,2018-12-23,2 - Midi,7 - Dimanche,À emporter,CA,,1
16310,0,118.5,107.72,2018-12-23,2 - Midi,7 - Dimanche,Livraison,CA,UberEats,2
16311,0,450.95,409.97,2018-12-23,2 - Midi,7 - Dimanche,Sur place,CA,,14
16313,0,69.0,62.74,2018-12-23,3 - Après-midi,7 - Dimanche,À emporter,CA,,3
16314,0,6.0,5.45,2018-12-23,3 - Après-midi,7 - Dimanche,Limonade,CA,,1
16315,0,281.0,255.59,2018-12-23,3 - Après-midi,7 - Dimanche,Livraison,CA,Deliveroo,2
16316,0,210.3,191.32,2018-12-23,3 - Après-midi,7 - Dimanche,Livraison,CA,UberEats,2
16319,0,162.9,148.02,2018-12-23,3 - Après-midi,7 - Dimanche,Sur place,CA,,8
16321,-10,0.0,0.0,2018-12-23,4 - Soir,7 - Dimanche,,CA,,0
16324,0,93.0,84.54,2018-12-23,4 - Soir,7 - Dimanche,À emporter,CA,,4
16326,0,2.0,1.82,2018-12-23,4 - Soir,7 - Dimanche,Limonade,CA,,1
16328,0,231.1,210.37,2018-12-23,4 - Soir,7 - Dimanche,Livraison,CA,Deliveroo,1
16329,0,74.0,66.89,2018-12-23,4 - Soir,7 - Dimanche,Livraison,CA,KM,2
16330,0,301.8,274.35,2018-12-23,4 - Soir,7 - Dimanche,Livraison,CA,UberEats,5
16333,0,193.0,174.95,2018-12-23,4 - Soir,7 - Dimanche,Sur place,CA,,7
16336,153,0.0,0.0,2018-12-26,,3 - Mercredi,,CA,,0
16338,-1,0.0,0.0,2018-12-26,2 - Midi,3 - Mercredi,,CA,,0
16341,0,357.0,324.61,2018-12-26,2 - Midi,3 - Mercredi,À emporter,CA,,20
16342,0,23.9,21.72,2018-12-26,2 - Midi,3 - Mercredi,Limonade,CA,,8
16343,0,33.3,30.26,2018-12-26,2 - Midi,3 - Mercredi,Livraison,CA,Deliveroo,1
16344,0,70.3,63.91,2018-12-26,2 - Midi,3 - Mercredi,Livraison,CA,UberEats,1
16347,0,394.3,358.4,2018-12-26,2 - Midi,3 - Mercredi,Sur place,CA,,20
16350,0,103.0,92.89,2018-12-26,3 - Après-midi,3 - Mercredi,À emporter,CA,,4
16351,0,4.6,4.18,2018-12-26,3 - Après-midi,3 - Mercredi,Limonade,CA,,1
16352,0,74.5,67.4,2018-12-26,3 - Après-midi,3 - Mercredi,Sur place,CA,,1
16353,-9,0.0,0.0,2018-12-26,4 - Soir,3 - Mercredi,,CA,,0
16356,0,195.7,177.94,2018-12-26,4 - Soir,3 - Mercredi,À emporter,CA,,8
16359,0,163.1,148.41,2018-12-26,4 - Soir,3 - Mercredi,Livraison,CA,Deliveroo,1
16360,0,72.94,65.91,2018-12-26,4 - Soir,3 - Mercredi,Livraison,CA,KM,2
16361,0,607.4,552.17,2018-12-26,4 - Soir,3 - Mercredi,Livraison,CA,UberEats,1
16365,0,150.0,135.18,2018-12-26,4 - Soir,3 - Mercredi,Sur place,CA,,4
16366,246,0.0,0.0,2018-12-27,,4 - Jeudi,,CA,,0
16368,0,3.2,2.91,2018-12-27,1 - Matin,4 - Jeudi,Limonade,CA,,1
16369,0,209.5,190.45,2018-12-27,2 - Midi,4 - Jeudi,À emporter,CA,,13
16371,0,7.8,7.08,2018-12-27,2 - Midi,4 - Jeudi,Limonade,CA,,4
16373,0,112.6,102.34,2018-12-27,2 - Midi,4 - Jeudi,Livraison,CA,Deliveroo,1
16374,0,103.0,93.63,2018-12-27,2 - Midi,4 - Jeudi,Livraison,CA,UberEats,1
16376,0,1098.75,999.01,2018-12-27,2 - Midi,4 - Jeudi,Sur place,CA,,51
16378,-4,0.0,0.0,2018-12-27,3 - Après-midi,4 - Jeudi,,CA,,0
16381,0,77.5,70.46,2018-12-27,3 - Après-midi,4 - Jeudi,À emporter,CA,,3
16383,0,3.2,2.9,2018-12-27,3 - Après-midi,4 - Jeudi,Limonade,CA,,2
16384,0,202.2,183.46,2018-12-27,3 - Après-midi,4 - Jeudi,Sur place,CA,,8
16386,-4,0.0,0.0,2018-12-27,4 - Soir,4 - Jeudi,,CA,,0
16389,0,160.5,145.94,2018-12-27,4 - Soir,4 - Jeudi,À emporter,CA,,6
16390,0,415.4,378.02,2018-12-27,4 - Soir,4 - Jeudi,Livraison,CA,Deliveroo,3
16391,0,760.6,691.43,2018-12-27,4 - Soir,4 - Jeudi,Livraison,CA,UberEats,3
16394,0,405.3,366.4,2018-12-27,4 - Soir,4 - Jeudi,Sur place,CA,,13
16397,208,0.0,0.0,2018-12-28,,5 - Vendredi,,CA,,0
16399,0,258.84,235.24,2018-12-28,2 - Midi,5 - Vendredi,À emporter,CA,,16
16401,0,8.69,7.89,2018-12-28,2 - Midi,5 - Vendredi,Limonade,CA,,3
16403,0,188.5,171.54,2018-12-28,2 - Midi,5 - Vendredi,Livraison,CA,Deliveroo,1
16404,0,106.5,96.82,2018-12-28,2 - Midi,5 - Vendredi,Livraison,CA,UberEats,1
16406,0,744.7,676.76,2018-12-28,2 - Midi,5 - Vendredi,Sur place,CA,,34
16408,0,115.15,104.68,2018-12-28,3 - Après-midi,5 - Vendredi,À emporter,CA,,4
16410,0,9.2,8.36,2018-12-28,3 - Après-midi,5 - Vendredi,Limonade,CA,,3
16411,0,81.8,74.36,2018-12-28,3 - Après-midi,5 - Vendredi,Livraison,CA,Deliveroo,1
16412,0,71.9,65.36,2018-12-28,3 - Après-midi,5 - Vendredi,Livraison,CA,UberEats,1
16415,0,31.0,28.19,2018-12-28,3 - Après-midi,5 - Vendredi,Sur place,CA,,1
16416,-8,0.0,0.0,2018-12-28,4 - Soir,5 - Vendredi,,CA,,0
16419,0,313.7,285.06,2018-12-28,4 - Soir,5 - Vendredi,À emporter,CA,,15
16422,0,6.0,5.45,2018-12-28,4 - Soir,5 - Vendredi,Limonade,CA,,1
16423,0,461.1,419.15,2018-12-28,4 - Soir,5 - Vendredi,Livraison,CA,Deliveroo,2
16424,0,294.2,267.44,2018-12-28,4 - Soir,5 - Vendredi,Livraison,CA,UberEats,4
16427,0,247.0,224.47,2018-12-28,4 - Soir,5 - Vendredi,Sur place,CA,,6
16429,181,0.0,0.0,2018-12-29,,6 - Samedi,,CA,,0
16432,0,117.02,106.38,2018-12-29,2 - Midi,6 - Samedi,À emporter,CA,,5
16435,0,6.2,5.63,2018-12-29,2 - Midi,6 - Samedi,Limonade,CA,,2
16436,0,24.1,21.91,2018-12-29,2 - Midi,6 - Samedi,Livraison,CA,Deliveroo,1
16437,0,105.9,96.26,2018-12-29,2 - Midi,6 - Samedi,Livraison,CA,UberEats,1
16439,0,697.18,633.86,2018-12-29,2 - Midi,6 - Samedi,Sur place,CA,,33
16442,0,64.5,58.64,2018-12-29,3 - Après-midi,6 - Samedi,À emporter,CA,,4
16443,0,10.9,9.9,2018-12-29,3 - Après-midi,6 - Samedi,Limonade,CA,,3
16444,0,279.2,253.96,2018-12-29,3 - Après-midi,6 - Samedi,Livraison,CA,UberEats,1
16446,0,28.0,25.46,2018-12-29,3 - Après-midi,6 - Samedi,Sur place,CA,,1
16447,-9,0.0,0.0,2018-12-29,4 - Soir,6 - Samedi,,CA,,0
16450,0,112.0,101.01,2018-12-29,4 - Soir,6 - Samedi,À emporter,CA,,6
16454,0,6.0,5.46,2018-12-29,4 - Soir,6 - Samedi,Limonade,CA,,2
16455,0,646.2,588.52,2018-12-29,4 - Soir,6 - Samedi,Livraison,CA,Deliveroo,3
16456,0,163.0,148.17,2018-12-29,4 - Soir,6 - Samedi,Livraison,CA,UberEats,1
16459,0,417.1,379.23,2018-12-29,4 - Soir,6 - Samedi,Sur place,CA,,17
16461,208,0.0,0.0,2018-12-30,,7 - Dimanche,,CA,,0
16463,0,51.6,46.91,2018-12-30,2 - Midi,7 - Dimanche,À emporter,CA,,4
16465,0,7.6,6.91,2018-12-30,2 - Midi,7 - Dimanche,Limonade,CA,,2
16467,0,416.7,378.46,2018-12-30,2 - Midi,7 - Dimanche,Sur place,CA,,16
16468,0,76.0,69.09,2018-12-30,3 - Après-midi,7 - Dimanche,À emporter,CA,,3
16469,0,3.0,2.73,2018-12-30,3 - Après-midi,7 - Dimanche,Limonade,CA,,1
16470,0,281.4,255.8,2018-12-30,3 - Après-midi,7 - Dimanche,Livraison,CA,Deliveroo,1
16471,0,194.3,176.76,2018-12-30,3 - Après-midi,7 - Dimanche,Livraison,CA,UberEats,1
16474,0,37.0,33.64,2018-12-30,3 - Après-midi,7 - Dimanche,Sur place,CA,,2
16475,-7,0.0,0.0,2018-12-30,4 - Soir,7 - Dimanche,,CA,,0
16478,0,47.0,42.73,2018-12-30,4 - Soir,7 - Dimanche,À emporter,CA,KM,1
16479,0,267.1,242.84,2018-12-30,4 - Soir,7 - Dimanche,À emporter,CA,,11
16482,0,5.5,5.0,2018-12-30,4 - Soir,7 - Dimanche,Limonade,CA,,1
16483,0,445.3,405.07,2018-12-30,4 - Soir,7 - Dimanche,Livraison,CA,Deliveroo,1
16484,0,30.91,27.9,2018-12-30,4 - Soir,7 - Dimanche,Livraison,CA,KM,1
16485,0,834.9,758.92,2018-12-30,4 - Soir,7 - Dimanche,Livraison,CA,UberEats,3
16491,0,434.4,394.94,2018-12-30,4 - Soir,7 - Dimanche,Sur place,CA,,17
16494,30,0.0,0.0,2019-01-01,,2 - Mardi,À emporter,CA,,0
16496,181,0.0,0.0,2019-01-01,,2 - Mardi,Livraison,CA,,0
16497,60,0.0,0.0,2019-01-01,,2 - Mardi,Sur place,CA,,0
16499,0,96.0,87.12,2019-01-01,2 - Midi,2 - Mardi,À emporter,CA,,3
16500,0,18.4,16.73,2019-01-01,2 - Midi,2 - Mardi,Limonade,CA,,4
16501,0,321.2,291.91,2019-01-01,2 - Midi,2 - Mardi,Sur place,CA,,12
16503,0,109.75,99.76,2019-01-01,3 - Après-midi,2 - Mardi,À emporter,CA,,6
16505,0,220.5,200.88,2019-01-01,3 - Après-midi,2 - Mardi,Livraison,CA,Deliveroo,1
16506,0,738.6,671.6,2019-01-01,3 - Après-midi,2 - Mardi,Livraison,CA,UberEats,3
16510,0,28.5,25.91,2019-01-01,3 - Après-midi,2 - Mardi,Sur place,CA,,1
16511,0,229.1,208.2,2019-01-01,4 - Soir,2 - Mardi,À emporter,CA,,11
16513,0,6.5,5.65,2019-01-01,4 - Soir,2 - Mardi,Limonade,CA,,1
16514,0,705.8,642.33,2019-01-01,4 - Soir,2 - Mardi,Livraison,CA,Deliveroo,5
16515,0,1242.9,1129.92,2019-01-01,4 - Soir,2 - Mardi,Livraison,CA,UberEats,5
16518,0,533.3,484.65,2019-01-01,4 - Soir,2 - Mardi,Sur place,CA,,21
16523,33,0.0,0.0,2019-01-02,,3 - Mercredi,À emporter,CA,,0
16526,89,0.0,0.0,2019-01-02,,3 - Mercredi,Livraison,CA,,0
16527,65,0.0,0.0,2019-01-02,,3 - Mercredi,Sur place,CA,,0
16531,0,260.8,237.04,2019-01-02,2 - Midi,3 - Mercredi,À emporter,CA,,15
16534,0,3.2,2.91,2019-01-02,2 - Midi,3 - Mercredi,Limonade,CA,,1
16535,0,816.18,741.98,2019-01-02,2 - Midi,3 - Mercredi,Sur place,CA,,39
16538,0,22.0,20.0,2019-01-02,3 - Après-midi,3 - Mercredi,À emporter,CA,,1
16539,0,36.6,32.73,2019-01-02,3 - Après-midi,3 - Mercredi,Sur place,CA,,2
16540,-3,0.0,0.0,2019-01-02,4 - Soir,3 - Mercredi,À emporter,CA,,0
16541,0,14.0,12.73,2019-01-02,4 - Soir,3 - Mercredi,À emporter,CA,KM,1
16542,0,188.1,170.99,2019-01-02,4 - Soir,3 - Mercredi,À emporter,CA,,8
16547,0,5.1,4.37,2019-01-02,4 - Soir,3 - Mercredi,Limonade,CA,,2
16548,0,608.4,553.5,2019-01-02,4 - Soir,3 - Mercredi,Livraison,CA,Deliveroo,1
16549,0,58.46,52.76,2019-01-02,4 - Soir,3 - Mercredi,Livraison,CA,KM,2
16550,0,709.7,645.32,2019-01-02,4 - Soir,3 - Mercredi,Livraison,CA,UberEats,2
16554,-4,0.0,0.0,2019-01-02,4 - Soir,3 - Mercredi,Sur place,CA,,0
16555,0,216.0,196.35,2019-01-02,4 - Soir,3 - Mercredi,Sur place,CA,,8
16560,32,0.0,0.0,2019-01-03,,4 - Jeudi,À emporter,CA,,0
16561,63,0.0,0.0,2019-01-03,,4 - Jeudi,Livraison,CA,,0
16562,85,0.0,0.0,2019-01-03,,4 - Jeudi,Sur place,CA,,0
16564,0,171.0,155.4,2019-01-03,2 - Midi,4 - Jeudi,À emporter,CA,,12
16565,0,4.8,4.36,2019-01-03,2 - Midi,4 - Jeudi,Limonade,CA,,1
16566,0,15.5,14.09,2019-01-03,2 - Midi,4 - Jeudi,Livraison,CA,Deliveroo,1
16567,0,140.4,127.64,2019-01-03,2 - Midi,4 - Jeudi,Livraison,CA,UberEats,1
16569,0,933.49,848.68,2019-01-03,2 - Midi,4 - Jeudi,Sur place,CA,,52
16571,0,29.0,26.37,2019-01-03,3 - Après-midi,4 - Jeudi,À emporter,CA,,2
16572,0,3.0,2.73,2019-01-03,3 - Après-midi,4 - Jeudi,Limonade,CA,,1
16573,0,106.4,96.73,2019-01-03,3 - Après-midi,4 - Jeudi,Sur place,CA,,4
16575,-7,0.0,0.0,2019-01-03,4 - Soir,4 - Jeudi,À emporter,CA,,0
16576,0,56.1,51.0,2019-01-03,4 - Soir,4 - Jeudi,À emporter,CA,KM,2
16577,0,105.5,95.83,2019-01-03,4 - Soir,4 - Jeudi,À emporter,CA,,5
16582,0,333.9,303.82,2019-01-03,4 - Soir,4 - Jeudi,Livraison,CA,Deliveroo,1
16583,0,170.89,154.38,2019-01-03,4 - Soir,4 - Jeudi,Livraison,CA,KM,5
16584,0,496.0,451.19,2019-01-03,4 - Soir,4 - Jeudi,Livraison,CA,UberEats,1
16588,0,193.2,175.64,2019-01-03,4 - Soir,4 - Jeudi,Sur place,CA,,10
16590,23,0.0,0.0,2019-01-04,,5 - Vendredi,À emporter,CA,,0
16592,88,0.0,0.0,2019-01-04,,5 - Vendredi,Livraison,CA,,0
16594,132,0.0,0.0,2019-01-04,,5 - Vendredi,Sur place,CA,,0
16596,0,27.05,24.59,2019-01-04,2 - Midi,5 - Vendredi,À emporter,CA,,2
16597,0,218.1,198.3,2019-01-04,2 - Midi,5 - Vendredi,À emporter,CA,,15
16599,0,11.9,10.82,2019-01-04,2 - Midi,5 - Vendredi,Limonade,CA,,3
16600,0,50.0,45.45,2019-01-04,2 - Midi,5 - Vendredi,Livraison,CA,Deliveroo,1
16601,0,220.1,200.09,2019-01-04,2 - Midi,5 - Vendredi,Livraison,CA,UberEats,2
16603,0,56.0,50.91,2019-01-04,2 - Midi,5 - Vendredi,Sur place,CA,,3
16604,0,1004.27,912.81,2019-01-04,2 - Midi,5 - Vendredi,Sur place,CA,,49
16607,0,4.5,4.09,2019-01-04,3 - Après-midi,5 - Vendredi,Limonade,CA,,1
16609,0,39.0,35.45,2019-01-04,3 - Après-midi,5 - Vendredi,Sur place,CA,,2
16611,0,91.0,82.73,2019-01-04,4 - Soir,5 - Vendredi,À emporter,CA,,5
16612,0,14.22,12.39,2019-01-04,4 - Soir,5 - Vendredi,Limonade,CA,,4
16615,0,700.5,637.09,2019-01-04,4 - Soir,5 - Vendredi,Livraison,CA,Deliveroo,5
16616,0,654.3,594.81,2019-01-04,4 - Soir,5 - Vendredi,Livraison,CA,UberEats,5
16622,-8,0.0,0.0,2019-01-04,4 - Soir,5 - Vendredi,Sur place,CA,,0
16623,0,697.65,633.3,2019-01-04,4 - Soir,5 - Vendredi,Sur place,CA,,31
16628,32,0.0,0.0,2019-01-05,,6 - Samedi,À emporter,CA,,0
16631,86,0.0,0.0,2019-01-05,,6 - Samedi,Livraison,CA,,0
16633,70,0.0,0.0,2019-01-05,,6 - Samedi,Sur place,CA,,0
16635,0,108.2,98.37,2019-01-05,2 - Midi,6 - Samedi,À emporter,CA,,8
16638,0,5.13,4.23,2019-01-05,2 - Midi,6 - Samedi,Limonade,CA,,3
16640,0,108.5,98.64,2019-01-05,2 - Midi,6 - Samedi,Livraison,CA,Deliveroo,1
16641,0,31.0,28.18,2019-01-05,2 - Midi,6 - Samedi,Livraison,CA,UberEats,1
16644,0,684.42,621.85,2019-01-05,2 - Midi,6 - Samedi,Sur place,CA,,23
16646,0,34.5,31.36,2019-01-05,3 - Après-midi,6 - Samedi,À emporter,CA,,2
16647,0,3.2,2.9,2019-01-05,3 - Après-midi,6 - Samedi,Limonade,CA,,2
16648,0,153.6,139.64,2019-01-05,3 - Après-midi,6 - Samedi,Sur place,CA,,7
16650,-4,0.0,0.0,2019-01-05,4 - Soir,6 - Samedi,À emporter,CA,,0
16651,0,245.8,223.45,2019-01-05,4 - Soir,6 - Samedi,À emporter,CA,,14
16656,0,6.5,5.65,2019-01-05,4 - Soir,6 - Samedi,Limonade,CA,,1
16657,0,501.0,455.45,2019-01-05,4 - Soir,6 - Samedi,Livraison,CA,Deliveroo,1
16658,0,887.6,807.05,2019-01-05,4 - Soir,6 - Samedi,Livraison,CA,UberEats,2
16662,-4,0.0,0.0,2019-01-05,4 - Soir,6 - Samedi,Sur place,CA,,0
16663,0,192.6,174.72,2019-01-05,4 - Soir,6 - Samedi,Sur place,CA,,5
16668,34,0.0,0.0,2019-01-06,,7 - Dimanche,À emporter,CA,,0
16670,127,0.0,0.0,2019-01-06,,7 - Dimanche,Livraison,CA,,0
16672,45,0.0,0.0,2019-01-06,,7 - Dimanche,Sur place,CA,,0
16674,0,71.0,64.55,2019-01-06,2 - Midi,7 - Dimanche,À emporter,CA,,3
16675,0,7.2,6.28,2019-01-06,2 - Midi,7 - Dimanche,Limonade,CA,,3
16677,0,427.3,388.46,2019-01-06,2 - Midi,7 - Dimanche,Sur place,CA,,14
16679,0,151.1,137.36,2019-01-06,3 - Après-midi,7 - Dimanche,À emporter,CA,,6
16681,0,17.7,15.46,2019-01-06,3 - Après-midi,7 - Dimanche,Limonade,CA,,4
16682,0,62.1,56.46,2019-01-06,3 - Après-midi,7 - Dimanche,Sur place,CA,,3
16684,-7,0.0,0.0,2019-01-06,4 - Soir,7 - Dimanche,À emporter,CA,,0
16685,0,43.0,39.09,2019-01-06,4 - Soir,7 - Dimanche,À emporter,CA,KM,1
16686,0,141.81,128.83,2019-01-06,4 - Soir,7 - Dimanche,À emporter,CA,,5
16692,0,829.5,754.24,2019-01-06,4 - Soir,7 - Dimanche,Livraison,CA,Deliveroo,4
16693,0,67.5,60.97,2019-01-06,4 - Soir,7 - Dimanche,Livraison,CA,KM,2
16694,0,1195.0,1086.36,2019-01-06,4 - Soir,7 - Dimanche,Livraison,CA,UberEats,2
16698,0,164.0,149.09,2019-01-06,4 - Soir,7 - Dimanche,Sur place,CA,,8
16699,25,0.0,0.0,2019-01-07,,1 - Lundi,À emporter,CA,,0
16701,57,0.0,0.0,2019-01-07,,1 - Lundi,Livraison,CA,,0
16703,45,0.0,0.0,2019-01-07,,1 - Lundi,Sur place,CA,,0
16705,0,196.7,178.81,2019-01-07,2 - Midi,1 - Lundi,À emporter,CA,,12
16707,0,-1.1,-1.33,2019-01-07,2 - Midi,1 - Lundi,Limonade,CA,,2
16709,0,56.5,51.36,2019-01-07,2 - Midi,1 - Lundi,Livraison,CA,Deliveroo,1
16710,0,158.6,144.46,2019-01-07,2 - Midi,1 - Lundi,Livraison,CA,UberEats,1
16712,-1,0.0,0.0,2019-01-07,2 - Midi,1 - Lundi,Sur place,CA,,0
16713,0,483.8,439.77,2019-01-07,2 - Midi,1 - Lundi,Sur place,CA,,23
16718,0,14.0,12.73,2019-01-07,3 - Après-midi,1 - Lundi,À emporter,CA,,1
16719,0,78.5,71.21,2019-01-07,3 - Après-midi,1 - Lundi,Sur place,CA,,3
16720,-7,0.0,0.0,2019-01-07,4 - Soir,1 - Lundi,À emporter,CA,,0
16721,0,60.5,55.0,2019-01-07,4 - Soir,1 - Lundi,À emporter,CA,,2
16725,0,1.6,1.45,2019-01-07,4 - Soir,1 - Lundi,Limonade,CA,,1
16726,0,286.5,260.73,2019-01-07,4 - Soir,1 - Lundi,Livraison,CA,Deliveroo,4
16727,0,117.0,105.98,2019-01-07,4 - Soir,1 - Lundi,Livraison,CA,KM,2
16728,0,346.0,314.55,2019-01-07,4 - Soir,1 - Lundi,Livraison,CA,UberEats,5
16733,0,87.6,79.56,2019-01-07,4 - Soir,1 - Lundi,Sur place,CA,,3
16735,12,0.0,0.0,2019-01-08,,2 - Mardi,À emporter,CA,,0
16738,50,0.0,0.0,2019-01-08,,2 - Mardi,Livraison,CA,,0
16740,67,0.0,0.0,2019-01-08,,2 - Mardi,Sur place,CA,,0
16742,0,131.2,119.02,2019-01-08,2 - Midi,2 - Mardi,À emporter,CA,,9
16743,0,3.0,2.73,2019-01-08,2 - Midi,2 - Mardi,Limonade,CA,,1
16745,0,630.75,572.45,2019-01-08,2 - Midi,2 - Mardi,Sur place,CA,,38
16747,0,32.5,29.55,2019-01-08,3 - Après-midi,2 - Mardi,À emporter,CA,,1
16748,0,79.0,71.82,2019-01-08,3 - Après-midi,2 - Mardi,Sur place,CA,,4
16749,0,14.0,12.73,2019-01-08,4 - Soir,2 - Mardi,À emporter,CA,,1
16753,0,416.7,378.82,2019-01-08,4 - Soir,2 - Mardi,Livraison,CA,Deliveroo,4
16754,0,431.7,392.59,2019-01-08,4 - Soir,2 - Mardi,Livraison,CA,UberEats,5
16759,-8,0.0,0.0,2019-01-08,4 - Soir,2 - Mardi,Sur place,CA,,0
16760,0,137.2,124.57,2019-01-08,4 - Soir,2 - Mardi,Sur place,CA,,7
16765,53,0.0,0.0,2019-01-09,,3 - Mercredi,À emporter,CA,,0
16768,69,0.0,0.0,2019-01-09,,3 - Mercredi,Livraison,CA,,0
16769,67,0.0,0.0,2019-01-09,,3 - Mercredi,Sur place,CA,,0
16771,0,212.1,192.85,2019-01-09,2 - Midi,3 - Mercredi,À emporter,CA,,16
16774,0,14.5,12.92,2019-01-09,2 - Midi,3 - Mercredi,Limonade,CA,,3
16775,0,98.0,89.09,2019-01-09,2 - Midi,3 - Mercredi,Livraison,CA,Deliveroo,1
16776,0,159.9,145.36,2019-01-09,2 - Midi,3 - Mercredi,Livraison,CA,UberEats,2
16777,0,834.6,758.41,2019-01-09,2 - Midi,3 - Mercredi,Sur place,CA,,40
16779,0,92.6,84.18,2019-01-09,3 - Après-midi,3 - Mercredi,À emporter,CA,,4
16780,0,1.66,1.36,2019-01-09,3 - Après-midi,3 - Mercredi,Limonade,CA,,3
16782,0,30.32,27.56,2019-01-09,3 - Après-midi,3 - Mercredi,Sur place,CA,,2
16784,-9,0.0,0.0,2019-01-09,4 - Soir,3 - Mercredi,À emporter,CA,,0
16785,0,209.1,190.1,2019-01-09,4 - Soir,3 - Mercredi,À emporter,CA,,9
16790,0,4.5,4.09,2019-01-09,4 - Soir,3 - Mercredi,Limonade,CA,,1
16791,0,679.0,617.41,2019-01-09,4 - Soir,3 - Mercredi,Livraison,CA,Deliveroo,4
16792,0,344.7,313.51,2019-01-09,4 - Soir,3 - Mercredi,Livraison,CA,UberEats,5
16795,0,122.7,111.54,2019-01-09,4 - Soir,3 - Mercredi,Sur place,CA,,8
16797,38,0.0,0.0,2019-01-10,,4 - Jeudi,À emporter,CA,,0
16799,81,0.0,0.0,2019-01-10,,4 - Jeudi,Livraison,CA,,0
16801,52,0.0,0.0,2019-01-10,,4 - Jeudi,Sur place,CA,,0
16803,0,278.0,252.75,2019-01-10,2 - Midi,4 - Jeudi,À emporter,CA,,18
16804,0,9.4,8.55,2019-01-10,2 - Midi,4 - Jeudi,Limonade,CA,,3
16805,0,204.4,185.82,2019-01-10,2 - Midi,4 - Jeudi,Livraison,CA,UberEats,1
16808,0,642.15,583.74,2019-01-10,2 - Midi,4 - Jeudi,Sur place,CA,,32
16810,0,47.0,42.73,2019-01-10,3 - Après-midi,4 - Jeudi,À emporter,CA,,1
16811,0,1.6,1.45,2019-01-10,3 - Après-midi,4 - Jeudi,Limonade,CA,,1
16812,0,245.0,223.13,2019-01-10,3 - Après-midi,4 - Jeudi,Livraison,CA,Deliveroo,1
16813,0,29.5,26.63,2019-01-10,3 - Après-midi,4 - Jeudi,Livraison,CA,KM,1
16814,0,49.0,44.68,2019-01-10,3 - Après-midi,4 - Jeudi,Livraison,CA,UberEats,1
16816,0,25.2,22.91,2019-01-10,3 - Après-midi,4 - Jeudi,Sur place,CA,,1
16819,-7,0.0,0.0,2019-01-10,4 - Soir,4 - Jeudi,À emporter,CA,,0
16820,0,123.6,112.37,2019-01-10,4 - Soir,4 - Jeudi,À emporter,CA,,6
16825,0,12.1,10.99,2019-01-10,4 - Soir,4 - Jeudi,Limonade,CA,,3
16826,0,426.0,387.54,2019-01-10,4 - Soir,4 - Jeudi,Livraison,CA,Deliveroo,5
16827,0,372.0,338.33,2019-01-10,4 - Soir,4 - Jeudi,Livraison,CA,UberEats,3
16830,0,92.2,83.82,2019-01-10,4 - Soir,4 - Jeudi,Sur place,CA,,5
16832,51,0.0,0.0,2019-01-11,,5 - Vendredi,À emporter,CA,,0
16834,122,0.0,0.0,2019-01-11,,5 - Vendredi,Livraison,CA,,0
16835,71,0.0,0.0,2019-01-11,,5 - Vendredi,Sur place,CA,,0
16837,0,351.6,319.68,2019-01-11,2 - Midi,5 - Vendredi,À emporter,CA,,23
16839,0,10.3,9.36,2019-01-11,2 - Midi,5 - Vendredi,Limonade,CA,,3
16840,0,736.85,669.88,2019-01-11,2 - Midi,5 - Vendredi,Sur place,CA,,44
16842,0,17.0,15.45,2019-01-11,3 - Après-midi,5 - Vendredi,À emporter,CA,,1
16843,0,9.7,8.82,2019-01-11,3 - Après-midi,5 - Vendredi,Limonade,CA,,2
16845,0,92.7,84.27,2019-01-11,3 - Après-midi,5 - Vendredi,Sur place,CA,,4
16847,-9,0.0,0.0,2019-01-11,4 - Soir,5 - Vendredi,À emporter,CA,,0
16848,0,28.0,25.45,2019-01-11,4 - Soir,5 - Vendredi,À emporter,CA,KM,1
16849,0,206.09,187.35,2019-01-11,4 - Soir,5 - Vendredi,À emporter,CA,,9
16855,0,9.2,8.36,2019-01-11,4 - Soir,5 - Vendredi,Limonade,CA,,2
16856,0,1090.4,991.86,2019-01-11,4 - Soir,5 - Vendredi,Livraison,CA,Deliveroo,4
16857,0,26.12,23.55,2019-01-11,4 - Soir,5 - Vendredi,Livraison,CA,KM,1
16858,0,951.9,865.5,2019-01-11,4 - Soir,5 - Vendredi,Livraison,CA,UberEats,2
16862,0,170.7,155.17,2019-01-11,4 - Soir,5 - Vendredi,Sur place,CA,,7
16864,31,0.0,0.0,2019-01-12,,6 - Samedi,À emporter,CA,,0
16866,94,0.0,0.0,2019-01-12,,6 - Samedi,Livraison,CA,,0
16868,153,0.0,0.0,2019-01-12,,6 - Samedi,Sur place,CA,,0
16870,0,91.8,83.46,2019-01-12,2 - Midi,6 - Samedi,À emporter,CA,,6
16872,0,1056.15,959.34,2019-01-12,2 - Midi,6 - Samedi,Sur place,CA,,43
16874,0,36.3,33.0,2019-01-12,3 - Après-midi,6 - Samedi,À emporter,CA,KM,1
16875,0,95.0,86.36,2019-01-12,3 - Après-midi,6 - Samedi,À emporter,CA,,3
16877,0,3.2,2.9,2019-01-12,3 - Après-midi,6 - Samedi,Limonade,CA,,2
16878,0,42.04,38.03,2019-01-12,3 - Après-midi,6 - Samedi,Livraison,CA,KM,1
16881,0,244.95,222.69,2019-01-12,3 - Après-midi,6 - Samedi,Sur place,CA,,11
16883,0,217.4,197.64,2019-01-12,4 - Soir,6 - Samedi,À emporter,CA,,11
16885,0,5.5,5.0,2019-01-12,4 - Soir,6 - Samedi,Limonade,CA,,1
16886,0,612.8,557.5,2019-01-12,4 - Soir,6 - Samedi,Livraison,CA,Deliveroo,2
16887,0,167.64,151.45,2019-01-12,4 - Soir,6 - Samedi,Livraison,CA,KM,5
16888,0,781.8,711.0,2019-01-12,4 - Soir,6 - Samedi,Livraison,CA,UberEats,3
16893,-9,0.0,0.0,2019-01-12,4 - Soir,6 - Samedi,Sur place,CA,,0
16894,0,762.6,693.26,2019-01-12,4 - Soir,6 - Samedi,Sur place,CA,,19
16899,11,0.0,0.0,2019-01-13,,7 - Dimanche,À emporter,CA,,0
16901,101,0.0,0.0,2019-01-13,,7 - Dimanche,Livraison,CA,,0
16903,80,0.0,0.0,2019-01-13,,7 - Dimanche,Sur place,CA,,0
16905,0,50.0,45.45,2019-01-13,2 - Midi,7 - Dimanche,À emporter,CA,,2
16906,0,14.6,12.52,2019-01-13,2 - Midi,7 - Dimanche,Limonade,CA,,4
16908,0,415.6,377.79,2019-01-13,2 - Midi,7 - Dimanche,Sur place,CA,,16
16911,0,54.6,49.63,2019-01-13,3 - Après-midi,7 - Dimanche,À emporter,CA,,2
16913,0,4.8,4.36,2019-01-13,3 - Après-midi,7 - Dimanche,Limonade,CA,,2
16914,0,336.5,305.99,2019-01-13,3 - Après-midi,7 - Dimanche,Livraison,CA,Deliveroo,2
16915,0,561.0,510.14,2019-01-13,3 - Après-midi,7 - Dimanche,Livraison,CA,UberEats,3
16917,0,203.8,185.26,2019-01-13,3 - Après-midi,7 - Dimanche,Sur place,CA,,8
16919,0,28.4,25.82,2019-01-13,4 - Soir,7 - Dimanche,À emporter,CA,KM,1
16920,0,22.0,20.0,2019-01-13,4 - Soir,7 - Dimanche,À emporter,CA,,2
16921,0,6.5,5.65,2019-01-13,4 - Soir,7 - Dimanche,Limonade,CA,,2
16922,0,696.7,633.51,2019-01-13,4 - Soir,7 - Dimanche,Livraison,CA,Deliveroo,2
16923,0,31.52,28.46,2019-01-13,4 - Soir,7 - Dimanche,Livraison,CA,KM,1
16924,0,36.8,33.45,2019-01-13,4 - Soir,7 - Dimanche,Livraison,CA,UberEats,1
16928,-8,0.0,0.0,2019-01-13,4 - Soir,7 - Dimanche,Sur place,CA,,0
16929,0,415.85,377.82,2019-01-13,4 - Soir,7 - Dimanche,Sur place,CA,,18
16934,18,0.0,0.0,2019-01-14,,1 - Lundi,À emporter,CA,,0
16937,23,0.0,0.0,2019-01-14,,1 - Lundi,Livraison,CA,,0
16938,39,0.0,0.0,2019-01-14,,1 - Lundi,Sur place,CA,,0
16940,0,157.5,142.9,2019-01-14,2 - Midi,1 - Lundi,À emporter,CA,,13
16942,0,19.42,17.65,2019-01-14,2 - Midi,1 - Lundi,Limonade,CA,,6
16944,0,80.0,72.73,2019-01-14,2 - Midi,1 - Lundi,Livraison,CA,Deliveroo,1
16945,0,129.0,117.41,2019-01-14,2 - Midi,1 - Lundi,Livraison,CA,UberEats,1
16948,0,501.8,455.62,2019-01-14,2 - Midi,1 - Lundi,Sur place,CA,,31
16950,-5,0.0,0.0,2019-01-14,3 - Après-midi,1 - Lundi,À emporter,CA,,0
16957,0,4.8,4.36,2019-01-14,3 - Après-midi,1 - Lundi,Limonade,CA,,2
16958,0,74.0,67.27,2019-01-14,3 - Après-midi,1 - Lundi,Livraison,CA,Deliveroo,1
16959,0,94.5,86.18,2019-01-14,3 - Après-midi,1 - Lundi,Livraison,CA,UberEats,2
16960,0,78.7,71.54,2019-01-14,3 - Après-midi,1 - Lundi,Sur place,CA,,3
16961,43,0.0,0.0,2019-01-15,,2 - Mardi,À emporter,CA,,0
16964,59,0.0,0.0,2019-01-15,,2 - Mardi,Livraison,CA,,0
16966,68,0.0,0.0,2019-01-15,,2 - Mardi,Sur place,CA,,0
16968,0,194.6,176.92,2019-01-15,2 - Midi,2 - Mardi,À emporter,CA,,12
16970,0,3.0,2.73,2019-01-15,2 - Midi,2 - Mardi,Limonade,CA,,1
16975,-5,0.0,0.0,2019-01-15,2 - Midi,2 - Mardi,Sur place,CA,,0
16976,0,14.0,12.73,2019-01-15,2 - Midi,2 - Mardi,Sur place,CA,,1
16977,0,551.7,501.37,2019-01-15,2 - Midi,2 - Mardi,Sur place,CA,,32
16982,0,247.2,225.27,2019-01-15,3 - Après-midi,2 - Mardi,Livraison,CA,Deliveroo,1
16983,0,147.9,134.45,2019-01-15,3 - Après-midi,2 - Mardi,Livraison,CA,UberEats,1
16985,0,47.0,42.73,2019-01-15,3 - Après-midi,2 - Mardi,Sur place,CA,,3
16986,-6,0.0,0.0,2019-01-15,4 - Soir,2 - Mardi,À emporter,CA,,0
16987,0,185.0,168.18,2019-01-15,4 - Soir,2 - Mardi,À emporter,CA,Deliveroo,1
16988,0,35.0,31.82,2019-01-15,4 - Soir,2 - Mardi,À emporter,CA,UberEats,1
16989,0,17.5,15.91,2019-01-15,4 - Soir,2 - Mardi,À emporter,CA,,1
16990,0,126.5,115.01,2019-01-15,4 - Soir,2 - Mardi,À emporter,CA,,7
16996,0,123.0,111.81,2019-01-15,4 - Soir,2 - Mardi,Livraison,CA,Deliveroo,3
16997,0,428.8,389.81,2019-01-15,4 - Soir,2 - Mardi,Livraison,CA,UberEats,4
17001,0,283.95,257.74,2019-01-15,4 - Soir,2 - Mardi,Sur place,CA,,14
17003,42,0.0,0.0,2019-01-16,,3 - Mercredi,À emporter,CA,,0
17005,80,0.0,0.0,2019-01-16,,3 - Mercredi,Livraison,CA,,0
17007,85,0.0,0.0,2019-01-16,,3 - Mercredi,Sur place,CA,,0
17009,0,285.4,259.46,2019-01-16,2 - Midi,3 - Mercredi,À emporter,CA,,20
17011,0,7.64,6.94,2019-01-16,2 - Midi,3 - Mercredi,Limonade,CA,,4
17013,0,82.5,75.0,2019-01-16,2 - Midi,3 - Mercredi,Livraison,CA,Deliveroo,1
17014,0,50.9,46.27,2019-01-16,2 - Midi,3 - Mercredi,Livraison,CA,UberEats,1
17015,-1,0.0,0.0,2019-01-16,2 - Midi,3 - Mercredi,Sur place,CA,,0
17016,0,860.9,782.43,2019-01-16,2 - Midi,3 - Mercredi,Sur place,CA,,47
17021,0,31.5,28.64,2019-01-16,3 - Après-midi,3 - Mercredi,Sur place,CA,,2
17022,0,279.7,254.26,2019-01-16,4 - Soir,3 - Mercredi,À emporter,CA,,14
17024,0,3.2,2.91,2019-01-16,4 - Soir,3 - Mercredi,Limonade,CA,,1
17025,0,628.9,572.55,2019-01-16,4 - Soir,3 - Mercredi,Livraison,CA,Deliveroo,5
17026,0,24.36,21.95,2019-01-16,4 - Soir,3 - Mercredi,Livraison,CA,KM,1
17027,0,536.8,488.28,2019-01-16,4 - Soir,3 - Mercredi,Livraison,CA,UberEats,3
17032,-10,0.0,0.0,2019-01-16,4 - Soir,3 - Mercredi,Sur place,CA,,0
17033,0,177.25,160.54,2019-01-16,4 - Soir,3 - Mercredi,Sur place,CA,,7
17038,30,0.0,0.0,2019-01-17,,4 - Jeudi,À emporter,CA,,0
17040,82,0.0,0.0,2019-01-17,,4 - Jeudi,Livraison,CA,,0
17041,113,0.0,0.0,2019-01-17,,4 - Jeudi,Sur place,CA,,0
17043,0,216.06,196.44,2019-01-17,2 - Midi,4 - Jeudi,À emporter,CA,,16
17045,0,5.37,4.64,2019-01-17,2 - Midi,4 - Jeudi,Limonade,CA,,4
17047,0,81.5,74.09,2019-01-17,2 - Midi,4 - Jeudi,Livraison,CA,Deliveroo,1
17048,0,151.0,137.27,2019-01-17,2 - Midi,4 - Jeudi,Livraison,CA,UberEats,1
17050,0,979.98,890.96,2019-01-17,2 - Midi,4 - Jeudi,Sur place,CA,,57
17053,0,25.2,22.9,2019-01-17,3 - Après-midi,4 - Jeudi,À emporter,CA,,2
17055,0,4.48,4.07,2019-01-17,3 - Après-midi,4 - Jeudi,Limonade,CA,,2
17057,0,123.5,112.27,2019-01-17,3 - Après-midi,4 - Jeudi,Livraison,CA,UberEats,1
17058,0,67.2,61.09,2019-01-17,3 - Après-midi,4 - Jeudi,Sur place,CA,,3
17060,0,141.2,128.35,2019-01-17,4 - Soir,4 - Jeudi,À emporter,CA,,6
17062,0,-3.4,-3.55,2019-01-17,4 - Soir,4 - Jeudi,Limonade,CA,,2
17064,0,571.9,519.91,2019-01-17,4 - Soir,4 - Jeudi,Livraison,CA,Deliveroo,4
17065,0,415.9,378.36,2019-01-17,4 - Soir,4 - Jeudi,Livraison,CA,UberEats,5
17068,-5,0.0,0.0,2019-01-17,4 - Soir,4 - Jeudi,Sur place,CA,,0
17069,0,474.1,430.99,2019-01-17,4 - Soir,4 - Jeudi,Sur place,CA,,24
17074,56,0.0,0.0,2019-01-18,,5 - Vendredi,À emporter,CA,,0
17075,120,0.0,0.0,2019-01-18,,5 - Vendredi,Livraison,CA,,0
17077,121,0.0,0.0,2019-01-18,,5 - Vendredi,Sur place,CA,,0
17079,0,299.0,271.87,2019-01-18,2 - Midi,5 - Vendredi,À emporter,CA,,20
17080,0,3.2,2.9,2019-01-18,2 - Midi,5 - Vendredi,Limonade,CA,,2
17081,0,145.5,132.51,2019-01-18,2 - Midi,5 - Vendredi,Livraison,CA,Deliveroo,1
17082,0,163.5,148.64,2019-01-18,2 - Midi,5 - Vendredi,Livraison,CA,UberEats,1
17087,0,1185.72,1078.02,2019-01-18,2 - Midi,5 - Vendredi,Sur place,CA,,74
17090,0,29.1,26.37,2019-01-18,3 - Après-midi,5 - Vendredi,À emporter,CA,,2
17091,0,1.6,1.45,2019-01-18,3 - Après-midi,5 - Vendredi,Limonade,CA,,1
17093,0,33.5,30.46,2019-01-18,3 - Après-midi,5 - Vendredi,Sur place,CA,,2
17094,0,146.41,133.1,2019-01-18,4 - Soir,5 - Vendredi,À emporter,CA,KM,4
17095,0,224.0,203.64,2019-01-18,4 - Soir,5 - Vendredi,À emporter,CA,UberEats,1
17096,0,139.33,126.65,2019-01-18,4 - Soir,5 - Vendredi,À emporter,CA,,6
17100,0,817.4,743.09,2019-01-18,4 - Soir,5 - Vendredi,Livraison,CA,Deliveroo,3
17101,0,300.8,271.54,2019-01-18,4 - Soir,5 - Vendredi,Livraison,CA,KM,10
17102,0,726.4,660.36,2019-01-18,4 - Soir,5 - Vendredi,Livraison,CA,UberEats,2
17108,-6,0.0,0.0,2019-01-18,4 - Soir,5 - Vendredi,Sur place,CA,,0
17109,0,369.48,335.8,2019-01-18,4 - Soir,5 - Vendredi,Sur place,CA,,17
17115,45,0.0,0.0,2019-01-19,,6 - Samedi,À emporter,CA,,0
17117,119,0.0,0.0,2019-01-19,,6 - Samedi,Livraison,CA,,0
17118,108,0.0,0.0,2019-01-19,,6 - Samedi,Sur place,CA,,0
17120,0,44.7,40.64,2019-01-19,2 - Midi,6 - Samedi,À emporter,CA,KM,1
17121,0,178.5,162.28,2019-01-19,2 - Midi,6 - Samedi,À emporter,CA,,9
17123,0,27.55,24.51,2019-01-19,2 - Midi,6 - Samedi,Limonade,CA,,5
17125,0,1089.55,990.15,2019-01-19,2 - Midi,6 - Samedi,Sur place,CA,,44
17127,0,27.6,25.09,2019-01-19,3 - Après-midi,6 - Samedi,À emporter,CA,,2
17129,0,13.7,12.46,2019-01-19,3 - Après-midi,6 - Samedi,Limonade,CA,,3
17130,0,448.3,407.55,2019-01-19,3 - Après-midi,6 - Samedi,Livraison,CA,UberEats,1
17132,0,247.5,224.86,2019-01-19,3 - Après-midi,6 - Samedi,Sur place,CA,,12
17134,-9,0.0,0.0,2019-01-19,4 - Soir,6 - Samedi,À emporter,CA,,0
17135,0,274.85,249.86,2019-01-19,4 - Soir,6 - Samedi,À emporter,CA,,13
17140,0,0.45,-0.67,2019-01-19,4 - Soir,6 - Samedi,Limonade,CA,,3
17141,0,749.3,681.46,2019-01-19,4 - Soir,6 - Samedi,Livraison,CA,Deliveroo,3
17142,0,103.16,93.2,2019-01-19,4 - Soir,6 - Samedi,Livraison,CA,KM,3
17143,0,697.2,633.81,2019-01-19,4 - Soir,6 - Samedi,Livraison,CA,UberEats,3
17147,0,211.6,192.35,2019-01-19,4 - Soir,6 - Samedi,Sur place,CA,,10
17149,24,0.0,0.0,2019-01-20,,7 - Dimanche,À emporter,CA,,0
17151,175,0.0,0.0,2019-01-20,,7 - Dimanche,Livraison,CA,,0
17152,59,0.0,0.0,2019-01-20,,7 - Dimanche,Sur place,CA,,0
17154,0,-19.73,-19.73,2019-01-20,1 - Matin,7 - Dimanche,Limonade,CA,,1
17156,0,142.7,129.72,2019-01-20,2 - Midi,7 - Dimanche,À emporter,CA,,9
17158,0,9.04,8.22,2019-01-20,2 - Midi,7 - Dimanche,Limonade,CA,,4
17160,0,451.9,410.81,2019-01-20,2 - Midi,7 - Dimanche,Sur place,CA,,16
17163,0,122.5,111.14,2019-01-20,3 - Après-midi,7 - Dimanche,À emporter,CA,,6
17165,0,10.2,8.74,2019-01-20,3 - Après-midi,7 - Dimanche,Limonade,CA,,2
17166,0,60.69,54.79,2019-01-20,3 - Après-midi,7 - Dimanche,Livraison,CA,KM,2
17168,0,158.2,142.28,2019-01-20,3 - Après-midi,7 - Dimanche,Sur place,CA,,8
17169,0,94.0,85.46,2019-01-20,4 - Soir,7 - Dimanche,À emporter,CA,,4
17170,0,6.0,5.46,2019-01-20,4 - Soir,7 - Dimanche,Limonade,CA,,2
17171,0,1432.2,1302.28,2019-01-20,4 - Soir,7 - Dimanche,Livraison,CA,Deliveroo,2
17172,0,57.21,51.42,2019-01-20,4 - Soir,7 - Dimanche,Livraison,CA,KM,3
17173,0,1210.5,1100.59,2019-01-20,4 - Soir,7 - Dimanche,Livraison,CA,UberEats,2
17177,-9,0.0,0.0,2019-01-20,4 - Soir,7 - Dimanche,Sur place,CA,,0
17178,0,165.2,150.18,2019-01-20,4 - Soir,7 - Dimanche,Sur place,CA,,6
17183,47,0.0,0.0,2019-01-21,,1 - Lundi,À emporter,CA,,0
17185,57,0.0,0.0,2019-01-21,,1 - Lundi,Livraison,CA,,0
17186,63,0.0,0.0,2019-01-21,,1 - Lundi,Sur place,CA,,0
17188,0,265.0,240.92,2019-01-21,2 - Midi,1 - Lundi,À emporter,CA,,16
17190,0,6.4,5.82,2019-01-21,2 - Midi,1 - Lundi,Limonade,CA,,2
17191,0,873.1,793.76,2019-01-21,2 - Midi,1 - Lundi,Sur place,CA,,49
17193,0,1.65,0.37,2019-01-21,3 - Après-midi,1 - Lundi,Limonade,CA,,5
17195,-4,0.0,0.0,2019-01-21,4 - Soir,1 - Lundi,À emporter,CA,,0
17196,0,416.5,380.86,2019-01-21,4 - Soir,1 - Lundi,À emporter,CA,Deliveroo,1
17197,0,58.6,53.27,2019-01-21,4 - Soir,1 - Lundi,À emporter,CA,,3
17203,0,2.45,2.01,2019-01-21,4 - Soir,1 - Lundi,Limonade,CA,,3
17205,0,235.0,213.64,2019-01-21,4 - Soir,1 - Lundi,Livraison,CA,Deliveroo,1
17206,0,21.46,19.32,2019-01-21,4 - Soir,1 - Lundi,Livraison,CA,KM,1
17207,0,723.4,657.63,2019-01-21,4 - Soir,1 - Lundi,Livraison,CA,UberEats,2
17211,-3,0.0,0.0,2019-01-21,4 - Soir,1 - Lundi,Sur place,CA,,0
17212,0,43.5,39.55,2019-01-21,4 - Soir,1 - Lundi,Sur place,CA,,2
17216,47,0.0,0.0,2019-01-22,,2 - Mardi,À emporter,CA,,0
17218,82,0.0,0.0,2019-01-22,,2 - Mardi,Livraison,CA,,0
17219,80,0.0,0.0,2019-01-22,,2 - Mardi,Sur place,CA,,0
17222,0,311.0,282.68,2019-01-22,2 - Midi,2 - Mardi,À emporter,CA,,18
17223,0,1.6,0.67,2019-01-22,2 - Midi,2 - Mardi,Limonade,CA,,6
17225,0,622.4,565.55,2019-01-22,2 - Midi,2 - Mardi,Sur place,CA,,33
17228,0,62.2,56.54,2019-01-22,3 - Après-midi,2 - Mardi,À emporter,CA,,4
17229,0,9.38,8.53,2019-01-22,3 - Après-midi,2 - Mardi,Limonade,CA,,3
17231,0,239.6,216.85,2019-01-22,3 - Après-midi,2 - Mardi,Sur place,CA,,11
17232,-7,0.0,0.0,2019-01-22,4 - Soir,2 - Mardi,À emporter,CA,,0
17233,0,168.3,153.01,2019-01-22,4 - Soir,2 - Mardi,À emporter,CA,,10
17238,0,3.0,2.73,2019-01-22,4 - Soir,2 - Mardi,Limonade,CA,,1
17239,0,657.3,597.68,2019-01-22,4 - Soir,2 - Mardi,Livraison,CA,Deliveroo,1
17240,0,179.1,161.85,2019-01-22,4 - Soir,2 - Mardi,Livraison,CA,KM,5
17241,0,531.1,482.82,2019-01-22,4 - Soir,2 - Mardi,Livraison,CA,UberEats,1
17247,0,333.65,302.91,2019-01-22,4 - Soir,2 - Mardi,Sur place,CA,,16
17249,24,0.0,0.0,2019-01-23,,3 - Mercredi,À emporter,CA,,0
17251,86,0.0,0.0,2019-01-23,,3 - Mercredi,Livraison,CA,,0
17252,108,0.0,0.0,2019-01-23,,3 - Mercredi,Sur place,CA,,0
17255,0,238.7,217.0,2019-01-23,2 - Midi,3 - Mercredi,À emporter,CA,,11
17258,0,1016.2,923.78,2019-01-23,2 - Midi,3 - Mercredi,Sur place,CA,,56
17261,0,14.0,12.73,2019-01-23,3 - Après-midi,3 - Mercredi,À emporter,CA,,1
17262,0,3.0,2.73,2019-01-23,3 - Après-midi,3 - Mercredi,Limonade,CA,,1
17263,0,110.5,100.46,2019-01-23,3 - Après-midi,3 - Mercredi,Sur place,CA,,3
17264,-4,0.0,0.0,2019-01-23,4 - Soir,3 - Mercredi,À emporter,CA,,0
17265,0,30.0,27.27,2019-01-23,4 - Soir,3 - Mercredi,À emporter,CA,,1
17269,0,6.55,5.95,2019-01-23,4 - Soir,3 - Mercredi,Limonade,CA,,2
17271,0,727.5,661.52,2019-01-23,4 - Soir,3 - Mercredi,Livraison,CA,Deliveroo,3
17272,0,61.86,55.66,2019-01-23,4 - Soir,3 - Mercredi,Livraison,CA,KM,3
17273,0,727.4,661.41,2019-01-23,4 - Soir,3 - Mercredi,Livraison,CA,UberEats,4
17277,-5,0.0,0.0,2019-01-23,4 - Soir,3 - Mercredi,Sur place,CA,,0
17278,0,395.35,359.05,2019-01-23,4 - Soir,3 - Mercredi,Sur place,CA,,14
17283,57,0.0,0.0,2019-01-24,,4 - Jeudi,À emporter,CA,,0
17285,73,0.0,0.0,2019-01-24,,4 - Jeudi,Livraison,CA,,0
17286,70,0.0,0.0,2019-01-24,,4 - Jeudi,Sur place,CA,,0
17288,-4,0.0,0.0,2019-01-24,2 - Midi,4 - Jeudi,À emporter,CA,,0
17289,0,340.6,307.85,2019-01-24,2 - Midi,4 - Jeudi,À emporter,CA,,20
17295,0,6.4,5.81,2019-01-24,2 - Midi,4 - Jeudi,Limonade,CA,,3
17296,0,192.8,175.27,2019-01-24,2 - Midi,4 - Jeudi,Livraison,CA,Deliveroo,3
17297,0,243.8,221.64,2019-01-24,2 - Midi,4 - Jeudi,Livraison,CA,UberEats,1
17299,0,838.9,762.54,2019-01-24,2 - Midi,4 - Jeudi,Sur place,CA,,47
17301,0,1.6,1.45,2019-01-24,3 - Après-midi,4 - Jeudi,Limonade,CA,,1
17302,0,28.5,25.91,2019-01-24,3 - Après-midi,4 - Jeudi,Sur place,CA,,1
17303,-5,0.0,0.0,2019-01-24,4 - Soir,4 - Jeudi,À emporter,CA,,0
17304,0,17.0,15.45,2019-01-24,4 - Soir,4 - Jeudi,À emporter,CA,KM,1
17305,0,358.58,325.98,2019-01-24,4 - Soir,4 - Jeudi,À emporter,CA,,15
17310,0,137.0,124.68,2019-01-24,4 - Soir,4 - Jeudi,Livraison,CA,Deliveroo,1
17311,0,195.3,176.57,2019-01-24,4 - Soir,4 - Jeudi,Livraison,CA,KM,5
17312,0,417.4,379.46,2019-01-24,4 - Soir,4 - Jeudi,Livraison,CA,UberEats,3
17315,0,150.0,136.37,2019-01-24,4 - Soir,4 - Jeudi,Sur place,CA,,6
17316,66,0.0,0.0,2019-01-25,,5 - Vendredi,À emporter,CA,,0
17318,134,0.0,0.0,2019-01-25,,5 - Vendredi,Livraison,CA,,0
17319,87,0.0,0.0,2019-01-25,,5 - Vendredi,Sur place,CA,,0
17321,0,12.9,11.73,2019-01-25,2 - Midi,5 - Vendredi,À emporter,CA,KM,1
17322,0,296.54,269.25,2019-01-25,2 - Midi,5 - Vendredi,À emporter,CA,,15
17325,0,9.2,8.35,2019-01-25,2 - Midi,5 - Vendredi,Limonade,CA,,3
17327,0,787.5,715.89,2019-01-25,2 - Midi,5 - Vendredi,Sur place,CA,,44
17328,0,134.6,122.36,2019-01-25,3 - Après-midi,5 - Vendredi,À emporter,CA,,4
17330,0,3.2,2.91,2019-01-25,3 - Après-midi,5 - Vendredi,Limonade,CA,,1
17331,0,282.3,256.77,2019-01-25,3 - Après-midi,5 - Vendredi,Livraison,CA,Deliveroo,1
17332,0,401.7,365.18,2019-01-25,3 - Après-midi,5 - Vendredi,Livraison,CA,UberEats,1
17335,0,72.1,65.55,2019-01-25,3 - Après-midi,5 - Vendredi,Sur place,CA,,5
17337,-9,0.0,0.0,2019-01-25,4 - Soir,5 - Vendredi,À emporter,CA,,0
17338,0,430.2,390.75,2019-01-25,4 - Soir,5 - Vendredi,À emporter,CA,,14
17343,0,9.0,8.18,2019-01-25,4 - Soir,5 - Vendredi,Limonade,CA,,2
17344,0,659.8,599.82,2019-01-25,4 - Soir,5 - Vendredi,Livraison,CA,Deliveroo,2
17345,0,33.5,30.26,2019-01-25,4 - Soir,5 - Vendredi,Livraison,CA,KM,1
17346,0,766.6,696.9,2019-01-25,4 - Soir,5 - Vendredi,Livraison,CA,UberEats,3
17350,0,419.8,381.56,2019-01-25,4 - Soir,5 - Vendredi,Sur place,CA,,12
17352,33,0.0,0.0,2019-01-26,,6 - Samedi,À emporter,CA,,0
17354,158,0.0,0.0,2019-01-26,,6 - Samedi,Livraison,CA,,0
17355,101,0.0,0.0,2019-01-26,,6 - Samedi,Sur place,CA,,0
17357,0,14.0,12.73,2019-01-26,2 - Midi,6 - Samedi,À emporter,CA,,1
17358,0,95.0,86.36,2019-01-26,2 - Midi,6 - Samedi,À emporter,CA,,4
17359,0,3.2,2.9,2019-01-26,2 - Midi,6 - Samedi,Limonade,CA,,1
17360,0,843.8,766.5,2019-01-26,2 - Midi,6 - Samedi,Sur place,CA,,35
17362,0,36.5,33.11,2019-01-26,3 - Après-midi,6 - Samedi,À emporter,CA,,2
17363,0,12.2,11.08,2019-01-26,3 - Après-midi,6 - Samedi,Limonade,CA,,4
17364,0,307.2,279.55,2019-01-26,3 - Après-midi,6 - Samedi,Livraison,CA,Deliveroo,1
17365,0,372.4,338.55,2019-01-26,3 - Après-midi,6 - Samedi,Livraison,CA,UberEats,1
17368,0,180.3,163.56,2019-01-26,3 - Après-midi,6 - Samedi,Sur place,CA,,8
17370,-8,0.0,0.0,2019-01-26,4 - Soir,6 - Samedi,À emporter,CA,,0
17371,0,212.7,193.36,2019-01-26,4 - Soir,6 - Samedi,À emporter,CA,,8
17376,0,12.1,10.99,2019-01-26,4 - Soir,6 - Samedi,Limonade,CA,,3
17377,0,1039.4,945.18,2019-01-26,4 - Soir,6 - Samedi,Livraison,CA,Deliveroo,3
17378,0,34.5,31.17,2019-01-26,4 - Soir,6 - Samedi,Livraison,CA,KM,1
17379,0,871.3,792.5,2019-01-26,4 - Soir,6 - Samedi,Livraison,CA,UberEats,2
17382,0,543.5,491.99,2019-01-26,4 - Soir,6 - Samedi,Sur place,CA,,14
17384,34,0.0,0.0,2019-01-27,,7 - Dimanche,À emporter,CA,,0
17387,181,0.0,0.0,2019-01-27,,7 - Dimanche,Livraison,CA,,0
17388,56,0.0,0.0,2019-01-27,,7 - Dimanche,Sur place,CA,,0
17390,0,93.5,84.74,2019-01-27,2 - Midi,7 - Dimanche,À emporter,CA,,3
17391,0,5.0,4.17,2019-01-27,2 - Midi,7 - Dimanche,Limonade,CA,,1
17392,0,290.8,264.34,2019-01-27,2 - Midi,7 - Dimanche,Sur place,CA,,11
17394,0,89.8,81.63,2019-01-27,3 - Après-midi,7 - Dimanche,À emporter,CA,,5
17396,0,8.2,7.08,2019-01-27,3 - Après-midi,7 - Dimanche,Limonade,CA,,2
17397,0,431.3,392.23,2019-01-27,3 - Après-midi,7 - Dimanche,Livraison,CA,Deliveroo,1
17398,0,709.4,645.05,2019-01-27,3 - Après-midi,7 - Dimanche,Livraison,CA,UberEats,2
17401,0,143.0,129.92,2019-01-27,3 - Après-midi,7 - Dimanche,Sur place,CA,,7
17402,-8,0.0,0.0,2019-01-27,4 - Soir,7 - Dimanche,À emporter,CA,,0
17403,0,40.9,37.18,2019-01-27,4 - Soir,7 - Dimanche,À emporter,CA,KM,1
17404,0,162.75,147.94,2019-01-27,4 - Soir,7 - Dimanche,À emporter,CA,,8
17412,0,885.0,804.82,2019-01-27,4 - Soir,7 - Dimanche,Livraison,CA,Deliveroo,1
17413,0,111.82,100.88,2019-01-27,4 - Soir,7 - Dimanche,Livraison,CA,KM,4
17414,0,843.1,766.45,2019-01-27,4 - Soir,7 - Dimanche,Livraison,CA,UberEats,2
17418,0,403.0,365.31,2019-01-27,4 - Soir,7 - Dimanche,Sur place,CA,,14
17419,35,0.0,0.0,2019-01-28,,1 - Lundi,À emporter,CA,,0
17421,61,0.0,0.0,2019-01-28,,1 - Lundi,Livraison,CA,,0
17422,51,0.0,0.0,2019-01-28,,1 - Lundi,Sur place,CA,,0
17424,0,157.75,143.41,2019-01-28,2 - Midi,1 - Lundi,À emporter,CA,,7
17426,0,1.6,1.45,2019-01-28,2 - Midi,1 - Lundi,Limonade,CA,,1
17427,0,418.6,380.4,2019-01-28,2 - Midi,1 - Lundi,Sur place,CA,,20
17428,0,31.0,27.05,2019-01-28,3 - Après-midi,1 - Lundi,À emporter,CA,,1
17429,0,9.6,8.72,2019-01-28,3 - Après-midi,1 - Lundi,Limonade,CA,,4
17430,0,14.5,13.18,2019-01-28,3 - Après-midi,1 - Lundi,Sur place,CA,,1
17431,-7,0.0,0.0,2019-01-28,4 - Soir,1 - Lundi,À emporter,CA,,0
17432,0,181.8,165.26,2019-01-28,4 - Soir,1 - Lundi,À emporter,CA,,7
17437,0,1.6,1.45,2019-01-28,4 - Soir,1 - Lundi,Limonade,CA,,1
17438,0,376.0,342.09,2019-01-28,4 - Soir,1 - Lundi,Livraison,CA,Deliveroo,1
17439,0,84.27,76.22,2019-01-28,4 - Soir,1 - Lundi,Livraison,CA,KM,2
17440,0,522.4,474.91,2019-01-28,4 - Soir,1 - Lundi,Livraison,CA,UberEats,1
17445,0,348.7,314.57,2019-01-28,4 - Soir,1 - Lundi,Sur place,CA,,11
17447,49,0.0,0.0,2019-01-29,,2 - Mardi,À emporter,CA,,0
17449,81,0.0,0.0,2019-01-29,,2 - Mardi,Livraison,CA,,0
17450,73,0.0,0.0,2019-01-29,,2 - Mardi,Sur place,CA,,0
17452,0,-28.7,-28.7,2019-01-29,1 - Matin,2 - Mardi,Limonade,CA,,1
17454,0,45.5,41.37,2019-01-29,2 - Midi,2 - Mardi,À emporter,CA,,3
17455,0,190.5,173.2,2019-01-29,2 - Midi,2 - Mardi,À emporter,CA,,10
17456,0,180.25,163.88,2019-01-29,2 - Midi,2 - Mardi,À emporter,CA,,12
17459,0,6.6,5.62,2019-01-29,2 - Midi,2 - Mardi,Limonade,CA,,1
17460,-1,0.0,0.0,2019-01-29,2 - Midi,2 - Mardi,Sur place,CA,,0
17461,0,100.0,90.76,2019-01-29,2 - Midi,2 - Mardi,Sur place,CA,,4
17462,0,316.2,287.4,2019-01-29,2 - Midi,2 - Mardi,Sur place,CA,,17
17463,0,362.8,329.83,2019-01-29,2 - Midi,2 - Mardi,Sur place,CA,,20
17468,0,33.0,30.0,2019-01-29,3 - Après-midi,2 - Mardi,À emporter,CA,,1
17469,-1,0.0,0.0,2019-01-29,3 - Après-midi,2 - Mardi,Sur place,CA,,0
17470,0,57.0,51.83,2019-01-29,3 - Après-midi,2 - Mardi,Sur place,CA,,4
17474,-9,0.0,0.0,2019-01-29,4 - Soir,2 - Mardi,À emporter,CA,,0
17475,0,100.2,91.08,2019-01-29,4 - Soir,2 - Mardi,À emporter,CA,,5
17480,0,662.9,602.91,2019-01-29,4 - Soir,2 - Mardi,Livraison,CA,Deliveroo,5
17481,0,680.1,618.55,2019-01-29,4 - Soir,2 - Mardi,Livraison,CA,UberEats,4
17485,0,225.6,201.59,2019-01-29,4 - Soir,2 - Mardi,Sur place,CA,,8
17487,36,0.0,0.0,2019-01-30,,3 - Mercredi,À emporter,CA,,0
17489,106,0.0,0.0,2019-01-30,,3 - Mercredi,Livraison,CA,,0
17490,93,0.0,0.0,2019-01-30,,3 - Mercredi,Sur place,CA,,0
17493,0,221.8,201.64,2019-01-30,2 - Midi,3 - Mercredi,À emporter,CA,,12
17495,0,12.0,10.92,2019-01-30,2 - Midi,3 - Mercredi,Limonade,CA,,4
17498,0,1147.1,1042.18,2019-01-30,2 - Midi,3 - Mercredi,Sur place,CA,,63
17500,0,101.0,91.57,2019-01-30,3 - Après-midi,3 - Mercredi,À emporter,CA,,3
17501,0,4.8,4.36,2019-01-30,3 - Après-midi,3 - Mercredi,Limonade,CA,,2
17502,0,62.0,56.21,2019-01-30,3 - Après-midi,3 - Mercredi,Sur place,CA,,2
17503,0,61.6,55.47,2019-01-30,3 - Après-midi,3 - Mercredi,Sur place,CA,,3
17504,-8,0.0,0.0,2019-01-30,4 - Soir,3 - Mercredi,À emporter,CA,,0
17505,0,85.0,77.29,2019-01-30,4 - Soir,3 - Mercredi,À emporter,CA,,6
17509,0,783.8,712.68,2019-01-30,4 - Soir,3 - Mercredi,Livraison,CA,Deliveroo,2
17510,0,55.66,50.22,2019-01-30,4 - Soir,3 - Mercredi,Livraison,CA,KM,2
17511,0,944.9,859.0,2019-01-30,4 - Soir,3 - Mercredi,Livraison,CA,UberEats,2
17515,0,110.4,100.36,2019-01-30,4 - Soir,3 - Mercredi,Sur place,CA,,4
17517,40,0.0,0.0,2019-01-31,,4 - Jeudi,À emporter,CA,,0
17519,119,0.0,0.0,2019-01-31,,4 - Jeudi,Livraison,CA,,0
17520,93,0.0,0.0,2019-01-31,,4 - Jeudi,Sur place,CA,,0
17522,0,303.0,275.33,2019-01-31,2 - Midi,4 - Jeudi,À emporter,CA,,17
17523,0,1005.9,914.27,2019-01-31,2 - Midi,4 - Jeudi,Sur place,CA,,53
17525,0,56.0,50.9,2019-01-31,3 - Après-midi,4 - Jeudi,À emporter,CA,,3
17526,0,9.1,8.27,2019-01-31,3 - Après-midi,4 - Jeudi,Sur place,CA,,1
17527,-4,0.0,0.0,2019-01-31,4 - Soir,4 - Jeudi,À emporter,CA,,0
17528,0,42.0,38.18,2019-01-31,4 - Soir,4 - Jeudi,À emporter,CA,KM,1
17529,0,125.2,113.74,2019-01-31,4 - Soir,4 - Jeudi,À emporter,CA,,5
17534,0,14.5,12.65,2019-01-31,4 - Soir,4 - Jeudi,Limonade,CA,,3
17535,0,1044.7,950.13,2019-01-31,4 - Soir,4 - Jeudi,Livraison,CA,Deliveroo,2
17536,0,108.68,98.26,2019-01-31,4 - Soir,4 - Jeudi,Livraison,CA,KM,3
17537,0,806.0,732.87,2019-01-31,4 - Soir,4 - Jeudi,Livraison,CA,UberEats,5
17541,0,337.5,306.83,2019-01-31,4 - Soir,4 - Jeudi,Sur place,CA,,14
17543,67,0.0,0.0,2019-02-01,,5 - Vendredi,À emporter,CA,,0
17545,181,0.0,0.0,2019-02-01,,5 - Vendredi,Livraison,CA,,0
17547,90,0.0,0.0,2019-02-01,,5 - Vendredi,Sur place,CA,,0
17549,0,598.6,544.24,2019-02-01,2 - Midi,5 - Vendredi,À emporter,CA,,33
17551,0,1.6,1.45,2019-02-01,2 - Midi,5 - Vendredi,Limonade,CA,,1
17552,-1,0.0,0.0,2019-02-01,2 - Midi,5 - Vendredi,Sur place,CA,,0
17553,0,727.5,661.04,2019-02-01,2 - Midi,5 - Vendredi,Sur place,CA,,41
17558,0,24.42,22.2,2019-02-01,3 - Après-midi,5 - Vendredi,À emporter,CA,KM,1
17559,0,66.0,60.0,2019-02-01,3 - Après-midi,5 - Vendredi,À emporter,CA,,2
17561,0,12.4,11.27,2019-02-01,3 - Après-midi,5 - Vendredi,Limonade,CA,,3
17562,0,1028.0,934.54,2019-02-01,3 - Après-midi,5 - Vendredi,Livraison,CA,Deliveroo,2
17565,0,64.0,58.19,2019-02-01,3 - Après-midi,5 - Vendredi,Sur place,CA,,2
17566,0,9.58,8.71,2019-02-01,4 - Soir,5 - Vendredi,À emporter,CA,KM,1
17567,0,235.2,213.81,2019-02-01,4 - Soir,5 - Vendredi,À emporter,CA,,9
17570,0,615.0,559.23,2019-02-01,4 - Soir,5 - Vendredi,Livraison,CA,Deliveroo,2
17571,0,163.89,148.22,2019-02-01,4 - Soir,5 - Vendredi,Livraison,CA,KM,4
17572,0,1310.6,1191.58,2019-02-01,4 - Soir,5 - Vendredi,Livraison,CA,UberEats,5
17578,-10,0.0,0.0,2019-02-01,4 - Soir,5 - Vendredi,Sur place,CA,,0
17579,0,412.8,375.03,2019-02-01,4 - Soir,5 - Vendredi,Sur place,CA,,16
17584,34,0.0,0.0,2019-02-02,,6 - Samedi,À emporter,CA,,0
17586,106,0.0,0.0,2019-02-02,,6 - Samedi,Livraison,CA,,0
17588,126,0.0,0.0,2019-02-02,,6 - Samedi,Sur place,CA,,0
17590,0,207.1,188.28,2019-02-02,2 - Midi,6 - Samedi,À emporter,CA,,10
17591,0,1306.7,1187.47,2019-02-02,2 - Midi,6 - Samedi,Sur place,CA,,50
17594,0,79.0,71.82,2019-02-02,3 - Après-midi,6 - Samedi,À emporter,CA,,5
17595,0,1.6,1.45,2019-02-02,3 - Après-midi,6 - Samedi,Limonade,CA,,1
17596,0,49.57,44.87,2019-02-02,3 - Après-midi,6 - Samedi,Livraison,CA,KM,1
17598,0,172.6,156.91,2019-02-02,3 - Après-midi,6 - Samedi,Sur place,CA,,10
17600,0,28.0,25.45,2019-02-02,4 - Soir,6 - Samedi,À emporter,CA,KM,1
17601,0,160.7,146.08,2019-02-02,4 - Soir,6 - Samedi,À emporter,CA,,9
17603,0,-2.78,-2.93,2019-02-02,4 - Soir,6 - Samedi,Limonade,CA,,2
17606,0,682.5,620.98,2019-02-02,4 - Soir,6 - Samedi,Livraison,CA,Deliveroo,3
17607,0,89.12,80.64,2019-02-02,4 - Soir,6 - Samedi,Livraison,CA,KM,2
17608,0,1004.3,913.13,2019-02-02,4 - Soir,6 - Samedi,Livraison,CA,UberEats,5
17614,-9,0.0,0.0,2019-02-02,4 - Soir,6 - Samedi,Sur place,CA,,0
17615,0,263.2,239.27,2019-02-02,4 - Soir,6 - Samedi,Sur place,CA,,11
17620,15,0.0,0.0,2019-02-03,,7 - Dimanche,À emporter,CA,,0
17621,112,0.0,0.0,2019-02-03,,7 - Dimanche,Livraison,CA,,0
17623,23,0.0,0.0,2019-02-03,,7 - Dimanche,Sur place,CA,,0
17625,0,111.0,100.91,2019-02-03,3 - Après-midi,7 - Dimanche,Sur place,CA,,5
17627,-9,0.0,0.0,2019-02-03,4 - Soir,7 - Dimanche,À emporter,CA,,0
17628,0,84.0,76.37,2019-02-03,4 - Soir,7 - Dimanche,À emporter,CA,,5
17632,0,4.6,4.18,2019-02-03,4 - Soir,7 - Dimanche,Limonade,CA,,2
17633,0,841.4,765.31,2019-02-03,4 - Soir,7 - Dimanche,Livraison,CA,Deliveroo,4
17634,0,120.41,108.69,2019-02-03,4 - Soir,7 - Dimanche,Livraison,CA,KM,4
17635,0,1065.9,969.44,2019-02-03,4 - Soir,7 - Dimanche,Livraison,CA,UberEats,4
17641,0,215.2,195.62,2019-02-03,4 - Soir,7 - Dimanche,Sur place,CA,,8
17643,38,0.0,0.0,2019-02-04,,1 - Lundi,À emporter,CA,,0
17645,67,0.0,0.0,2019-02-04,,1 - Lundi,Livraison,CA,,0
17647,61,0.0,0.0,2019-02-04,,1 - Lundi,Sur place,CA,,0
17649,0,248.02,225.5,2019-02-04,2 - Midi,1 - Lundi,À emporter,CA,,16
17651,0,6.2,5.63,2019-02-04,2 - Midi,1 - Lundi,Limonade,CA,,3
17652,0,195.8,178.0,2019-02-04,2 - Midi,1 - Lundi,Livraison,CA,UberEats,1
17654,0,558.2,507.44,2019-02-04,2 - Midi,1 - Lundi,Sur place,CA,,29
17656,0,48.86,44.42,2019-02-04,3 - Après-midi,1 - Lundi,À emporter,CA,,2
17658,0,74.5,67.73,2019-02-04,3 - Après-midi,1 - Lundi,Sur place,CA,,3
17659,-8,0.0,0.0,2019-02-04,4 - Soir,1 - Lundi,À emporter,CA,,0
17660,0,124.1,112.73,2019-02-04,4 - Soir,1 - Lundi,À emporter,CA,,6
17665,0,-6.67,-6.82,2019-02-04,4 - Soir,1 - Lundi,Limonade,CA,,2
17668,0,464.0,422.31,2019-02-04,4 - Soir,1 - Lundi,Livraison,CA,Deliveroo,4
17669,0,34.5,31.17,2019-02-04,4 - Soir,1 - Lundi,Livraison,CA,KM,1
17670,0,405.5,368.63,2019-02-04,4 - Soir,1 - Lundi,Livraison,CA,UberEats,6
17676,0,264.8,239.42,2019-02-04,4 - Soir,1 - Lundi,Sur place,CA,,11
17678,29,0.0,0.0,2019-02-05,,2 - Mardi,À emporter,CA,,0
17680,138,0.0,0.0,2019-02-05,,2 - Mardi,Livraison,CA,,0
17682,68,0.0,0.0,2019-02-05,,2 - Mardi,Sur place,CA,,0
17685,0,-22.41,-22.41,2019-02-05,1 - Matin,2 - Mardi,Limonade,CA,,1
17686,0,20.1,18.19,2019-02-05,1 - Matin,2 - Mardi,Sur place,CA,,1
17687,0,270.7,246.02,2019-02-05,2 - Midi,2 - Mardi,À emporter,CA,,18
17690,0,7.8,7.08,2019-02-05,2 - Midi,2 - Mardi,Limonade,CA,,3
17691,0,670.55,609.56,2019-02-05,2 - Midi,2 - Mardi,Sur place,CA,,35
17693,0,40.2,36.54,2019-02-05,3 - Après-midi,2 - Mardi,À emporter,CA,,3
17695,0,3.2,2.91,2019-02-05,3 - Après-midi,2 - Mardi,Limonade,CA,,1
17696,0,22.54,20.3,2019-02-05,3 - Après-midi,2 - Mardi,Livraison,CA,KM,1
17698,0,105.72,96.1,2019-02-05,3 - Après-midi,2 - Mardi,Sur place,CA,,6
17701,-1,0.0,0.0,2019-02-05,4 - Soir,2 - Mardi,À emporter,CA,,0
17702,0,96.14,87.39,2019-02-05,4 - Soir,2 - Mardi,À emporter,CA,,5
17707,0,3.5,2.92,2019-02-05,4 - Soir,2 - Mardi,Limonade,CA,,1
17709,0,596.5,542.56,2019-02-05,4 - Soir,2 - Mardi,Livraison,CA,Deliveroo,2
17710,0,147.69,133.29,2019-02-05,4 - Soir,2 - Mardi,Livraison,CA,KM,5
17711,0,1342.2,1220.87,2019-02-05,4 - Soir,2 - Mardi,Livraison,CA,UberEats,4
17715,-8,0.0,0.0,2019-02-05,4 - Soir,2 - Mardi,Sur place,CA,,0
17716,0,76.8,69.8,2019-02-05,4 - Soir,2 - Mardi,Sur place,CA,,5
17721,34,0.0,0.0,2019-02-06,,3 - Mercredi,À emporter,CA,,0
17723,151,0.0,0.0,2019-02-06,,3 - Mercredi,Livraison,CA,,0
17725,100,0.0,0.0,2019-02-06,,3 - Mercredi,Sur place,CA,,0
17727,0,313.0,284.58,2019-02-06,2 - Midi,3 - Mercredi,À emporter,CA,,19
17729,0,990.85,900.51,2019-02-06,2 - Midi,3 - Mercredi,Sur place,CA,,55
17732,0,91.2,82.92,2019-02-06,3 - Après-midi,3 - Mercredi,À emporter,CA,,5
17735,0,-1.54,-1.54,2019-02-06,3 - Après-midi,3 - Mercredi,Limonade,CA,,1
17737,0,51.5,46.63,2019-02-06,3 - Après-midi,3 - Mercredi,Livraison,CA,KM,1
17738,0,7.6,6.91,2019-02-06,3 - Après-midi,3 - Mercredi,Sur place,CA,,1
17739,0,58.35,53.04,2019-02-06,4 - Soir,3 - Mercredi,À emporter,CA,,4
17741,0,6.4,5.81,2019-02-06,4 - Soir,3 - Mercredi,Limonade,CA,,3
17742,0,839.6,763.41,2019-02-06,4 - Soir,3 - Mercredi,Livraison,CA,Deliveroo,2
17743,0,30.14,27.21,2019-02-06,4 - Soir,3 - Mercredi,Livraison,CA,KM,1
17744,0,1453.3,1321.74,2019-02-06,4 - Soir,3 - Mercredi,Livraison,CA,UberEats,3
17748,-9,0.0,0.0,2019-02-06,4 - Soir,3 - Mercredi,Sur place,CA,,0
17749,0,330.6,299.56,2019-02-06,4 - Soir,3 - Mercredi,Sur place,CA,,17
17754,40,0.0,0.0,2019-02-07,,4 - Jeudi,À emporter,CA,,0
17756,153,0.0,0.0,2019-02-07,,4 - Jeudi,Livraison,CA,,0
17758,64,0.0,0.0,2019-02-07,,4 - Jeudi,Sur place,CA,,0
17760,0,16.0,14.55,2019-02-07,2 - Midi,4 - Jeudi,À emporter,CA,,1
17761,0,145.23,132.04,2019-02-07,2 - Midi,4 - Jeudi,À emporter,CA,,10
17763,0,6.0,5.45,2019-02-07,2 - Midi,4 - Jeudi,Limonade,CA,,1
17764,0,12.4,11.26,2019-02-07,2 - Midi,4 - Jeudi,Limonade,CA,,4
17765,0,28.5,25.91,2019-02-07,2 - Midi,4 - Jeudi,Sur place,CA,,2
17766,0,661.8,601.71,2019-02-07,2 - Midi,4 - Jeudi,Sur place,CA,,38
17768,0,173.5,157.82,2019-02-07,3 - Après-midi,4 - Jeudi,À emporter,CA,Deliveroo,1
17769,0,28.0,25.46,2019-02-07,3 - Après-midi,4 - Jeudi,À emporter,CA,,2
17770,0,4.6,4.18,2019-02-07,3 - Après-midi,4 - Jeudi,Limonade,CA,,2
17772,0,464.4,422.59,2019-02-07,3 - Après-midi,4 - Jeudi,Livraison,CA,UberEats,1
17774,0,81.2,73.8,2019-02-07,3 - Après-midi,4 - Jeudi,Sur place,CA,,4
17776,-9,0.0,0.0,2019-02-07,4 - Soir,4 - Jeudi,À emporter,CA,,0
17777,0,109.0,99.1,2019-02-07,4 - Soir,4 - Jeudi,À emporter,CA,,5
17781,0,-8.0,-8.18,2019-02-07,4 - Soir,4 - Jeudi,Limonade,CA,,2
17782,0,419.6,381.73,2019-02-07,4 - Soir,4 - Jeudi,Livraison,CA,Deliveroo,3
17783,0,106.13,95.9,2019-02-07,4 - Soir,4 - Jeudi,Livraison,CA,KM,3
17784,0,1420.4,1292.24,2019-02-07,4 - Soir,4 - Jeudi,Livraison,CA,UberEats,7
17788,0,156.6,142.29,2019-02-07,4 - Soir,4 - Jeudi,Sur place,CA,,9
17790,41,0.0,0.0,2019-02-08,,5 - Vendredi,À emporter,CA,,0
17792,236,0.0,0.0,2019-02-08,,5 - Vendredi,Livraison,CA,,0
17794,117,0.0,0.0,2019-02-08,,5 - Vendredi,Sur place,CA,,0
17797,0,294.6,267.85,2019-02-08,2 - Midi,5 - Vendredi,À emporter,CA,,20
17799,0,13.0,11.82,2019-02-08,2 - Midi,5 - Vendredi,Limonade,CA,,3
17800,0,961.9,874.52,2019-02-08,2 - Midi,5 - Vendredi,Sur place,CA,,55
17802,0,42.0,38.18,2019-02-08,3 - Après-midi,5 - Vendredi,À emporter,CA,,1
17803,0,9.5,8.37,2019-02-08,3 - Après-midi,5 - Vendredi,Limonade,CA,,2
17804,0,143.14,129.35,2019-02-08,3 - Après-midi,5 - Vendredi,Livraison,CA,KM,4
17805,0,362.4,329.46,2019-02-08,3 - Après-midi,5 - Vendredi,Livraison,CA,UberEats,3
17808,0,39.0,35.45,2019-02-08,3 - Après-midi,5 - Vendredi,Sur place,CA,,2
17809,0,125.25,113.71,2019-02-08,3 - Après-midi,5 - Vendredi,Sur place,CA,,5
17811,0,70.0,63.64,2019-02-08,4 - Soir,5 - Vendredi,À emporter,CA,KM,1
17812,0,213.25,193.86,2019-02-08,4 - Soir,5 - Vendredi,À emporter,CA,,8
17814,0,759.9,690.82,2019-02-08,4 - Soir,5 - Vendredi,Livraison,CA,Deliveroo,2
17815,0,146.5,132.61,2019-02-08,4 - Soir,5 - Vendredi,Livraison,CA,KM,3
17816,0,537.5,489.32,2019-02-08,4 - Soir,5 - Vendredi,Livraison,CA,UberEats,2
17817,0,1823.0,1659.9,2019-02-08,4 - Soir,5 - Vendredi,Livraison,CA,UberEats,10
17821,-11,0.0,0.0,2019-02-08,4 - Soir,5 - Vendredi,Sur place,CA,,0
17822,0,415.0,376.49,2019-02-08,4 - Soir,5 - Vendredi,Sur place,CA,,20
17826,35,0.0,0.0,2019-02-09,,6 - Samedi,À emporter,CA,,0
17828,176,0.0,0.0,2019-02-09,,6 - Samedi,Livraison,CA,,0
17830,116,0.0,0.0,2019-02-09,,6 - Samedi,Sur place,CA,,0
17832,0,96.6,87.81,2019-02-09,2 - Midi,6 - Samedi,À emporter,CA,,4
17834,0,17.6,15.73,2019-02-09,2 - Midi,6 - Samedi,Limonade,CA,,4
17836,0,972.68,884.21,2019-02-09,2 - Midi,6 - Samedi,Sur place,CA,,32
17838,0,81.6,74.09,2019-02-09,3 - Après-midi,6 - Samedi,À emporter,CA,,4
17840,0,22.8,19.8,2019-02-09,3 - Après-midi,6 - Samedi,Limonade,CA,,6
17841,0,215.4,195.82,2019-02-09,3 - Après-midi,6 - Samedi,Livraison,CA,Deliveroo,1
17842,0,500.5,455.55,2019-02-09,3 - Après-midi,6 - Samedi,Livraison,CA,UberEats,3
17843,0,12.6,11.45,2019-02-09,3 - Après-midi,6 - Samedi,Sur place,CA,,1
17845,0,56.42,51.29,2019-02-09,4 - Soir,6 - Samedi,À emporter,CA,KM,2
17846,0,252.1,229.17,2019-02-09,4 - Soir,6 - Samedi,À emporter,CA,,13
17849,0,1.6,1.45,2019-02-09,4 - Soir,6 - Samedi,Limonade,CA,,1
17850,0,858.2,780.78,2019-02-09,4 - Soir,6 - Samedi,Livraison,CA,Deliveroo,5
17851,0,32.3,29.17,2019-02-09,4 - Soir,6 - Samedi,Livraison,CA,KM,1
17852,0,1192.6,1085.14,2019-02-09,4 - Soir,6 - Samedi,Livraison,CA,UberEats,6
17855,-8,0.0,0.0,2019-02-09,4 - Soir,6 - Samedi,Sur place,CA,,0
17856,0,565.75,514.31,2019-02-09,4 - Soir,6 - Samedi,Sur place,CA,,26
17861,17,0.0,0.0,2019-02-10,,7 - Dimanche,À emporter,CA,,0
17862,256,0.0,0.0,2019-02-10,,7 - Dimanche,Livraison,CA,,0
17864,50,0.0,0.0,2019-02-10,,7 - Dimanche,Sur place,CA,,0
17865,0,44.0,40.0,2019-02-10,2 - Midi,7 - Dimanche,À emporter,CA,,1
17866,0,6.7,5.83,2019-02-10,2 - Midi,7 - Dimanche,Limonade,CA,,2
17867,0,366.7,333.22,2019-02-10,2 - Midi,7 - Dimanche,Sur place,CA,,12
17869,0,33.0,30.0,2019-02-10,3 - Après-midi,7 - Dimanche,À emporter,CA,,1
17870,0,21.0,18.57,2019-02-10,3 - Après-midi,7 - Dimanche,Limonade,CA,,6
17871,0,668.5,608.89,2019-02-10,3 - Après-midi,7 - Dimanche,Livraison,CA,Deliveroo,1
17872,0,588.8,535.96,2019-02-10,3 - Après-midi,7 - Dimanche,Livraison,CA,UberEats,3
17874,0,56.0,50.9,2019-02-10,3 - Après-midi,7 - Dimanche,Sur place,CA,,2
17875,0,183.0,166.37,2019-02-10,4 - Soir,7 - Dimanche,À emporter,CA,,9
17876,0,3.0,2.73,2019-02-10,4 - Soir,7 - Dimanche,Limonade,CA,,1
17877,0,468.8,426.18,2019-02-10,4 - Soir,7 - Dimanche,Livraison,CA,Deliveroo,2
17878,0,186.88,168.74,2019-02-10,4 - Soir,7 - Dimanche,Livraison,CA,KM,6
17879,0,2024.9,1842.61,2019-02-10,4 - Soir,7 - Dimanche,Livraison,CA,UberEats,10
17883,-9,0.0,0.0,2019-02-10,4 - Soir,7 - Dimanche,Sur place,CA,,0
17884,0,172.0,156.36,2019-02-10,4 - Soir,7 - Dimanche,Sur place,CA,,6
17888,29,0.0,0.0,2019-02-11,,1 - Lundi,À emporter,CA,,0
17891,84,0.0,0.0,2019-02-11,,1 - Lundi,Livraison,CA,,0
17892,75,0.0,0.0,2019-02-11,,1 - Lundi,Sur place,CA,,0
17894,0,223.1,202.83,2019-02-11,2 - Midi,1 - Lundi,À emporter,CA,,14
17897,0,6.2,5.64,2019-02-11,2 - Midi,1 - Lundi,Limonade,CA,,2
17898,0,100.5,91.5,2019-02-11,2 - Midi,1 - Lundi,Livraison,CA,Deliveroo,1
17899,0,78.0,70.91,2019-02-11,2 - Midi,1 - Lundi,Livraison,CA,UberEats,1
17902,0,625.5,568.68,2019-02-11,2 - Midi,1 - Lundi,Sur place,CA,,33
17904,0,30.0,27.28,2019-02-11,3 - Après-midi,1 - Lundi,À emporter,CA,,2
17907,0,52.6,47.81,2019-02-11,3 - Après-midi,1 - Lundi,Sur place,CA,,3
17911,0,164.5,149.56,2019-02-11,4 - Soir,1 - Lundi,À emporter,CA,,9
17913,0,5.1,4.64,2019-02-11,4 - Soir,1 - Lundi,Limonade,CA,,1
17914,0,575.5,523.19,2019-02-11,4 - Soir,1 - Lundi,Livraison,CA,Deliveroo,4
17915,0,17.0,15.26,2019-02-11,4 - Soir,1 - Lundi,Livraison,CA,KM,1
17916,0,604.2,549.69,2019-02-11,4 - Soir,1 - Lundi,Livraison,CA,UberEats,3
17919,-8,0.0,0.0,2019-02-11,4 - Soir,1 - Lundi,Sur place,CA,,0
17920,0,294.0,266.38,2019-02-11,4 - Soir,1 - Lundi,Sur place,CA,,15
17926,13,0.0,0.0,2019-02-12,,2 - Mardi,À emporter,CA,,0
17927,75,0.0,0.0,2019-02-12,,2 - Mardi,Livraison,CA,,0
17929,84,0.0,0.0,2019-02-12,,2 - Mardi,Sur place,CA,,0
17931,0,168.0,152.74,2019-02-12,2 - Midi,2 - Mardi,À emporter,CA,,10
17933,0,14.3,13.0,2019-02-12,2 - Midi,2 - Mardi,Limonade,CA,,3
17935,0,91.0,82.73,2019-02-12,2 - Midi,2 - Mardi,Livraison,CA,Deliveroo,1
17936,0,96.9,88.09,2019-02-12,2 - Midi,2 - Mardi,Livraison,CA,UberEats,2
17939,0,802.8,729.88,2019-02-12,2 - Midi,2 - Mardi,Sur place,CA,,44
17942,0,3.0,2.73,2019-02-12,3 - Après-midi,2 - Mardi,Limonade,CA,,1
17943,0,68.5,60.94,2019-02-12,3 - Après-midi,2 - Mardi,Sur place,CA,,4
17945,0,14.0,12.73,2019-02-12,4 - Soir,2 - Mardi,À emporter,CA,,1
17947,0,490.4,446.22,2019-02-12,4 - Soir,2 - Mardi,Livraison,CA,Deliveroo,5
17948,0,26.74,24.12,2019-02-12,4 - Soir,2 - Mardi,Livraison,CA,KM,1
17949,0,490.2,445.63,2019-02-12,4 - Soir,2 - Mardi,Livraison,CA,UberEats,4
17955,-8,0.0,0.0,2019-02-12,4 - Soir,2 - Mardi,Sur place,CA,,0
17956,0,261.8,237.92,2019-02-12,4 - Soir,2 - Mardi,Sur place,CA,,10
17962,38,0.0,0.0,2019-02-13,,3 - Mercredi,À emporter,CA,,0
17963,103,0.0,0.0,2019-02-13,,3 - Mercredi,Livraison,CA,,0
17965,90,0.0,0.0,2019-02-13,,3 - Mercredi,Sur place,CA,,0
17967,0,362.0,328.32,2019-02-13,2 - Midi,3 - Mercredi,À emporter,CA,,20
17969,0,8.0,7.26,2019-02-13,2 - Midi,3 - Mercredi,Limonade,CA,,4
17971,0,117.5,106.82,2019-02-13,2 - Midi,3 - Mercredi,Livraison,CA,Deliveroo,1
17972,0,314.9,286.41,2019-02-13,2 - Midi,3 - Mercredi,Livraison,CA,UberEats,1
17975,0,880.2,799.02,2019-02-13,2 - Midi,3 - Mercredi,Sur place,CA,,43
17978,0,14.0,12.73,2019-02-13,3 - Après-midi,3 - Mercredi,À emporter,CA,,1
17980,0,4.6,4.18,2019-02-13,3 - Après-midi,3 - Mercredi,Limonade,CA,,1
17981,0,29.82,26.92,2019-02-13,3 - Après-midi,3 - Mercredi,Livraison,CA,KM,1
17984,0,50.5,45.9,2019-02-13,3 - Après-midi,3 - Mercredi,Sur place,CA,,2
17986,-8,0.0,0.0,2019-02-13,4 - Soir,3 - Mercredi,À emporter,CA,,0
17987,0,77.0,70.0,2019-02-13,4 - Soir,3 - Mercredi,À emporter,CA,,3
17992,0,11.0,9.62,2019-02-13,4 - Soir,3 - Mercredi,Limonade,CA,,2
17995,0,491.9,447.39,2019-02-13,4 - Soir,3 - Mercredi,Livraison,CA,Deliveroo,3
17996,0,10.15,9.03,2019-02-13,4 - Soir,3 - Mercredi,Livraison,CA,KM,1
17997,0,715.0,650.0,2019-02-13,4 - Soir,3 - Mercredi,Livraison,CA,UberEats,4
18003,0,408.9,371.54,2019-02-13,4 - Soir,3 - Mercredi,Sur place,CA,,20
18006,76,0.0,0.0,2019-02-14,,4 - Jeudi,À emporter,CA,,0
18008,64,0.0,0.0,2019-02-14,,4 - Jeudi,Livraison,CA,,0
18010,132,0.0,0.0,2019-02-14,,4 - Jeudi,Sur place,CA,,0
18012,0,217.5,197.76,2019-02-14,2 - Midi,4 - Jeudi,À emporter,CA,,14
18014,0,11.5,9.82,2019-02-14,2 - Midi,4 - Jeudi,Limonade,CA,,3
18015,0,1122.0,1019.69,2019-02-14,2 - Midi,4 - Jeudi,Sur place,CA,,57
18018,0,64.42,58.56,2019-02-14,3 - Après-midi,4 - Jeudi,À emporter,CA,,4
18023,0,19.1,16.57,2019-02-14,3 - Après-midi,4 - Jeudi,Limonade,CA,,4
18025,0,223.9,203.68,2019-02-14,3 - Après-midi,4 - Jeudi,Livraison,CA,Deliveroo,1
18026,0,234.0,213.0,2019-02-14,3 - Après-midi,4 - Jeudi,Livraison,CA,UberEats,1
18029,0,94.4,85.83,2019-02-14,3 - Après-midi,4 - Jeudi,Sur place,CA,,5
18032,0,49.1,44.63,2019-02-14,4 - Soir,4 - Jeudi,À emporter,CA,,3
18033,0,673.8,612.39,2019-02-14,4 - Soir,4 - Jeudi,À emporter,CA,,45
18038,0,296.4,269.59,2019-02-14,4 - Soir,4 - Jeudi,Livraison,CA,Deliveroo,1
18039,0,96.29,86.96,2019-02-14,4 - Soir,4 - Jeudi,Livraison,CA,KM,3
18040,0,246.3,224.05,2019-02-14,4 - Soir,4 - Jeudi,Livraison,CA,UberEats,1
18047,-8,0.0,0.0,2019-02-14,4 - Soir,4 - Jeudi,Sur place,CA,,0
18048,0,296.1,269.15,2019-02-14,4 - Soir,4 - Jeudi,Sur place,CA,,16
18049,0,238.5,216.77,2019-02-14,4 - Soir,4 - Jeudi,Sur place,CA,,18
18057,46,0.0,0.0,2019-02-15,,5 - Vendredi,À emporter,CA,,0
18059,137,0.0,0.0,2019-02-15,,5 - Vendredi,Livraison,CA,,0
18060,108,0.0,0.0,2019-02-15,,5 - Vendredi,Sur place,CA,,0
18063,0,304.8,277.12,2019-02-15,2 - Midi,5 - Vendredi,À emporter,CA,,19
18066,0,16.6,15.08,2019-02-15,2 - Midi,5 - Vendredi,Limonade,CA,,4
18068,0,656.0,596.37,2019-02-15,2 - Midi,5 - Vendredi,Livraison,CA,Deliveroo,2
18069,0,163.3,148.45,2019-02-15,2 - Midi,5 - Vendredi,Livraison,CA,UberEats,1
18072,0,745.2,677.47,2019-02-15,2 - Midi,5 - Vendredi,Sur place,CA,,39
18075,0,56.5,51.36,2019-02-15,3 - Après-midi,5 - Vendredi,À emporter,CA,,2
18077,0,12.6,11.45,2019-02-15,3 - Après-midi,5 - Vendredi,Limonade,CA,,4
18079,0,132.2,119.81,2019-02-15,3 - Après-midi,5 - Vendredi,Sur place,CA,,8
18082,0,14.0,12.73,2019-02-15,4 - Soir,5 - Vendredi,À emporter,CA,KM,1
18083,0,276.27,251.14,2019-02-15,4 - Soir,5 - Vendredi,À emporter,CA,,12
18087,0,3.5,2.92,2019-02-15,4 - Soir,5 - Vendredi,Limonade,CA,,1
18088,0,675.0,613.93,2019-02-15,4 - Soir,5 - Vendredi,Livraison,CA,Deliveroo,3
18089,0,31.5,28.44,2019-02-15,4 - Soir,5 - Vendredi,Livraison,CA,KM,1
18090,0,704.3,640.27,2019-02-15,4 - Soir,5 - Vendredi,Livraison,CA,UberEats,3
18094,-7,0.0,0.0,2019-02-15,4 - Soir,5 - Vendredi,Sur place,CA,,0
18095,0,588.55,534.82,2019-02-15,4 - Soir,5 - Vendredi,Sur place,CA,,26
18101,50,0.0,0.0,2019-02-16,,6 - Samedi,À emporter,CA,,0
18103,127,0.0,0.0,2019-02-16,,6 - Samedi,Livraison,CA,,0
18105,120,0.0,0.0,2019-02-16,,6 - Samedi,Sur place,CA,,0
18107,0,1.6,1.45,2019-02-16,1 - Matin,6 - Samedi,Limonade,CA,,1
18108,0,426.33,387.24,2019-02-16,2 - Midi,6 - Samedi,À emporter,CA,,21
18112,0,30.98,27.37,2019-02-16,2 - Midi,6 - Samedi,Limonade,CA,,7
18115,0,1004.35,911.93,2019-02-16,2 - Midi,6 - Samedi,Sur place,CA,,41
18118,0,43.6,39.63,2019-02-16,3 - Après-midi,6 - Samedi,À emporter,CA,,3
18121,0,7.8,7.09,2019-02-16,3 - Après-midi,6 - Samedi,Limonade,CA,,3
18122,0,311.4,283.37,2019-02-16,3 - Après-midi,6 - Samedi,Livraison,CA,Deliveroo,1
18123,0,335.7,305.18,2019-02-16,3 - Après-midi,6 - Samedi,Livraison,CA,UberEats,1
18126,0,79.6,72.36,2019-02-16,3 - Après-midi,6 - Samedi,Sur place,CA,,5
18129,0,238.2,216.54,2019-02-16,4 - Soir,6 - Samedi,À emporter,CA,,15
18132,0,4.5,4.09,2019-02-16,4 - Soir,6 - Samedi,Limonade,CA,,1
18133,0,759.7,690.93,2019-02-16,4 - Soir,6 - Samedi,Livraison,CA,Deliveroo,4
18134,0,100.8,91.06,2019-02-16,4 - Soir,6 - Samedi,Livraison,CA,KM,3
18135,0,631.5,574.22,2019-02-16,4 - Soir,6 - Samedi,Livraison,CA,UberEats,4
18141,-9,0.0,0.0,2019-02-16,4 - Soir,6 - Samedi,Sur place,CA,,0
18142,0,518.2,470.46,2019-02-16,4 - Soir,6 - Samedi,Sur place,CA,,24
18148,32,0.0,0.0,2019-02-17,,7 - Dimanche,À emporter,CA,,0
18150,177,0.0,0.0,2019-02-17,,7 - Dimanche,Livraison,CA,,0
18152,105,0.0,0.0,2019-02-17,,7 - Dimanche,Sur place,CA,,0
18154,0,19.0,17.27,2019-02-17,2 - Midi,7 - Dimanche,À emporter,CA,,1
18156,0,25.6,23.26,2019-02-17,2 - Midi,7 - Dimanche,Limonade,CA,,5
18157,0,304.8,277.37,2019-02-17,2 - Midi,7 - Dimanche,Livraison,CA,Deliveroo,1
18158,0,272.0,247.27,2019-02-17,2 - Midi,7 - Dimanche,Livraison,CA,UberEats,1
18162,0,860.5,782.17,2019-02-17,2 - Midi,7 - Dimanche,Sur place,CA,,39
18165,0,79.0,71.83,2019-02-17,3 - Après-midi,7 - Dimanche,À emporter,CA,,5
18167,0,13.5,12.26,2019-02-17,3 - Après-midi,7 - Dimanche,Limonade,CA,,5
18169,0,93.0,84.82,2019-02-17,3 - Après-midi,7 - Dimanche,Livraison,CA,Deliveroo,1
18170,0,37.8,33.98,2019-02-17,3 - Après-midi,7 - Dimanche,Livraison,CA,KM,2
18171,0,46.5,42.27,2019-02-17,3 - Après-midi,7 - Dimanche,Livraison,CA,UberEats,1
18175,0,208.8,189.74,2019-02-17,3 - Après-midi,7 - Dimanche,Sur place,CA,,9
18178,-5,0.0,0.0,2019-02-17,4 - Soir,7 - Dimanche,À emporter,CA,,0
18179,0,290.2,263.72,2019-02-17,4 - Soir,7 - Dimanche,À emporter,CA,,15
18185,0,17.8,15.65,2019-02-17,4 - Soir,7 - Dimanche,Limonade,CA,,5
18186,0,1275.4,1160.43,2019-02-17,4 - Soir,7 - Dimanche,Livraison,CA,Deliveroo,3
18187,0,175.0,158.52,2019-02-17,4 - Soir,7 - Dimanche,Livraison,CA,KM,3
18188,0,695.2,632.0,2019-02-17,4 - Soir,7 - Dimanche,Livraison,CA,UberEats,2
18194,-4,0.0,0.0,2019-02-17,4 - Soir,7 - Dimanche,Sur place,CA,,0
18195,0,331.3,299.52,2019-02-17,4 - Soir,7 - Dimanche,Sur place,CA,,18
18201,19,0.0,0.0,2019-02-18,,1 - Lundi,À emporter,CA,,0
18203,102,0.0,0.0,2019-02-18,,1 - Lundi,Livraison,CA,,0
18205,101,0.0,0.0,2019-02-18,,1 - Lundi,Sur place,CA,,0
18207,0,103.6,94.19,2019-02-18,2 - Midi,1 - Lundi,À emporter,CA,,7
18210,0,6.2,5.64,2019-02-18,2 - Midi,1 - Lundi,Limonade,CA,,2
18211,0,177.3,161.45,2019-02-18,2 - Midi,1 - Lundi,Livraison,CA,Deliveroo,1
18212,0,46.03,41.65,2019-02-18,2 - Midi,1 - Lundi,Livraison,CA,KM,1
18213,0,171.0,155.45,2019-02-18,2 - Midi,1 - Lundi,Livraison,CA,UberEats,1
18220,0,891.0,809.8,2019-02-18,2 - Midi,1 - Lundi,Sur place,CA,,53
18223,0,20.1,17.1,2019-02-18,3 - Après-midi,1 - Lundi,Limonade,CA,,4
18224,0,205.8,187.01,2019-02-18,3 - Après-midi,1 - Lundi,Sur place,CA,,11
18227,0,39.0,35.46,2019-02-18,4 - Soir,1 - Lundi,À emporter,CA,KM,2
18228,0,120.0,109.1,2019-02-18,4 - Soir,1 - Lundi,À emporter,CA,,7
18231,0,12.1,11.0,2019-02-18,4 - Soir,1 - Lundi,Limonade,CA,,4
18232,0,571.5,519.84,2019-02-18,4 - Soir,1 - Lundi,Livraison,CA,Deliveroo,2
18233,0,130.32,117.7,2019-02-18,4 - Soir,1 - Lundi,Livraison,CA,KM,4
18234,0,587.9,534.73,2019-02-18,4 - Soir,1 - Lundi,Livraison,CA,UberEats,2
18241,-6,0.0,0.0,2019-02-18,4 - Soir,1 - Lundi,Sur place,CA,,0
18242,0,293.0,266.33,2019-02-18,4 - Soir,1 - Lundi,Sur place,CA,,13
18248,27,0.0,0.0,2019-02-19,,2 - Mardi,À emporter,CA,,0
18250,56,0.0,0.0,2019-02-19,,2 - Mardi,Livraison,CA,,0
18252,80,0.0,0.0,2019-02-19,,2 - Mardi,Sur place,CA,,0
18255,0,28.0,25.45,2019-02-19,2 - Midi,2 - Mardi,À emporter,CA,KM,1
18256,0,273.1,248.3,2019-02-19,2 - Midi,2 - Mardi,À emporter,CA,,16
18260,0,21.95,19.94,2019-02-19,2 - Midi,2 - Mardi,Limonade,CA,,5
18262,0,861.07,782.55,2019-02-19,2 - Midi,2 - Mardi,Sur place,CA,,37
18266,0,14.0,12.73,2019-02-19,3 - Après-midi,2 - Mardi,À emporter,CA,,1
18268,0,3.2,2.9,2019-02-19,3 - Après-midi,2 - Mardi,Limonade,CA,,2
18270,0,45.5,41.37,2019-02-19,3 - Après-midi,2 - Mardi,Sur place,CA,,2
18273,0,86.0,78.19,2019-02-19,4 - Soir,2 - Mardi,À emporter,CA,,5
18276,0,10.5,9.55,2019-02-19,4 - Soir,2 - Mardi,Limonade,CA,,3
18278,0,474.5,431.78,2019-02-19,4 - Soir,2 - Mardi,Livraison,CA,Deliveroo,6
18279,0,55.15,49.75,2019-02-19,4 - Soir,2 - Mardi,Livraison,CA,KM,2
18280,0,355.3,322.99,2019-02-19,4 - Soir,2 - Mardi,Livraison,CA,UberEats,5
18286,0,211.1,191.92,2019-02-19,4 - Soir,2 - Mardi,Sur place,CA,,11
18289,9,0.0,0.0,2019-02-20,,3 - Mercredi,À emporter,CA,,0
18291,99,0.0,0.0,2019-02-20,,3 - Mercredi,Livraison,CA,,0
18293,94,0.0,0.0,2019-02-20,,3 - Mercredi,Sur place,CA,,0
18295,0,1.6,1.45,2019-02-20,1 - Matin,3 - Mercredi,Limonade,CA,,1
18296,0,14.0,12.73,2019-02-20,2 - Midi,3 - Mercredi,À emporter,CA,,1
18298,0,4.5,4.09,2019-02-20,2 - Midi,3 - Mercredi,Limonade,CA,,1
18300,0,159.3,144.82,2019-02-20,2 - Midi,3 - Mercredi,Livraison,CA,Deliveroo,1
18301,0,165.5,150.45,2019-02-20,2 - Midi,3 - Mercredi,Livraison,CA,UberEats,1
18304,0,973.1,883.42,2019-02-20,2 - Midi,3 - Mercredi,Sur place,CA,,43
18307,0,3.2,2.9,2019-02-20,3 - Après-midi,3 - Mercredi,Limonade,CA,,2
18308,0,64.5,58.64,2019-02-20,3 - Après-midi,3 - Mercredi,Livraison,CA,Deliveroo,1
18309,0,63.5,57.73,2019-02-20,3 - Après-midi,3 - Mercredi,Livraison,CA,UberEats,1
18312,0,104.2,94.73,2019-02-20,3 - Après-midi,3 - Mercredi,Sur place,CA,,6
18315,0,50.0,45.45,2019-02-20,4 - Soir,3 - Mercredi,À emporter,CA,KM,2
18316,0,63.6,57.83,2019-02-20,4 - Soir,3 - Mercredi,À emporter,CA,,6
18323,0,676.8,615.55,2019-02-20,4 - Soir,3 - Mercredi,Livraison,CA,Deliveroo,4
18324,0,93.06,84.02,2019-02-20,4 - Soir,3 - Mercredi,Livraison,CA,KM,3
18325,0,386.5,351.36,2019-02-20,4 - Soir,3 - Mercredi,Livraison,CA,UberEats,3
18333,-9,0.0,0.0,2019-02-20,4 - Soir,3 - Mercredi,Sur place,CA,,0
18334,0,204.5,185.89,2019-02-20,4 - Soir,3 - Mercredi,Sur place,CA,,8
18339,28,0.0,0.0,2019-02-21,,4 - Jeudi,À emporter,CA,,0
18341,78,0.0,0.0,2019-02-21,,4 - Jeudi,Livraison,CA,,0
18343,87,0.0,0.0,2019-02-21,,4 - Jeudi,Sur place,CA,,0
18345,0,28.0,25.45,2019-02-21,1 - Matin,4 - Jeudi,Sur place,CA,,1
18347,0,253.1,230.1,2019-02-21,2 - Midi,4 - Jeudi,À emporter,CA,,15
18350,0,9.9,8.99,2019-02-21,2 - Midi,4 - Jeudi,Limonade,CA,,5
18354,0,103.5,94.36,2019-02-21,2 - Midi,4 - Jeudi,Livraison,CA,Deliveroo,1
18355,0,184.8,168.0,2019-02-21,2 - Midi,4 - Jeudi,Livraison,CA,UberEats,1
18359,0,873.24,792.61,2019-02-21,2 - Midi,4 - Jeudi,Sur place,CA,,50
18363,0,26.6,24.18,2019-02-21,3 - Après-midi,4 - Jeudi,À emporter,CA,,2
18365,0,7.6,6.9,2019-02-21,3 - Après-midi,4 - Jeudi,Limonade,CA,,2
18368,0,47.5,43.18,2019-02-21,3 - Après-midi,4 - Jeudi,Livraison,CA,Deliveroo,1
18369,0,19.5,17.73,2019-02-21,3 - Après-midi,4 - Jeudi,Livraison,CA,UberEats,1
18373,0,71.0,64.56,2019-02-21,3 - Après-midi,4 - Jeudi,Sur place,CA,,5
18375,0,118.1,107.36,2019-02-21,4 - Soir,4 - Jeudi,À emporter,CA,,6
18378,0,376.8,342.55,2019-02-21,4 - Soir,4 - Jeudi,Livraison,CA,Deliveroo,3
18379,0,527.8,479.81,2019-02-21,4 - Soir,4 - Jeudi,Livraison,CA,UberEats,3
18383,-5,0.0,0.0,2019-02-21,4 - Soir,4 - Jeudi,Sur place,CA,,0
18384,0,259.5,235.7,2019-02-21,4 - Soir,4 - Jeudi,Sur place,CA,,10
18390,35,0.0,0.0,2019-02-22,,5 - Vendredi,À emporter,CA,,0
18392,116,0.0,0.0,2019-02-22,,5 - Vendredi,Livraison,CA,,0
18394,140,0.0,0.0,2019-02-22,,5 - Vendredi,Sur place,CA,,0
18396,0,14.0,12.73,2019-02-22,2 - Midi,5 - Vendredi,À emporter,CA,,1
18397,0,227.3,206.65,2019-02-22,2 - Midi,5 - Vendredi,À emporter,CA,,16
18401,0,13.4,12.16,2019-02-22,2 - Midi,5 - Vendredi,Limonade,CA,,6
18404,0,210.2,191.23,2019-02-22,2 - Midi,5 - Vendredi,Livraison,CA,UberEats,1
18406,-1,0.0,0.0,2019-02-22,2 - Midi,5 - Vendredi,Sur place,CA,,0
18407,0,126.5,115.01,2019-02-22,2 - Midi,5 - Vendredi,Sur place,CA,,8
18408,0,1211.9,1101.75,2019-02-22,2 - Midi,5 - Vendredi,Sur place,CA,,68
18415,0,1.6,1.45,2019-02-22,3 - Après-midi,5 - Vendredi,Limonade,CA,,1
18417,0,77.5,70.59,2019-02-22,3 - Après-midi,5 - Vendredi,Livraison,CA,Deliveroo,1
18418,0,33.3,30.27,2019-02-22,3 - Après-midi,5 - Vendredi,Livraison,CA,UberEats,1
18421,0,134.5,122.28,2019-02-22,3 - Après-midi,5 - Vendredi,Sur place,CA,,7
18424,0,15.4,14.0,2019-02-22,4 - Soir,5 - Vendredi,À emporter,CA,KM,1
18425,0,220.42,200.39,2019-02-22,4 - Soir,5 - Vendredi,À emporter,CA,,11
18431,0,659.0,599.38,2019-02-22,4 - Soir,5 - Vendredi,Livraison,CA,Deliveroo,4
18432,0,93.55,84.46,2019-02-22,4 - Soir,5 - Vendredi,Livraison,CA,KM,3
18433,0,788.9,717.19,2019-02-22,4 - Soir,5 - Vendredi,Livraison,CA,UberEats,5
18441,-8,0.0,0.0,2019-02-22,4 - Soir,5 - Vendredi,Sur place,CA,,0
18442,0,409.3,372.07,2019-02-22,4 - Soir,5 - Vendredi,Sur place,CA,,20
18448,34,0.0,0.0,2019-02-23,,6 - Samedi,À emporter,CA,,0
18450,111,0.0,0.0,2019-02-23,,6 - Samedi,Livraison,CA,,0
18451,93,0.0,0.0,2019-02-23,,6 - Samedi,Sur place,CA,,0
18453,0,158.16,143.77,2019-02-23,2 - Midi,6 - Samedi,À emporter,CA,,7
18457,0,16.0,14.54,2019-02-23,2 - Midi,6 - Samedi,Limonade,CA,,4
18460,0,973.58,884.26,2019-02-23,2 - Midi,6 - Samedi,Sur place,CA,,32
18463,0,123.5,112.29,2019-02-23,3 - Après-midi,6 - Samedi,À emporter,CA,,9
18465,0,6.2,5.63,2019-02-23,3 - Après-midi,6 - Samedi,Limonade,CA,,2
18466,0,98.0,89.1,2019-02-23,3 - Après-midi,6 - Samedi,Sur place,CA,,4
18469,0,28.4,25.82,2019-02-23,4 - Soir,6 - Samedi,À emporter,CA,KM,1
18470,0,181.2,164.72,2019-02-23,4 - Soir,6 - Samedi,À emporter,CA,,6
18474,0,3.2,2.91,2019-02-23,4 - Soir,6 - Samedi,Limonade,CA,,1
18475,0,989.6,900.46,2019-02-23,4 - Soir,6 - Samedi,Livraison,CA,Deliveroo,4
18476,0,30.8,27.81,2019-02-23,4 - Soir,6 - Samedi,Livraison,CA,KM,1
18477,0,822.9,748.23,2019-02-23,4 - Soir,6 - Samedi,Livraison,CA,UberEats,4
18481,-7,0.0,0.0,2019-02-23,4 - Soir,6 - Samedi,Sur place,CA,,0
18482,0,169.1,153.72,2019-02-23,4 - Soir,6 - Samedi,Sur place,CA,,6
18488,30,0.0,0.0,2019-02-24,,7 - Dimanche,À emporter,CA,,0
18490,139,0.0,0.0,2019-02-24,,7 - Dimanche,Livraison,CA,,0
18492,87,0.0,0.0,2019-02-24,,7 - Dimanche,Sur place,CA,,0
18494,0,14.0,12.73,2019-02-24,2 - Midi,7 - Dimanche,À emporter,CA,,1
18495,0,66.5,60.45,2019-02-24,2 - Midi,7 - Dimanche,À emporter,CA,,4
18499,0,11.0,10.0,2019-02-24,2 - Midi,7 - Dimanche,Limonade,CA,,3
18502,0,145.8,132.55,2019-02-24,2 - Midi,7 - Dimanche,Livraison,CA,Deliveroo,1
18503,0,182.4,165.82,2019-02-24,2 - Midi,7 - Dimanche,Livraison,CA,UberEats,1
18506,0,186.1,169.09,2019-02-24,2 - Midi,7 - Dimanche,Sur place,CA,,5
18507,0,614.4,557.15,2019-02-24,2 - Midi,7 - Dimanche,Sur place,CA,,27
18512,0,42.5,38.64,2019-02-24,3 - Après-midi,7 - Dimanche,À emporter,CA,,3
18514,0,7.8,7.09,2019-02-24,3 - Après-midi,7 - Dimanche,Limonade,CA,,3
18515,0,335.9,305.5,2019-02-24,3 - Après-midi,7 - Dimanche,Livraison,CA,Deliveroo,1
18516,0,184.3,167.55,2019-02-24,3 - Après-midi,7 - Dimanche,Livraison,CA,UberEats,1
18519,0,125.1,113.73,2019-02-24,3 - Après-midi,7 - Dimanche,Sur place,CA,,7
18522,0,74.5,67.87,2019-02-24,4 - Soir,7 - Dimanche,À emporter,CA,Deliveroo,1
18523,0,243.6,221.46,2019-02-24,4 - Soir,7 - Dimanche,À emporter,CA,,14
18527,0,5.4,4.91,2019-02-24,4 - Soir,7 - Dimanche,Limonade,CA,,1
18530,-9,0.0,0.0,2019-02-24,4 - Soir,7 - Dimanche,Livraison,CA,,0
18531,0,584.3,531.24,2019-02-24,4 - Soir,7 - Dimanche,Livraison,CA,Deliveroo,3
18532,0,102.5,92.6,2019-02-24,4 - Soir,7 - Dimanche,Livraison,CA,KM,3
18533,0,577.2,524.86,2019-02-24,4 - Soir,7 - Dimanche,Livraison,CA,UberEats,3
18542,0,360.7,327.86,2019-02-24,4 - Soir,7 - Dimanche,Sur place,CA,,16
18545,27,0.0,0.0,2019-02-25,,1 - Lundi,À emporter,CA,,0
18548,88,0.0,0.0,2019-02-25,,1 - Lundi,Livraison,CA,,0
18550,104,0.0,0.0,2019-02-25,,1 - Lundi,Sur place,CA,,0
18552,0,183.5,166.83,2019-02-25,2 - Midi,1 - Lundi,À emporter,CA,,6
18555,0,3.2,2.91,2019-02-25,2 - Midi,1 - Lundi,Limonade,CA,,1
18557,0,23.5,21.17,2019-02-25,2 - Midi,1 - Lundi,Livraison,CA,KM,1
18560,0,1045.2,950.25,2019-02-25,2 - Midi,1 - Lundi,Sur place,CA,,49
18563,0,29.0,26.36,2019-02-25,3 - Après-midi,1 - Lundi,À emporter,CA,,1
18565,0,8.7,7.9,2019-02-25,3 - Après-midi,1 - Lundi,Limonade,CA,,2
18568,0,133.4,121.19,2019-02-25,3 - Après-midi,1 - Lundi,Sur place,CA,,7
18571,-9,0.0,0.0,2019-02-25,4 - Soir,1 - Lundi,À emporter,CA,,0
18572,0,56.0,50.91,2019-02-25,4 - Soir,1 - Lundi,À emporter,CA,,3
18577,0,18.4,16.73,2019-02-25,4 - Soir,1 - Lundi,Limonade,CA,,5
18579,0,576.7,524.3,2019-02-25,4 - Soir,1 - Lundi,Livraison,CA,Deliveroo,4
18580,0,73.84,66.74,2019-02-25,4 - Soir,1 - Lundi,Livraison,CA,KM,2
18581,0,765.5,696.05,2019-02-25,4 - Soir,1 - Lundi,Livraison,CA,UberEats,6
18588,0,298.2,270.96,2019-02-25,4 - Soir,1 - Lundi,Sur place,CA,,14
18591,28,0.0,0.0,2019-02-26,,2 - Mardi,À emporter,CA,,0
18593,72,0.0,0.0,2019-02-26,,2 - Mardi,Livraison,CA,,0
18595,93,0.0,0.0,2019-02-26,,2 - Mardi,Sur place,CA,,0
18597,0,197.1,179.2,2019-02-26,2 - Midi,2 - Mardi,À emporter,CA,,12
18600,0,7.6,6.9,2019-02-26,2 - Midi,2 - Mardi,Limonade,CA,,2
18602,0,978.85,889.81,2019-02-26,2 - Midi,2 - Mardi,Sur place,CA,,47
18605,0,4.6,4.18,2019-02-26,3 - Après-midi,2 - Mardi,Limonade,CA,,1
18606,0,6.4,5.81,2019-02-26,3 - Après-midi,2 - Mardi,Limonade,CA,,2
18607,0,105.0,95.45,2019-02-26,3 - Après-midi,2 - Mardi,Sur place,CA,,3
18609,-7,0.0,0.0,2019-02-26,4 - Soir,2 - Mardi,À emporter,CA,,0
18610,0,16.0,14.55,2019-02-26,4 - Soir,2 - Mardi,À emporter,CA,KM,1
18611,0,83.3,75.72,2019-02-26,4 - Soir,2 - Mardi,À emporter,CA,,4
18618,0,656.0,596.78,2019-02-26,4 - Soir,2 - Mardi,Livraison,CA,Deliveroo,3
18619,0,88.42,80.0,2019-02-26,4 - Soir,2 - Mardi,Livraison,CA,KM,2
18620,0,454.9,413.68,2019-02-26,4 - Soir,2 - Mardi,Livraison,CA,UberEats,2
18628,0,310.5,282.2,2019-02-26,4 - Soir,2 - Mardi,Sur place,CA,,16
18630,60,0.0,0.0,2019-02-27,,3 - Mercredi,À emporter,CA,,0
18633,99,0.0,0.0,2019-02-27,,3 - Mercredi,Livraison,CA,,0
18635,68,0.0,0.0,2019-02-27,,3 - Mercredi,Sur place,CA,,0
18637,0,1.6,1.45,2019-02-27,1 - Matin,3 - Mercredi,Limonade,CA,,1
18639,-8,0.0,0.0,2019-02-27,2 - Midi,3 - Mercredi,À emporter,CA,,0
18640,0,48.6,44.18,2019-02-27,2 - Midi,3 - Mercredi,À emporter,CA,,4
18641,0,504.1,458.17,2019-02-27,2 - Midi,3 - Mercredi,À emporter,CA,,32
18648,0,3.2,2.91,2019-02-27,2 - Midi,3 - Mercredi,Limonade,CA,,1
18649,0,29.5,26.81,2019-02-27,2 - Midi,3 - Mercredi,Limonade,CA,,8
18653,0,73.1,66.46,2019-02-27,2 - Midi,3 - Mercredi,Sur place,CA,,3
18654,0,602.3,547.4,2019-02-27,2 - Midi,3 - Mercredi,Sur place,CA,,33
18659,0,25.0,22.73,2019-02-27,3 - Après-midi,3 - Mercredi,À emporter,CA,,2
18661,0,386.8,351.77,2019-02-27,3 - Après-midi,3 - Mercredi,Livraison,CA,Deliveroo,1
18662,0,178.9,162.64,2019-02-27,3 - Après-midi,3 - Mercredi,Livraison,CA,UberEats,1
18666,0,11.0,10.0,2019-02-27,3 - Après-midi,3 - Mercredi,Sur place,CA,,1
18668,0,41.63,37.77,2019-02-27,4 - Soir,3 - Mercredi,À emporter,CA,KM,1
18669,0,155.3,141.18,2019-02-27,4 - Soir,3 - Mercredi,À emporter,CA,,8
18675,0,3.0,2.73,2019-02-27,4 - Soir,3 - Mercredi,Limonade,CA,,1
18677,0,363.2,330.28,2019-02-27,4 - Soir,3 - Mercredi,Livraison,CA,Deliveroo,2
18678,0,177.42,160.14,2019-02-27,4 - Soir,3 - Mercredi,Livraison,CA,KM,6
18679,0,429.7,390.91,2019-02-27,4 - Soir,3 - Mercredi,Livraison,CA,UberEats,2
18686,0,267.5,243.02,2019-02-27,4 - Soir,3 - Mercredi,Sur place,CA,,14
18689,39,0.0,0.0,2019-02-28,,4 - Jeudi,À emporter,CA,,0
18691,108,0.0,0.0,2019-02-28,,4 - Jeudi,Livraison,CA,,0
18693,133,0.0,0.0,2019-02-28,,4 - Jeudi,Sur place,CA,,0
18695,0,29.0,26.36,2019-02-28,2 - Midi,4 - Jeudi,À emporter,CA,KM,1
18696,0,386.45,350.81,2019-02-28,2 - Midi,4 - Jeudi,À emporter,CA,,19
18701,0,4.8,4.36,2019-02-28,2 - Midi,4 - Jeudi,Limonade,CA,,1
18702,0,44.14,39.93,2019-02-28,2 - Midi,4 - Jeudi,Livraison,CA,KM,1
18703,0,122.4,111.27,2019-02-28,2 - Midi,4 - Jeudi,Livraison,CA,UberEats,1
18708,0,16.5,15.0,2019-02-28,2 - Midi,4 - Jeudi,Sur place,CA,,1
18709,0,1280.8,1164.12,2019-02-28,2 - Midi,4 - Jeudi,Sur place,CA,,58
18713,0,25.0,22.73,2019-02-28,3 - Après-midi,4 - Jeudi,À emporter,CA,,1
18715,0,6.2,5.64,2019-02-28,3 - Après-midi,4 - Jeudi,Limonade,CA,,2
18716,0,47.0,42.73,2019-02-28,3 - Après-midi,4 - Jeudi,Sur place,CA,,2
18718,0,115.8,105.28,2019-02-28,4 - Soir,4 - Jeudi,À emporter,CA,,8
18721,0,15.32,13.67,2019-02-28,4 - Soir,4 - Jeudi,Limonade,CA,,4
18723,0,898.33,817.21,2019-02-28,4 - Soir,4 - Jeudi,Livraison,CA,Deliveroo,5
18724,0,70.73,63.92,2019-02-28,4 - Soir,4 - Jeudi,Livraison,CA,KM,2
18725,0,451.3,410.56,2019-02-28,4 - Soir,4 - Jeudi,Livraison,CA,UberEats,3
18732,-9,0.0,0.0,2019-02-28,4 - Soir,4 - Jeudi,Sur place,CA,,0
18733,0,497.22,451.49,2019-02-28,4 - Soir,4 - Jeudi,Sur place,CA,,21
18739,51,0.0,0.0,2019-03-01,,5 - Vendredi,À emporter,CA,,0
18742,219,0.0,0.0,2019-03-01,,5 - Vendredi,Livraison,CA,,0
18744,152,0.0,0.0,2019-03-01,,5 - Vendredi,Sur place,CA,,0
18746,0,157.5,143.19,2019-03-01,2 - Midi,5 - Vendredi,À emporter,CA,,8
18747,0,166.5,151.39,2019-03-01,2 - Midi,5 - Vendredi,À emporter,CA,,11
18751,0,7.6,6.91,2019-03-01,2 - Midi,5 - Vendredi,Limonade,CA,,3
18753,0,351.7,319.84,2019-03-01,2 - Midi,5 - Vendredi,Livraison,CA,Deliveroo,2
18754,0,169.2,153.82,2019-03-01,2 - Midi,5 - Vendredi,Livraison,CA,UberEats,1
18758,0,391.7,356.09,2019-03-01,2 - Midi,5 - Vendredi,Sur place,CA,,24
18759,0,1107.0,1005.63,2019-03-01,2 - Midi,5 - Vendredi,Sur place,CA,,58
18764,0,16.5,15.0,2019-03-01,3 - Après-midi,5 - Vendredi,À emporter,CA,,1
18767,0,218.0,198.18,2019-03-01,3 - Après-midi,5 - Vendredi,Livraison,CA,Deliveroo,1
18771,0,59.5,54.1,2019-03-01,3 - Après-midi,5 - Vendredi,Sur place,CA,,4
18774,-10,0.0,0.0,2019-03-01,4 - Soir,5 - Vendredi,À emporter,CA,,0
18775,0,30.0,27.27,2019-03-01,4 - Soir,5 - Vendredi,À emporter,CA,,1
18776,0,251.6,228.73,2019-03-01,4 - Soir,5 - Vendredi,À emporter,CA,,11
18783,0,7.12,6.47,2019-03-01,4 - Soir,5 - Vendredi,Limonade,CA,,2
18786,0,1254.15,1140.37,2019-03-01,4 - Soir,5 - Vendredi,Livraison,CA,Deliveroo,7
18787,0,217.74,197.2,2019-03-01,4 - Soir,5 - Vendredi,Livraison,CA,KM,6
18788,0,900.0,818.46,2019-03-01,4 - Soir,5 - Vendredi,Livraison,CA,UberEats,3
18795,0,72.5,65.64,2019-03-01,4 - Soir,5 - Vendredi,Sur place,CA,,2
18796,0,606.2,550.6,2019-03-01,4 - Soir,5 - Vendredi,Sur place,CA,,20
18800,21,0.0,0.0,2019-03-02,,6 - Samedi,À emporter,CA,,0
18802,190,0.0,0.0,2019-03-02,,6 - Samedi,Livraison,CA,,0
18804,97,0.0,0.0,2019-03-02,,6 - Samedi,Sur place,CA,,0
18806,0,84.0,76.37,2019-03-02,2 - Midi,6 - Samedi,À emporter,CA,,4
18808,0,6.7,5.83,2019-03-02,2 - Midi,6 - Samedi,Limonade,CA,,2
18810,0,49.55,44.85,2019-03-02,2 - Midi,6 - Samedi,Livraison,CA,KM,1
18814,0,779.3,708.21,2019-03-02,2 - Midi,6 - Samedi,Sur place,CA,,25
18817,0,51.0,45.16,2019-03-02,3 - Après-midi,6 - Samedi,À emporter,CA,,2
18820,0,10.8,9.81,2019-03-02,3 - Après-midi,6 - Samedi,Limonade,CA,,4
18822,0,443.36,403.49,2019-03-02,3 - Après-midi,6 - Samedi,Livraison,CA,Deliveroo,3
18823,0,489.0,445.22,2019-03-02,3 - Après-midi,6 - Samedi,Livraison,CA,UberEats,3
18827,0,136.9,124.45,2019-03-02,3 - Après-midi,6 - Samedi,Sur place,CA,,7
18830,0,194.85,177.13,2019-03-02,4 - Soir,6 - Samedi,À emporter,CA,,9
18833,0,7.8,7.09,2019-03-02,4 - Soir,6 - Samedi,Limonade,CA,,3
18834,0,1100.44,1000.74,2019-03-02,4 - Soir,6 - Samedi,Livraison,CA,Deliveroo,7
18835,0,73.19,66.15,2019-03-02,4 - Soir,6 - Samedi,Livraison,CA,KM,2
18836,0,642.9,584.45,2019-03-02,4 - Soir,6 - Samedi,Livraison,CA,UberEats,3
18844,-8,0.0,0.0,2019-03-02,4 - Soir,6 - Samedi,Sur place,CA,,0
18845,0,396.5,359.28,2019-03-02,4 - Soir,6 - Samedi,Sur place,CA,,13
18852,41,0.0,0.0,2019-03-03,,7 - Dimanche,À emporter,CA,,0
18854,172,0.0,0.0,2019-03-03,,7 - Dimanche,Livraison,CA,,0
18856,78,0.0,0.0,2019-03-03,,7 - Dimanche,Sur place,CA,,0
18858,0,88.5,80.47,2019-03-03,2 - Midi,7 - Dimanche,À emporter,CA,,5
18860,0,4.8,4.36,2019-03-03,2 - Midi,7 - Dimanche,Limonade,CA,,4
18863,0,458.34,416.3,2019-03-03,2 - Midi,7 - Dimanche,Sur place,CA,,21
18867,0,69.5,63.19,2019-03-03,3 - Après-midi,7 - Dimanche,À emporter,CA,,5
18869,0,3.2,2.9,2019-03-03,3 - Après-midi,7 - Dimanche,Limonade,CA,,2
18870,0,559.92,509.12,2019-03-03,3 - Après-midi,7 - Dimanche,Livraison,CA,Deliveroo,4
18871,0,367.8,334.36,2019-03-03,3 - Après-midi,7 - Dimanche,Livraison,CA,UberEats,2
18875,0,117.7,106.99,2019-03-03,3 - Après-midi,7 - Dimanche,Sur place,CA,,6
18878,0,408.3,371.17,2019-03-03,4 - Soir,7 - Dimanche,À emporter,CA,,19
18881,0,816.41,742.18,2019-03-03,4 - Soir,7 - Dimanche,Livraison,CA,Deliveroo,4
18882,0,163.5,147.6,2019-03-03,4 - Soir,7 - Dimanche,Livraison,CA,KM,4
18883,0,544.8,495.27,2019-03-03,4 - Soir,7 - Dimanche,Livraison,CA,UberEats,3
18889,-9,0.0,0.0,2019-03-03,4 - Soir,7 - Dimanche,Sur place,CA,,0
18890,0,449.75,408.87,2019-03-03,4 - Soir,7 - Dimanche,Sur place,CA,,18
18897,36,0.0,0.0,2019-03-04,,1 - Lundi,À emporter,CA,,0
18899,110,0.0,0.0,2019-03-04,,1 - Lundi,Livraison,CA,,0
18901,46,0.0,0.0,2019-03-04,,1 - Lundi,Sur place,CA,,0
18903,0,456.85,415.37,2019-03-04,2 - Midi,1 - Lundi,À emporter,CA,,30
18906,0,28.1,24.74,2019-03-04,2 - Midi,1 - Lundi,Limonade,CA,,8
18908,0,129.2,117.45,2019-03-04,2 - Midi,1 - Lundi,Livraison,CA,Deliveroo,1
18909,0,71.3,64.82,2019-03-04,2 - Midi,1 - Lundi,Livraison,CA,UberEats,1
18914,0,351.4,319.45,2019-03-04,2 - Midi,1 - Lundi,Sur place,CA,,17
18917,0,15.0,13.64,2019-03-04,3 - Après-midi,1 - Lundi,À emporter,CA,,1
18919,0,42.0,38.18,2019-03-04,4 - Soir,1 - Lundi,À emporter,CA,,2
18921,0,3.2,2.91,2019-03-04,4 - Soir,1 - Lundi,Limonade,CA,,1
18922,0,962.26,875.11,2019-03-04,4 - Soir,1 - Lundi,Livraison,CA,Deliveroo,8
18923,0,58.28,52.6,2019-03-04,4 - Soir,1 - Lundi,Livraison,CA,KM,2
18924,0,310.0,281.82,2019-03-04,4 - Soir,1 - Lundi,Livraison,CA,UberEats,3
18931,-7,0.0,0.0,2019-03-04,4 - Soir,1 - Lundi,Sur place,CA,,0
18932,0,191.65,173.96,2019-03-04,4 - Soir,1 - Lundi,Sur place,CA,,10
18938,43,0.0,0.0,2019-03-05,,2 - Mardi,À emporter,CA,,0
18941,128,0.0,0.0,2019-03-05,,2 - Mardi,Livraison,CA,,0
18944,37,0.0,0.0,2019-03-05,,2 - Mardi,Sur place,CA,,0
18946,0,474.33,431.09,2019-03-05,2 - Midi,2 - Mardi,À emporter,CA,,31
18949,0,16.6,14.83,2019-03-05,2 - Midi,2 - Mardi,Limonade,CA,,4
18951,0,262.1,238.38,2019-03-05,2 - Midi,2 - Mardi,Livraison,CA,Deliveroo,2
18954,0,359.7,327.02,2019-03-05,2 - Midi,2 - Mardi,Sur place,CA,,20
18956,0,35.0,31.82,2019-03-05,3 - Après-midi,2 - Mardi,À emporter,CA,,2
18958,0,6.7,5.82,2019-03-05,3 - Après-midi,2 - Mardi,Limonade,CA,,3
18959,0,11.0,10.0,2019-03-05,3 - Après-midi,2 - Mardi,Sur place,CA,,1
18961,0,120.1,108.92,2019-03-05,4 - Soir,2 - Mardi,À emporter,CA,,8
18964,0,1305.12,1186.94,2019-03-05,4 - Soir,2 - Mardi,Livraison,CA,Deliveroo,3
18965,0,103.5,93.52,2019-03-05,4 - Soir,2 - Mardi,Livraison,CA,KM,3
18966,0,461.0,419.09,2019-03-05,4 - Soir,2 - Mardi,Livraison,CA,UberEats,2
18973,-8,0.0,0.0,2019-03-05,4 - Soir,2 - Mardi,Sur place,CA,,0
18974,0,43.0,39.1,2019-03-05,4 - Soir,2 - Mardi,Sur place,CA,,3
18979,53,0.0,0.0,2019-03-06,,3 - Mercredi,À emporter,CA,,0
18981,136,0.0,0.0,2019-03-06,,3 - Mercredi,Livraison,CA,,0
18984,44,0.0,0.0,2019-03-06,,3 - Mercredi,Sur place,CA,,0
18986,0,476.4,433.1,2019-03-06,2 - Midi,3 - Mercredi,À emporter,CA,,29
18989,0,6.7,6.09,2019-03-06,2 - Midi,3 - Mercredi,Limonade,CA,,2
18992,0,455.1,413.76,2019-03-06,2 - Midi,3 - Mercredi,Sur place,CA,,26
18995,0,46.5,42.27,2019-03-06,3 - Après-midi,3 - Mercredi,À emporter,CA,,3
18997,0,271.64,247.3,2019-03-06,3 - Après-midi,3 - Mercredi,Livraison,CA,Deliveroo,1
18998,0,308.3,280.27,2019-03-06,3 - Après-midi,3 - Mercredi,Livraison,CA,UberEats,1
19002,0,54.5,49.29,2019-03-06,3 - Après-midi,3 - Mercredi,Sur place,CA,,2
19004,-9,0.0,0.0,2019-03-06,4 - Soir,3 - Mercredi,À emporter,CA,,0
19005,0,94.0,85.46,2019-03-06,4 - Soir,3 - Mercredi,À emporter,CA,,4
19010,0,3.5,2.92,2019-03-06,4 - Soir,3 - Mercredi,Limonade,CA,,1
19011,0,643.28,584.74,2019-03-06,4 - Soir,3 - Mercredi,Livraison,CA,Deliveroo,2
19012,0,803.6,730.54,2019-03-06,4 - Soir,3 - Mercredi,Livraison,CA,UberEats,2
19017,0,106.0,96.37,2019-03-06,4 - Soir,3 - Mercredi,Sur place,CA,,5
19020,57,0.0,0.0,2019-03-07,,4 - Jeudi,À emporter,CA,,0
19022,106,0.0,0.0,2019-03-07,,4 - Jeudi,Livraison,CA,,0
19025,66,0.0,0.0,2019-03-07,,4 - Jeudi,Sur place,CA,,0
19027,0,658.7,598.83,2019-03-07,2 - Midi,4 - Jeudi,À emporter,CA,,40
19030,0,3.2,2.91,2019-03-07,2 - Midi,4 - Jeudi,Limonade,CA,,1
19031,0,9.3,8.45,2019-03-07,2 - Midi,4 - Jeudi,Limonade,CA,,3
19032,0,454.4,413.12,2019-03-07,2 - Midi,4 - Jeudi,Sur place,CA,,25
19035,0,40.6,36.91,2019-03-07,3 - Après-midi,4 - Jeudi,À emporter,CA,,3
19038,0,3.0,2.73,2019-03-07,3 - Après-midi,4 - Jeudi,Limonade,CA,,1
19039,0,196.2,178.37,2019-03-07,3 - Après-midi,4 - Jeudi,Livraison,CA,Deliveroo,3
19040,0,359.0,326.37,2019-03-07,3 - Après-midi,4 - Jeudi,Livraison,CA,UberEats,2
19044,0,55.65,50.6,2019-03-07,3 - Après-midi,4 - Jeudi,Sur place,CA,,4
19047,0,112.0,101.82,2019-03-07,4 - Soir,4 - Jeudi,À emporter,CA,,6
19049,0,2.7,2.45,2019-03-07,4 - Soir,4 - Jeudi,Limonade,CA,,1
19051,0,824.8,750.21,2019-03-07,4 - Soir,4 - Jeudi,Livraison,CA,Deliveroo,4
19052,0,366.8,333.73,2019-03-07,4 - Soir,4 - Jeudi,Livraison,CA,UberEats,3
19056,-8,0.0,0.0,2019-03-07,4 - Soir,4 - Jeudi,Sur place,CA,,0
19057,0,339.6,308.42,2019-03-07,4 - Soir,4 - Jeudi,Sur place,CA,,14
19063,46,0.0,0.0,2019-03-08,,5 - Vendredi,À emporter,CA,,0
19065,179,0.0,0.0,2019-03-08,,5 - Vendredi,Livraison,CA,,0
19068,141,0.0,0.0,2019-03-08,,5 - Vendredi,Sur place,CA,,0
19070,0,479.94,436.32,2019-03-08,2 - Midi,5 - Vendredi,À emporter,CA,,21
19073,0,1.6,1.45,2019-03-08,2 - Midi,5 - Vendredi,Limonade,CA,,1
19074,0,322.5,293.26,2019-03-08,2 - Midi,5 - Vendredi,Livraison,CA,Deliveroo,1
19075,0,142.0,129.09,2019-03-08,2 - Midi,5 - Vendredi,Livraison,CA,UberEats,1
19079,0,16.0,14.47,2019-03-08,2 - Midi,5 - Vendredi,Sur place,CA,,1
19080,0,1299.95,1181.86,2019-03-08,2 - Midi,5 - Vendredi,Sur place,CA,,74
19084,0,14.0,12.73,2019-03-08,3 - Après-midi,5 - Vendredi,À emporter,CA,,1
19086,0,93.3,84.82,2019-03-08,3 - Après-midi,5 - Vendredi,Livraison,CA,Deliveroo,2
19087,0,60.0,54.55,2019-03-08,3 - Après-midi,5 - Vendredi,Livraison,CA,UberEats,1
19091,0,30.1,27.36,2019-03-08,3 - Après-midi,5 - Vendredi,Sur place,CA,,2
19094,0,94.59,85.99,2019-03-08,4 - Soir,5 - Vendredi,À emporter,CA,KM,2
19095,0,9.0,8.18,2019-03-08,4 - Soir,5 - Vendredi,À emporter,CA,,1
19096,0,165.0,149.93,2019-03-08,4 - Soir,5 - Vendredi,À emporter,CA,,6
19101,0,5.4,4.91,2019-03-08,4 - Soir,5 - Vendredi,Limonade,CA,,1
19104,0,348.8,317.09,2019-03-08,4 - Soir,5 - Vendredi,Livraison,CA,Deliveroo,2
19105,0,1066.8,969.82,2019-03-08,4 - Soir,5 - Vendredi,Livraison,CA,Deliveroo,3
19106,0,89.9,81.73,2019-03-08,4 - Soir,5 - Vendredi,Livraison,CA,UberEats,1
19107,0,819.9,745.35,2019-03-08,4 - Soir,5 - Vendredi,Livraison,CA,UberEats,5
19113,-8,0.0,0.0,2019-03-08,4 - Soir,5 - Vendredi,Sur place,CA,,0
19114,0,56.6,51.46,2019-03-08,4 - Soir,5 - Vendredi,Sur place,CA,,4
19115,0,500.5,454.92,2019-03-08,4 - Soir,5 - Vendredi,Sur place,CA,,23
19123,41,0.0,0.0,2019-03-09,,6 - Samedi,À emporter,CA,,0
19125,120,0.0,0.0,2019-03-09,,6 - Samedi,Livraison,CA,,0
19128,101,0.0,0.0,2019-03-09,,6 - Samedi,Sur place,CA,,0
19130,0,156.2,142.01,2019-03-09,2 - Midi,6 - Samedi,À emporter,CA,,7
19133,0,9.7,8.81,2019-03-09,2 - Midi,6 - Samedi,Limonade,CA,,4
19135,0,647.4,588.24,2019-03-09,2 - Midi,6 - Samedi,Sur place,CA,,27
19138,0,81.5,74.09,2019-03-09,3 - Après-midi,6 - Samedi,À emporter,CA,,3
19140,0,16.9,15.36,2019-03-09,3 - Après-midi,6 - Samedi,Limonade,CA,,5
19142,0,677.8,616.85,2019-03-09,3 - Après-midi,6 - Samedi,Livraison,CA,Deliveroo,4
19143,0,541.5,492.28,2019-03-09,3 - Après-midi,6 - Samedi,Livraison,CA,UberEats,4
19147,0,177.5,161.37,2019-03-09,3 - Après-midi,6 - Samedi,Sur place,CA,,10
19149,0,56.0,50.9,2019-03-09,4 - Soir,6 - Samedi,À emporter,CA,KM,2
19150,0,300.1,272.82,2019-03-09,4 - Soir,6 - Samedi,À emporter,CA,,11
19154,0,15.8,14.1,2019-03-09,4 - Soir,6 - Samedi,Limonade,CA,,4
19155,0,521.0,473.63,2019-03-09,4 - Soir,6 - Samedi,Livraison,CA,Deliveroo,4
19156,0,302.9,275.36,2019-03-09,4 - Soir,6 - Samedi,Livraison,CA,UberEats,2
19160,-7,0.0,0.0,2019-03-09,4 - Soir,6 - Samedi,Sur place,CA,,0
19161,0,545.7,495.74,2019-03-09,4 - Soir,6 - Samedi,Sur place,CA,,23
19167,12,0.0,0.0,2019-03-10,,7 - Dimanche,À emporter,CA,,0
19169,129,0.0,0.0,2019-03-10,,7 - Dimanche,Livraison,CA,,0
19172,66,0.0,0.0,2019-03-10,,7 - Dimanche,Sur place,CA,,0
19175,0,115.5,104.99,2019-03-10,2 - Midi,7 - Dimanche,Sur place,CA,,4
19177,0,46.5,42.28,2019-03-10,3 - Après-midi,7 - Dimanche,À emporter,CA,,2
19179,0,6.0,5.46,2019-03-10,3 - Après-midi,7 - Dimanche,Limonade,CA,,2
19180,0,123.0,111.82,2019-03-10,3 - Après-midi,7 - Dimanche,Livraison,CA,Deliveroo,2
19181,0,160.9,146.41,2019-03-10,3 - Après-midi,7 - Dimanche,Livraison,CA,UberEats,2
19184,0,224.0,203.65,2019-03-10,3 - Après-midi,7 - Dimanche,Sur place,CA,,13
19186,0,127.81,116.19,2019-03-10,4 - Soir,7 - Dimanche,À emporter,CA,,6
19188,0,11.5,10.45,2019-03-10,4 - Soir,7 - Dimanche,Limonade,CA,,2
19190,0,1023.6,930.95,2019-03-10,4 - Soir,7 - Dimanche,Livraison,CA,Deliveroo,5
19191,0,798.5,726.19,2019-03-10,4 - Soir,7 - Dimanche,Livraison,CA,UberEats,4
19195,-8,0.0,0.0,2019-03-10,4 - Soir,7 - Dimanche,Sur place,CA,,0
19196,0,466.09,423.64,2019-03-10,4 - Soir,7 - Dimanche,Sur place,CA,,19
19202,18,0.0,0.0,2019-03-11,,1 - Lundi,À emporter,CA,,0
19205,92,0.0,0.0,2019-03-11,,1 - Lundi,Livraison,CA,,0
19207,69,0.0,0.0,2019-03-11,,1 - Lundi,Sur place,CA,,0
19209,0,1.6,1.45,2019-03-11,1 - Matin,1 - Lundi,Limonade,CA,,1
19210,0,119.99,109.1,2019-03-11,2 - Midi,1 - Lundi,À emporter,CA,,8
19214,0,3.5,3.18,2019-03-11,2 - Midi,1 - Lundi,Limonade,CA,,1
19216,0,97.4,88.68,2019-03-11,2 - Midi,1 - Lundi,Livraison,CA,UberEats,1
19218,0,499.6,453.68,2019-03-11,2 - Midi,1 - Lundi,Sur place,CA,,24
19221,0,12.0,10.91,2019-03-11,3 - Après-midi,1 - Lundi,À emporter,CA,,1
19223,0,7.0,5.83,2019-03-11,3 - Après-midi,1 - Lundi,Limonade,CA,,1
19224,0,256.0,233.0,2019-03-11,3 - Après-midi,1 - Lundi,Livraison,CA,Deliveroo,1
19225,0,101.9,92.64,2019-03-11,3 - Après-midi,1 - Lundi,Livraison,CA,UberEats,2
19228,0,97.0,87.12,2019-03-11,3 - Après-midi,1 - Lundi,Sur place,CA,,4
19230,0,129.0,117.12,2019-03-11,4 - Soir,1 - Lundi,À emporter,CA,,7
19234,0,658.8,599.51,2019-03-11,4 - Soir,1 - Lundi,Livraison,CA,Deliveroo,1
19235,0,384.2,349.27,2019-03-11,4 - Soir,1 - Lundi,Livraison,CA,UberEats,1
19237,-7,0.0,0.0,2019-03-11,4 - Soir,1 - Lundi,Sur place,CA,,0
19238,0,341.8,310.2,2019-03-11,4 - Soir,1 - Lundi,Sur place,CA,,15
19244,25,0.0,0.0,2019-03-12,,2 - Mardi,À emporter,CA,,0
19245,77,0.0,0.0,2019-03-12,,2 - Mardi,Livraison,CA,,0
19248,72,0.0,0.0,2019-03-12,,2 - Mardi,Sur place,CA,,0
19250,0,216.0,196.13,2019-03-12,2 - Midi,2 - Mardi,À emporter,CA,,14
19252,0,5.1,4.64,2019-03-12,2 - Midi,2 - Mardi,Limonade,CA,,1
19254,-1,0.0,0.0,2019-03-12,2 - Midi,2 - Mardi,Sur place,CA,,0
19255,0,633.0,575.49,2019-03-12,2 - Midi,2 - Mardi,Sur place,CA,,39
19262,0,16.0,14.47,2019-03-12,3 - Après-midi,2 - Mardi,À emporter,CA,,1
19264,0,1.6,1.45,2019-03-12,3 - Après-midi,2 - Mardi,Limonade,CA,,1
19265,0,106.5,96.82,2019-03-12,3 - Après-midi,2 - Mardi,Livraison,CA,Deliveroo,1
19266,0,146.9,133.55,2019-03-12,3 - Après-midi,2 - Mardi,Livraison,CA,UberEats,1
19269,0,45.6,41.45,2019-03-12,3 - Après-midi,2 - Mardi,Sur place,CA,,3
19272,0,120.0,109.09,2019-03-12,4 - Soir,2 - Mardi,À emporter,CA,,6
19274,0,3.0,2.73,2019-03-12,4 - Soir,2 - Mardi,Limonade,CA,,1
19276,0,541.0,492.01,2019-03-12,4 - Soir,2 - Mardi,Livraison,CA,Deliveroo,3
19277,0,476.4,433.09,2019-03-12,4 - Soir,2 - Mardi,Livraison,CA,UberEats,3
19281,-8,0.0,0.0,2019-03-12,4 - Soir,2 - Mardi,Sur place,CA,,0
19282,0,194.7,177.0,2019-03-12,4 - Soir,2 - Mardi,Sur place,CA,,9
19288,25,0.0,0.0,2019-03-13,,3 - Mercredi,À emporter,CA,,0
19290,117,0.0,0.0,2019-03-13,,3 - Mercredi,Livraison,CA,,0
19293,82,0.0,0.0,2019-03-13,,3 - Mercredi,Sur place,CA,,0
19295,0,184.2,167.46,2019-03-13,2 - Midi,3 - Mercredi,À emporter,CA,,11
19298,0,153.49,139.54,2019-03-13,2 - Midi,3 - Mercredi,Livraison,CA,Deliveroo,1
19299,0,166.5,151.36,2019-03-13,2 - Midi,3 - Mercredi,Livraison,CA,UberEats,1
19303,0,751.3,683.04,2019-03-13,2 - Midi,3 - Mercredi,Sur place,CA,,38
19306,0,14.0,12.73,2019-03-13,3 - Après-midi,3 - Mercredi,À emporter,CA,,1
19308,0,153.0,139.23,2019-03-13,3 - Après-midi,3 - Mercredi,Livraison,CA,Deliveroo,1
19309,0,156.0,141.82,2019-03-13,3 - Après-midi,3 - Mercredi,Livraison,CA,UberEats,1
19312,0,106.5,96.83,2019-03-13,3 - Après-midi,3 - Mercredi,Sur place,CA,,5
19314,0,143.5,130.46,2019-03-13,4 - Soir,3 - Mercredi,À emporter,CA,,7
19316,0,660.7,600.56,2019-03-13,4 - Soir,3 - Mercredi,Livraison,CA,Deliveroo,3
19317,0,635.9,578.09,2019-03-13,4 - Soir,3 - Mercredi,Livraison,CA,UberEats,3
19321,-9,0.0,0.0,2019-03-13,4 - Soir,3 - Mercredi,Sur place,CA,,0
19322,0,210.3,190.94,2019-03-13,4 - Soir,3 - Mercredi,Sur place,CA,,10
19328,33,0.0,0.0,2019-03-14,,4 - Jeudi,À emporter,CA,,0
19330,117,0.0,0.0,2019-03-14,,4 - Jeudi,Livraison,CA,,0
19333,92,0.0,0.0,2019-03-14,,4 - Jeudi,Sur place,CA,,0
19335,0,213.6,194.21,2019-03-14,2 - Midi,4 - Jeudi,À emporter,CA,,14
19338,0,1.6,1.45,2019-03-14,2 - Midi,4 - Jeudi,Limonade,CA,,1
19339,0,426.9,388.5,2019-03-14,2 - Midi,4 - Jeudi,Livraison,CA,Deliveroo,2
19340,0,288.7,262.45,2019-03-14,2 - Midi,4 - Jeudi,Livraison,CA,UberEats,1
19343,0,1117.65,1015.62,2019-03-14,2 - Midi,4 - Jeudi,Sur place,CA,,57
19346,0,71.0,64.55,2019-03-14,3 - Après-midi,4 - Jeudi,À emporter,CA,,3
19348,0,5.1,4.37,2019-03-14,3 - Après-midi,4 - Jeudi,Limonade,CA,,1
19349,0,28.0,25.45,2019-03-14,3 - Après-midi,4 - Jeudi,Sur place,CA,,1
19351,-8,0.0,0.0,2019-03-14,4 - Soir,4 - Jeudi,À emporter,CA,,0
19352,0,103.5,94.1,2019-03-14,4 - Soir,4 - Jeudi,À emporter,CA,,5
19358,0,614.9,559.14,2019-03-14,4 - Soir,4 - Jeudi,Livraison,CA,Deliveroo,3
19359,0,517.5,470.45,2019-03-14,4 - Soir,4 - Jeudi,Livraison,CA,UberEats,3
19363,0,193.0,174.93,2019-03-14,4 - Soir,4 - Jeudi,Sur place,CA,,8
19365,49,0.0,0.0,2019-03-15,,5 - Vendredi,À emporter,CA,,0
19367,146,0.0,0.0,2019-03-15,,5 - Vendredi,Livraison,CA,,0
19370,123,0.0,0.0,2019-03-15,,5 - Vendredi,Sur place,CA,,0
19372,0,275.5,250.5,2019-03-15,2 - Midi,5 - Vendredi,À emporter,CA,,19
19375,0,11.8,10.46,2019-03-15,2 - Midi,5 - Vendredi,Limonade,CA,,4
19378,0,140.39,127.63,2019-03-15,2 - Midi,5 - Vendredi,Livraison,CA,Deliveroo,1
19379,0,98.0,89.09,2019-03-15,2 - Midi,5 - Vendredi,Livraison,CA,UberEats,1
19383,0,1197.6,1088.11,2019-03-15,2 - Midi,5 - Vendredi,Sur place,CA,,66
19386,0,56.6,51.08,2019-03-15,3 - Après-midi,5 - Vendredi,À emporter,CA,,3
19389,0,10.8,9.81,2019-03-15,3 - Après-midi,5 - Vendredi,Limonade,CA,,3
19390,0,132.0,119.85,2019-03-15,3 - Après-midi,5 - Vendredi,Livraison,CA,Deliveroo,1
19391,0,173.0,157.41,2019-03-15,3 - Après-midi,5 - Vendredi,Livraison,CA,UberEats,1
19394,0,81.1,73.35,2019-03-15,3 - Après-midi,5 - Vendredi,Sur place,CA,,4
19397,0,366.8,332.91,2019-03-15,4 - Soir,5 - Vendredi,À emporter,CA,,13
19401,0,882.6,802.63,2019-03-15,4 - Soir,5 - Vendredi,Livraison,CA,Deliveroo,5
19402,0,974.8,886.17,2019-03-15,4 - Soir,5 - Vendredi,Livraison,CA,UberEats,6
19407,-8,0.0,0.0,2019-03-15,4 - Soir,5 - Vendredi,Sur place,CA,,0
19408,0,413.55,375.72,2019-03-15,4 - Soir,5 - Vendredi,Sur place,CA,,17
19415,41,0.0,0.0,2019-03-16,,6 - Samedi,À emporter,CA,,0
19417,167,0.0,0.0,2019-03-16,,6 - Samedi,Livraison,CA,,0
19420,126,0.0,0.0,2019-03-16,,6 - Samedi,Sur place,CA,,0
19422,0,236.1,214.65,2019-03-16,2 - Midi,6 - Samedi,À emporter,CA,,15
19425,0,7.8,7.09,2019-03-16,2 - Midi,6 - Samedi,Limonade,CA,,3
19427,0,1037.15,942.45,2019-03-16,2 - Midi,6 - Samedi,Sur place,CA,,43
19430,0,101.0,91.83,2019-03-16,3 - Après-midi,6 - Samedi,À emporter,CA,,6
19432,0,26.2,23.43,2019-03-16,3 - Après-midi,6 - Samedi,Limonade,CA,,7
19433,0,515.5,468.9,2019-03-16,3 - Après-midi,6 - Samedi,Livraison,CA,Deliveroo,3
19434,0,479.0,435.73,2019-03-16,3 - Après-midi,6 - Samedi,Livraison,CA,UberEats,2
19438,0,136.2,123.83,2019-03-16,3 - Après-midi,6 - Samedi,Sur place,CA,,8
19442,0,265.0,240.9,2019-03-16,4 - Soir,6 - Samedi,À emporter,CA,,13
19445,0,8.6,7.28,2019-03-16,4 - Soir,6 - Samedi,Limonade,CA,,2
19447,0,924.4,840.42,2019-03-16,4 - Soir,6 - Samedi,Livraison,CA,Deliveroo,5
19448,0,884.3,803.92,2019-03-16,4 - Soir,6 - Samedi,Livraison,CA,UberEats,6
19452,-9,0.0,0.0,2019-03-16,4 - Soir,6 - Samedi,Sur place,CA,,0
19453,0,513.6,466.9,2019-03-16,4 - Soir,6 - Samedi,Sur place,CA,,21
19459,32,0.0,0.0,2019-03-17,,7 - Dimanche,À emporter,CA,,0
19461,155,0.0,0.0,2019-03-17,,7 - Dimanche,Livraison,CA,,0
19464,91,0.0,0.0,2019-03-17,,7 - Dimanche,Sur place,CA,,0
19466,0,196.5,178.63,2019-03-17,2 - Midi,7 - Dimanche,À emporter,CA,,9
19469,0,18.8,16.71,2019-03-17,2 - Midi,7 - Dimanche,Limonade,CA,,6
19470,0,734.45,667.16,2019-03-17,2 - Midi,7 - Dimanche,Sur place,CA,,33
19473,0,47.0,42.73,2019-03-17,3 - Après-midi,7 - Dimanche,À emporter,CA,,2
19476,0,497.9,452.78,2019-03-17,3 - Après-midi,7 - Dimanche,Livraison,CA,UberEats,2
19478,0,95.1,86.46,2019-03-17,3 - Après-midi,7 - Dimanche,Sur place,CA,,7
19481,0,181.6,165.09,2019-03-17,4 - Soir,7 - Dimanche,À emporter,CA,,8
19485,0,1411.8,1283.29,2019-03-17,4 - Soir,7 - Dimanche,Livraison,CA,Deliveroo,8
19486,0,613.9,558.23,2019-03-17,4 - Soir,7 - Dimanche,Livraison,CA,UberEats,5
19490,-9,0.0,0.0,2019-03-17,4 - Soir,7 - Dimanche,Sur place,CA,,0
19491,0,352.3,319.48,2019-03-17,4 - Soir,7 - Dimanche,Sur place,CA,,17
19497,25,0.0,0.0,2019-03-18,,1 - Lundi,À emporter,CA,,0
19498,85,0.0,0.0,2019-03-18,,1 - Lundi,Livraison,CA,,0
19500,82,0.0,0.0,2019-03-18,,1 - Lundi,Sur place,CA,,0
19502,0,167.0,151.84,2019-03-18,2 - Midi,1 - Lundi,À emporter,CA,,10
19504,0,13.2,11.25,2019-03-18,2 - Midi,1 - Lundi,Limonade,CA,,3
19506,-2,0.0,0.0,2019-03-18,2 - Midi,1 - Lundi,Sur place,CA,,0
19507,0,850.9,773.41,2019-03-18,2 - Midi,1 - Lundi,Sur place,CA,,45
19513,0,1.6,1.45,2019-03-18,3 - Après-midi,1 - Lundi,Limonade,CA,,1
19514,0,144.4,131.27,2019-03-18,3 - Après-midi,1 - Lundi,Livraison,CA,UberEats,1
19516,0,62.5,56.56,2019-03-18,3 - Après-midi,1 - Lundi,Sur place,CA,,3
19519,0,193.5,175.76,2019-03-18,4 - Soir,1 - Lundi,À emporter,CA,,8
19521,0,864.9,786.83,2019-03-18,4 - Soir,1 - Lundi,Livraison,CA,Deliveroo,3
19522,0,395.7,359.73,2019-03-18,4 - Soir,1 - Lundi,Livraison,CA,UberEats,1
19527,-6,0.0,0.0,2019-03-18,4 - Soir,1 - Lundi,Sur place,CA,,0
19528,0,22.0,20.0,2019-03-18,4 - Soir,1 - Lundi,Sur place,CA,,1
19529,0,127.0,115.45,2019-03-18,4 - Soir,1 - Lundi,Sur place,CA,,5
19535,28,0.0,0.0,2019-03-19,,2 - Mardi,À emporter,CA,,0
19537,84,0.0,0.0,2019-03-19,,2 - Mardi,Livraison,CA,,0
19539,88,0.0,0.0,2019-03-19,,2 - Mardi,Sur place,CA,,0
19541,0,227.1,206.48,2019-03-19,2 - Midi,2 - Mardi,À emporter,CA,,16
19544,0,8.0,7.27,2019-03-19,2 - Midi,2 - Mardi,Limonade,CA,,2
19545,0,33.5,30.45,2019-03-19,2 - Midi,2 - Mardi,Livraison,CA,Deliveroo,1
19546,0,244.9,222.64,2019-03-19,2 - Midi,2 - Mardi,Livraison,CA,UberEats,1
19549,0,659.1,599.22,2019-03-19,2 - Midi,2 - Mardi,Sur place,CA,,39
19552,0,7.6,6.91,2019-03-19,3 - Après-midi,2 - Mardi,À emporter,CA,,1
19553,0,7.0,5.83,2019-03-19,3 - Après-midi,2 - Mardi,Limonade,CA,,1
19555,0,28.0,25.46,2019-03-19,3 - Après-midi,2 - Mardi,Sur place,CA,,2
19557,0,30.0,27.27,2019-03-19,4 - Soir,2 - Mardi,À emporter,CA,,1
19558,0,131.5,119.54,2019-03-19,4 - Soir,2 - Mardi,À emporter,CA,,7
19561,0,3.0,2.73,2019-03-19,4 - Soir,2 - Mardi,Limonade,CA,,1
19562,0,13.0,11.82,2019-03-19,4 - Soir,2 - Mardi,Limonade,CA,,3
19565,0,621.5,565.14,2019-03-19,4 - Soir,2 - Mardi,Livraison,CA,Deliveroo,5
19566,0,522.7,475.33,2019-03-19,4 - Soir,2 - Mardi,Livraison,CA,UberEats,4
19572,-9,0.0,0.0,2019-03-19,4 - Soir,2 - Mardi,Sur place,CA,,0
19573,0,26.5,23.83,2019-03-19,4 - Soir,2 - Mardi,Sur place,CA,UberEats,1
19574,0,50.0,45.46,2019-03-19,4 - Soir,2 - Mardi,Sur place,CA,,3
19575,0,372.35,338.4,2019-03-19,4 - Soir,2 - Mardi,Sur place,CA,,18
19583,24,0.0,0.0,2019-03-20,,3 - Mercredi,À emporter,CA,,0
19585,78,0.0,0.0,2019-03-20,,3 - Mercredi,Livraison,CA,,0
19587,117,0.0,0.0,2019-03-20,,3 - Mercredi,Sur place,CA,,0
19589,0,214.1,194.66,2019-03-20,2 - Midi,3 - Mercredi,À emporter,CA,,14
19592,0,3.2,2.91,2019-03-20,2 - Midi,3 - Mercredi,Limonade,CA,,1
19594,0,1164.1,1058.06,2019-03-20,2 - Midi,3 - Mercredi,Sur place,CA,,61
19600,0,54.6,49.63,2019-03-20,3 - Après-midi,3 - Mercredi,À emporter,CA,,3
19603,0,8.6,7.28,2019-03-20,3 - Après-midi,3 - Mercredi,Limonade,CA,,2
19604,0,61.5,55.91,2019-03-20,4 - Soir,3 - Mercredi,À emporter,CA,,3
19606,0,3.0,2.73,2019-03-20,4 - Soir,3 - Mercredi,Limonade,CA,,1
19607,0,827.3,752.15,2019-03-20,4 - Soir,3 - Mercredi,Livraison,CA,Deliveroo,4
19608,0,458.2,416.68,2019-03-20,4 - Soir,3 - Mercredi,Livraison,CA,UberEats,4
19612,-8,0.0,0.0,2019-03-20,4 - Soir,3 - Mercredi,Sur place,CA,,0
19613,0,391.7,356.01,2019-03-20,4 - Soir,3 - Mercredi,Sur place,CA,,20
19619,43,0.0,0.0,2019-03-21,,4 - Jeudi,À emporter,CA,,0
19621,126,0.0,0.0,2019-03-21,,4 - Jeudi,Livraison,CA,,0
19624,74,0.0,0.0,2019-03-21,,4 - Jeudi,Sur place,CA,,0
19626,0,427.1,388.31,2019-03-21,2 - Midi,4 - Jeudi,À emporter,CA,,26
19629,0,9.2,8.36,2019-03-21,2 - Midi,4 - Jeudi,Limonade,CA,,2
19630,0,924.85,840.65,2019-03-21,2 - Midi,4 - Jeudi,Sur place,CA,,49
19633,0,5.1,4.37,2019-03-21,3 - Après-midi,4 - Jeudi,Limonade,CA,,2
19636,0,243.9,221.43,2019-03-21,3 - Après-midi,4 - Jeudi,Livraison,CA,Deliveroo,1
19637,0,207.7,188.82,2019-03-21,3 - Après-midi,4 - Jeudi,Livraison,CA,UberEats,1
19642,0,12.0,10.91,2019-03-21,3 - Après-midi,4 - Jeudi,Sur place,CA,,1
19643,0,203.3,184.84,2019-03-21,4 - Soir,4 - Jeudi,À emporter,CA,,13
19646,0,6.0,5.45,2019-03-21,4 - Soir,4 - Jeudi,Limonade,CA,,1
19648,0,1024.2,931.09,2019-03-21,4 - Soir,4 - Jeudi,Livraison,CA,Deliveroo,6
19649,0,640.0,581.82,2019-03-21,4 - Soir,4 - Jeudi,Livraison,CA,UberEats,3
19654,-7,0.0,0.0,2019-03-21,4 - Soir,4 - Jeudi,Sur place,CA,,0
19655,0,71.0,64.55,2019-03-21,4 - Soir,4 - Jeudi,Sur place,CA,,4
19660,48,0.0,0.0,2019-03-22,,5 - Vendredi,À emporter,CA,,0
19662,138,0.0,0.0,2019-03-22,,5 - Vendredi,Livraison,CA,,0
19665,113,0.0,0.0,2019-03-22,,5 - Vendredi,Sur place,CA,,0
19667,0,412.05,374.62,2019-03-22,2 - Midi,5 - Vendredi,À emporter,CA,,26
19670,0,1.6,1.45,2019-03-22,2 - Midi,5 - Vendredi,Limonade,CA,,1
19671,0,179.8,163.45,2019-03-22,2 - Midi,5 - Vendredi,Livraison,CA,Deliveroo,1
19672,0,127.3,115.73,2019-03-22,2 - Midi,5 - Vendredi,Livraison,CA,UberEats,1
19676,0,1108.95,1008.06,2019-03-22,2 - Midi,5 - Vendredi,Sur place,CA,,65
19680,0,23.6,21.45,2019-03-22,3 - Après-midi,5 - Vendredi,À emporter,CA,,1
19683,0,6.0,5.45,2019-03-22,3 - Après-midi,5 - Vendredi,Limonade,CA,,1
19684,0,25.2,22.91,2019-03-22,3 - Après-midi,5 - Vendredi,Sur place,CA,,1
19687,0,263.4,239.45,2019-03-22,4 - Soir,5 - Vendredi,À emporter,CA,,13
19690,0,13.5,11.48,2019-03-22,4 - Soir,5 - Vendredi,Limonade,CA,,2
19691,0,1304.3,1185.43,2019-03-22,4 - Soir,5 - Vendredi,Livraison,CA,Deliveroo,6
19692,0,743.5,675.91,2019-03-22,4 - Soir,5 - Vendredi,Livraison,CA,UberEats,1
19697,-7,0.0,0.0,2019-03-22,4 - Soir,5 - Vendredi,Sur place,CA,,0
19698,0,351.8,319.83,2019-03-22,4 - Soir,5 - Vendredi,Sur place,CA,,21
19705,16,0.0,0.0,2019-03-23,,6 - Samedi,À emporter,CA,,0
19707,114,0.0,0.0,2019-03-23,,6 - Samedi,Livraison,CA,,0
19710,136,0.0,0.0,2019-03-23,,6 - Samedi,Sur place,CA,,0
19713,0,10.0,9.09,2019-03-23,2 - Midi,6 - Samedi,À emporter,CA,,1
19714,0,7.6,6.9,2019-03-23,2 - Midi,6 - Samedi,Limonade,CA,,2
19718,0,1168.25,1061.82,2019-03-23,2 - Midi,6 - Samedi,Sur place,CA,,53
19721,0,87.4,79.45,2019-03-23,3 - Après-midi,6 - Samedi,À emporter,CA,,5
19724,0,38.9,35.35,2019-03-23,3 - Après-midi,6 - Samedi,Limonade,CA,,10
19726,0,144.5,131.36,2019-03-23,3 - Après-midi,6 - Samedi,Livraison,CA,UberEats,1
19729,0,204.2,185.66,2019-03-23,3 - Après-midi,6 - Samedi,Sur place,CA,,10
19732,0,173.6,157.82,2019-03-23,4 - Soir,6 - Samedi,À emporter,CA,,8
19735,0,10.0,8.57,2019-03-23,4 - Soir,6 - Samedi,Limonade,CA,,3
19736,0,1147.7,1043.07,2019-03-23,4 - Soir,6 - Samedi,Livraison,CA,Deliveroo,5
19737,0,668.3,607.54,2019-03-23,4 - Soir,6 - Samedi,Livraison,CA,UberEats,2
19741,-8,0.0,0.0,2019-03-23,4 - Soir,6 - Samedi,Sur place,CA,,0
19742,0,399.3,362.7,2019-03-23,4 - Soir,6 - Samedi,Sur place,CA,,16
19748,30,0.0,0.0,2019-03-24,,7 - Dimanche,À emporter,CA,,0
19750,154,0.0,0.0,2019-03-24,,7 - Dimanche,Livraison,CA,,0
19753,82,0.0,0.0,2019-03-24,,7 - Dimanche,Sur place,CA,,0
19755,0,86.0,78.19,2019-03-24,2 - Midi,7 - Dimanche,À emporter,CA,,5
19757,0,14.8,12.92,2019-03-24,2 - Midi,7 - Dimanche,Limonade,CA,,6
19758,0,669.0,607.8,2019-03-24,2 - Midi,7 - Dimanche,Sur place,CA,,24
19761,0,26.5,23.83,2019-03-24,3 - Après-midi,7 - Dimanche,À emporter,CA,,2
19763,0,3.2,2.91,2019-03-24,3 - Après-midi,7 - Dimanche,Limonade,CA,,1
19764,0,29.4,26.47,2019-03-24,3 - Après-midi,7 - Dimanche,Limonade,CA,,9
19765,0,359.7,327.0,2019-03-24,3 - Après-midi,7 - Dimanche,Livraison,CA,Deliveroo,1
19766,0,269.9,245.36,2019-03-24,3 - Après-midi,7 - Dimanche,Livraison,CA,UberEats,1
19770,0,139.0,125.33,2019-03-24,3 - Après-midi,7 - Dimanche,Sur place,CA,,5
19772,0,344.73,313.39,2019-03-24,4 - Soir,7 - Dimanche,À emporter,CA,,15
19775,0,5.94,5.4,2019-03-24,4 - Soir,7 - Dimanche,Limonade,CA,,2
19777,0,1018.79,926.17,2019-03-24,4 - Soir,7 - Dimanche,Livraison,CA,Deliveroo,5
19778,0,867.6,788.73,2019-03-24,4 - Soir,7 - Dimanche,Livraison,CA,UberEats,4
19782,-8,0.0,0.0,2019-03-24,4 - Soir,7 - Dimanche,Sur place,CA,,0
19783,0,248.0,225.43,2019-03-24,4 - Soir,7 - Dimanche,Sur place,CA,,13
19790,46,0.0,0.0,2019-03-25,,1 - Lundi,À emporter,CA,,0
19792,76,0.0,0.0,2019-03-25,,1 - Lundi,Livraison,CA,,0
19795,53,0.0,0.0,2019-03-25,,1 - Lundi,Sur place,CA,,0
19797,0,299.5,272.28,2019-03-25,2 - Midi,1 - Lundi,À emporter,CA,,12
19799,0,1.6,1.45,2019-03-25,2 - Midi,1 - Lundi,Limonade,CA,,1
19801,0,650.3,591.21,2019-03-25,2 - Midi,1 - Lundi,Sur place,CA,,34
19804,0,31.0,28.18,2019-03-25,3 - Après-midi,1 - Lundi,À emporter,CA,,2
19806,0,28.5,25.72,2019-03-25,3 - Après-midi,1 - Lundi,Livraison,CA,KM,1
19808,0,40.6,36.91,2019-03-25,3 - Après-midi,1 - Lundi,Sur place,CA,,3
19811,-7,0.0,0.0,2019-03-25,4 - Soir,1 - Lundi,À emporter,CA,,0
19812,0,232.1,211.0,2019-03-25,4 - Soir,1 - Lundi,À emporter,CA,,10
19817,0,3.0,2.73,2019-03-25,4 - Soir,1 - Lundi,Limonade,CA,,1
19819,0,621.7,565.18,2019-03-25,4 - Soir,1 - Lundi,Livraison,CA,Deliveroo,3
19820,0,96.46,87.12,2019-03-25,4 - Soir,1 - Lundi,Livraison,CA,KM,3
19821,0,591.7,536.63,2019-03-25,4 - Soir,1 - Lundi,Livraison,CA,UberEats,3
19828,0,56.0,50.91,2019-03-25,4 - Soir,1 - Lundi,Sur place,CA,,3
19830,40,0.0,0.0,2019-03-26,,2 - Mardi,À emporter,CA,,0
19833,135,0.0,0.0,2019-03-26,,2 - Mardi,Livraison,CA,,0
19835,59,0.0,0.0,2019-03-26,,2 - Mardi,Sur place,CA,,0
19837,0,276.1,251.04,2019-03-26,2 - Midi,2 - Mardi,À emporter,CA,,19
19840,0,582.4,529.5,2019-03-26,2 - Midi,2 - Mardi,Sur place,CA,,33
19843,0,14.0,12.73,2019-03-26,3 - Après-midi,2 - Mardi,À emporter,CA,,1
19845,0,1.6,1.45,2019-03-26,3 - Après-midi,2 - Mardi,Limonade,CA,,1
19846,0,42.0,38.19,2019-03-26,3 - Après-midi,2 - Mardi,Sur place,CA,,3
19848,0,17.0,15.45,2019-03-26,4 - Soir,2 - Mardi,À emporter,CA,KM,1
19849,0,270.0,245.19,2019-03-26,4 - Soir,2 - Mardi,À emporter,CA,,11
19853,0,10.5,8.75,2019-03-26,4 - Soir,2 - Mardi,Limonade,CA,,2
19854,0,835.8,759.81,2019-03-26,4 - Soir,2 - Mardi,Livraison,CA,Deliveroo,4
19855,0,1286.6,1167.76,2019-03-26,4 - Soir,2 - Mardi,Livraison,CA,UberEats,5
19859,0,185.3,168.44,2019-03-26,4 - Soir,2 - Mardi,Sur place,CA,,13
19862,27,0.0,0.0,2019-03-27,,3 - Mercredi,À emporter,CA,,0
19864,155,0.0,0.0,2019-03-27,,3 - Mercredi,Livraison,CA,,0
19867,96,0.0,0.0,2019-03-27,,3 - Mercredi,Sur place,CA,,0
19870,0,176.5,160.46,2019-03-27,2 - Midi,3 - Mercredi,À emporter,CA,,11
19873,0,77.5,70.45,2019-03-27,2 - Midi,3 - Mercredi,Livraison,CA,Deliveroo,1
19874,0,248.4,225.82,2019-03-27,2 - Midi,3 - Mercredi,Livraison,CA,UberEats,1
19877,-3,0.0,0.0,2019-03-27,2 - Midi,3 - Mercredi,Sur place,CA,,0
19878,0,818.4,743.84,2019-03-27,2 - Midi,3 - Mercredi,Sur place,CA,,48
19883,0,24.0,21.82,2019-03-27,3 - Après-midi,3 - Mercredi,À emporter,CA,,1
19885,0,7.8,7.08,2019-03-27,3 - Après-midi,3 - Mercredi,Limonade,CA,,3
19886,0,74.5,67.73,2019-03-27,3 - Après-midi,3 - Mercredi,Sur place,CA,,3
19888,0,184.48,167.72,2019-03-27,4 - Soir,3 - Mercredi,À emporter,CA,,9
19892,0,3.0,2.73,2019-03-27,4 - Soir,3 - Mercredi,Limonade,CA,,1
19893,0,739.7,672.38,2019-03-27,4 - Soir,3 - Mercredi,Livraison,CA,Deliveroo,3
19894,0,134.99,121.75,2019-03-27,4 - Soir,3 - Mercredi,Livraison,CA,KM,5
19895,0,1290.5,1170.3,2019-03-27,4 - Soir,3 - Mercredi,Livraison,CA,UberEats,5
19901,-9,0.0,0.0,2019-03-27,4 - Soir,3 - Mercredi,Sur place,CA,,0
19902,0,359.3,326.28,2019-03-27,4 - Soir,3 - Mercredi,Sur place,CA,,13
19908,31,0.0,0.0,2019-03-28,,4 - Jeudi,À emporter,CA,,0
19911,187,0.0,0.0,2019-03-28,,4 - Jeudi,Livraison,CA,,0
19914,104,0.0,0.0,2019-03-28,,4 - Jeudi,Sur place,CA,,0
19916,-1,0.0,0.0,2019-03-28,2 - Midi,4 - Jeudi,À emporter,CA,,0
19917,0,42.8,38.91,2019-03-28,2 - Midi,4 - Jeudi,À emporter,CA,KM,1
19918,0,154.05,140.04,2019-03-28,2 - Midi,4 - Jeudi,À emporter,CA,,8
19925,0,4.8,4.36,2019-03-28,2 - Midi,4 - Jeudi,Limonade,CA,,1
19926,0,279.0,253.64,2019-03-28,2 - Midi,4 - Jeudi,Livraison,CA,Deliveroo,1
19927,0,207.0,188.18,2019-03-28,2 - Midi,4 - Jeudi,Livraison,CA,UberEats,1
19932,0,1090.75,990.88,2019-03-28,2 - Midi,4 - Jeudi,Sur place,CA,,61
19935,0,28.0,25.45,2019-03-28,3 - Après-midi,4 - Jeudi,À emporter,CA,,1
19937,0,4.6,4.18,2019-03-28,3 - Après-midi,4 - Jeudi,Limonade,CA,,2
19938,0,108.5,98.64,2019-03-28,3 - Après-midi,4 - Jeudi,Livraison,CA,Deliveroo,1
19939,0,23.8,21.64,2019-03-28,3 - Après-midi,4 - Jeudi,Livraison,CA,UberEats,1
19943,0,136.5,123.83,2019-03-28,3 - Après-midi,4 - Jeudi,Sur place,CA,,5
19946,0,28.0,25.45,2019-03-28,4 - Soir,4 - Jeudi,À emporter,CA,KM,1
19947,0,14.0,12.73,2019-03-28,4 - Soir,4 - Jeudi,À emporter,CA,,1
19948,0,161.0,146.37,2019-03-28,4 - Soir,4 - Jeudi,À emporter,CA,,8
19954,0,1556.4,1414.6,2019-03-28,4 - Soir,4 - Jeudi,Livraison,CA,Deliveroo,7
19955,0,89.88,81.12,2019-03-28,4 - Soir,4 - Jeudi,Livraison,CA,KM,3
19956,0,664.4,604.0,2019-03-28,4 - Soir,4 - Jeudi,Livraison,CA,UberEats,3
19963,-8,0.0,0.0,2019-03-28,4 - Soir,4 - Jeudi,Sur place,CA,,0
19964,0,31.6,28.72,2019-03-28,4 - Soir,4 - Jeudi,Sur place,CA,,2
19965,0,155.2,141.08,2019-03-28,4 - Soir,4 - Jeudi,Sur place,CA,,9
19972,47,0.0,0.0,2019-03-29,,5 - Vendredi,À emporter,CA,,0
19974,220,0.0,0.0,2019-03-29,,5 - Vendredi,Livraison,CA,,0
19977,102,0.0,0.0,2019-03-29,,5 - Vendredi,Sur place,CA,,0
19979,0,14.0,12.73,2019-03-29,2 - Midi,5 - Vendredi,À emporter,CA,,1
19980,0,317.3,288.48,2019-03-29,2 - Midi,5 - Vendredi,À emporter,CA,,19
19984,0,6.6,6.0,2019-03-29,2 - Midi,5 - Vendredi,Limonade,CA,,2
19985,0,10.0,8.33,2019-03-29,2 - Midi,5 - Vendredi,Sur place,CA,,1
19986,0,260.0,236.23,2019-03-29,2 - Midi,5 - Vendredi,Sur place,CA,,16
19987,0,973.1,884.13,2019-03-29,2 - Midi,5 - Vendredi,Sur place,CA,,54
19992,0,83.5,75.92,2019-03-29,3 - Après-midi,5 - Vendredi,À emporter,CA,,3
19994,0,6.5,5.91,2019-03-29,3 - Après-midi,5 - Vendredi,Limonade,CA,,2
19996,0,630.0,572.73,2019-03-29,3 - Après-midi,5 - Vendredi,Livraison,CA,Deliveroo,3
19997,0,180.5,164.09,2019-03-29,3 - Après-midi,5 - Vendredi,Livraison,CA,UberEats,1
20001,0,230.51,209.29,2019-03-29,4 - Soir,5 - Vendredi,À emporter,CA,,8
20005,0,9.4,8.54,2019-03-29,4 - Soir,5 - Vendredi,Limonade,CA,,3
20006,0,1718.5,1561.96,2019-03-29,4 - Soir,5 - Vendredi,Livraison,CA,Deliveroo,8
20007,0,937.9,852.33,2019-03-29,4 - Soir,5 - Vendredi,Livraison,CA,UberEats,4
20012,-8,0.0,0.0,2019-03-29,4 - Soir,5 - Vendredi,Sur place,CA,,0
20013,0,127.2,115.63,2019-03-29,4 - Soir,5 - Vendredi,Sur place,CA,,7
20020,34,0.0,0.0,2019-03-30,,6 - Samedi,À emporter,CA,,0
20022,175,0.0,0.0,2019-03-30,,6 - Samedi,Livraison,CA,,0
20025,91,0.0,0.0,2019-03-30,,6 - Samedi,Sur place,CA,,0
20027,0,164.2,148.15,2019-03-30,2 - Midi,6 - Samedi,À emporter,CA,,10
20030,0,25.2,22.52,2019-03-30,2 - Midi,6 - Samedi,Limonade,CA,,8
20031,0,850.05,772.24,2019-03-30,2 - Midi,6 - Samedi,Sur place,CA,,36
20034,0,42.98,39.08,2019-03-30,3 - Après-midi,6 - Samedi,À emporter,CA,,2
20038,0,23.0,20.45,2019-03-30,3 - Après-midi,6 - Samedi,Limonade,CA,,5
20041,0,591.9,538.09,2019-03-30,3 - Après-midi,6 - Samedi,Livraison,CA,Deliveroo,3
20042,0,272.6,247.82,2019-03-30,3 - Après-midi,6 - Samedi,Livraison,CA,UberEats,1
20048,0,136.6,123.81,2019-03-30,3 - Après-midi,6 - Samedi,Sur place,CA,,8
20051,-9,0.0,0.0,2019-03-30,4 - Soir,6 - Samedi,À emporter,CA,,0
20052,0,185.6,168.73,2019-03-30,4 - Soir,6 - Samedi,À emporter,CA,,8
20059,0,6.5,5.91,2019-03-30,4 - Soir,6 - Samedi,Limonade,CA,,2
20062,0,1214.4,1103.41,2019-03-30,4 - Soir,6 - Samedi,Livraison,CA,Deliveroo,5
20063,0,77.54,69.91,2019-03-30,4 - Soir,6 - Samedi,Livraison,CA,KM,3
20064,0,678.9,615.91,2019-03-30,4 - Soir,6 - Samedi,Livraison,CA,UberEats,4
20071,0,359.45,326.76,2019-03-30,4 - Soir,6 - Samedi,Sur place,CA,,14
20074,28,0.0,0.0,2019-03-31,,7 - Dimanche,À emporter,CA,,0
20076,156,0.0,0.0,2019-03-31,,7 - Dimanche,Livraison,CA,,0
20079,85,0.0,0.0,2019-03-31,,7 - Dimanche,Sur place,CA,,0
20081,0,148.9,135.36,2019-03-31,2 - Midi,7 - Dimanche,À emporter,CA,,6
20084,0,19.2,17.44,2019-03-31,2 - Midi,7 - Dimanche,Limonade,CA,,5
20087,0,721.7,655.75,2019-03-31,2 - Midi,7 - Dimanche,Sur place,CA,,27
20090,0,3.0,2.73,2019-03-31,3 - Après-midi,7 - Dimanche,Limonade,CA,,1
20091,0,7.6,6.9,2019-03-31,3 - Après-midi,7 - Dimanche,Limonade,CA,,2
20092,0,27.45,24.95,2019-03-31,3 - Après-midi,7 - Dimanche,Sur place,CA,,1
20095,0,245.0,222.74,2019-03-31,4 - Soir,7 - Dimanche,À emporter,CA,,9
20097,0,13.5,12.27,2019-03-31,4 - Soir,7 - Dimanche,Limonade,CA,,3
20100,0,1485.3,1349.63,2019-03-31,4 - Soir,7 - Dimanche,Livraison,CA,Deliveroo,5
20101,0,113.23,102.35,2019-03-31,4 - Soir,7 - Dimanche,Livraison,CA,KM,3
20102,0,960.5,873.19,2019-03-31,4 - Soir,7 - Dimanche,Livraison,CA,UberEats,4
20109,-9,0.0,0.0,2019-03-31,4 - Soir,7 - Dimanche,Sur place,CA,,0
20110,0,9.4,8.55,2019-03-31,4 - Soir,7 - Dimanche,Sur place,CA,KM,1
20111,0,309.7,281.4,2019-03-31,4 - Soir,7 - Dimanche,Sur place,CA,,15
20120,23,0.0,0.0,2019-04-01,,1 - Lundi,À emporter,CA,,0
20122,46,0.0,0.0,2019-04-01,,1 - Lundi,Livraison,CA,,0
20125,76,0.0,0.0,2019-04-01,,1 - Lundi,Sur place,CA,,0
20127,0,90.0,81.56,2019-04-01,2 - Midi,1 - Lundi,À emporter,CA,,5
20129,0,11.0,9.98,2019-04-01,2 - Midi,1 - Lundi,Limonade,CA,,5
20130,0,21.01,18.91,2019-04-01,2 - Midi,1 - Lundi,Livraison,CA,KM,1
20135,-2,0.0,0.0,2019-04-01,2 - Midi,1 - Lundi,Sur place,CA,,0
20136,0,684.1,621.86,2019-04-01,2 - Midi,1 - Lundi,Sur place,CA,,35
20143,0,34.5,31.36,2019-04-01,3 - Après-midi,1 - Lundi,À emporter,CA,,3
20145,0,6.0,5.46,2019-04-01,3 - Après-midi,1 - Lundi,Limonade,CA,,2
20146,0,44.0,40.0,2019-04-01,3 - Après-midi,1 - Lundi,Sur place,CA,,2
20148,0,234.4,212.19,2019-04-01,4 - Soir,1 - Lundi,À emporter,CA,,11
20151,0,9.6,8.35,2019-04-01,4 - Soir,1 - Lundi,Limonade,CA,,2
20152,0,631.5,574.1,2019-04-01,4 - Soir,1 - Lundi,Livraison,CA,Deliveroo,3
20153,0,71.0,64.16,2019-04-01,4 - Soir,1 - Lundi,Livraison,CA,KM,2
20157,-7,0.0,0.0,2019-04-01,4 - Soir,1 - Lundi,Sur place,CA,,0
20158,0,230.85,209.85,2019-04-01,4 - Soir,1 - Lundi,Sur place,CA,,14
20164,42,0.0,0.0,2019-04-02,,2 - Mardi,À emporter,CA,,0
20167,81,0.0,0.0,2019-04-02,,2 - Mardi,Livraison,CA,,0
20169,89,0.0,0.0,2019-04-02,,2 - Mardi,Sur place,CA,,0
20172,0,27.46,24.96,2019-04-02,2 - Midi,2 - Mardi,À emporter,CA,KM,1
20173,0,285.6,259.13,2019-04-02,2 - Midi,2 - Mardi,À emporter,CA,,19
20178,0,7.6,6.9,2019-04-02,2 - Midi,2 - Mardi,Limonade,CA,,3
20181,0,114.5,104.09,2019-04-02,2 - Midi,2 - Mardi,Livraison,CA,Deliveroo,1
20182,0,161.5,146.82,2019-04-02,2 - Midi,2 - Mardi,Livraison,CA,UberEats,1
20186,-2,0.0,0.0,2019-04-02,2 - Midi,2 - Mardi,Sur place,CA,,0
20187,0,699.0,635.51,2019-04-02,2 - Midi,2 - Mardi,Sur place,CA,,42
20193,0,8.0,7.27,2019-04-02,3 - Après-midi,2 - Mardi,À emporter,CA,,1
20195,0,12.9,11.46,2019-04-02,3 - Après-midi,2 - Mardi,Limonade,CA,,4
20196,0,19.0,17.27,2019-04-02,3 - Après-midi,2 - Mardi,Livraison,CA,Deliveroo,2
20197,0,62.0,56.36,2019-04-02,3 - Après-midi,2 - Mardi,Livraison,CA,UberEats,2
20200,0,107.1,97.28,2019-04-02,3 - Après-midi,2 - Mardi,Sur place,CA,,4
20203,0,46.0,41.74,2019-04-02,4 - Soir,2 - Mardi,À emporter,CA,KM,2
20204,0,44.0,39.92,2019-04-02,4 - Soir,2 - Mardi,À emporter,CA,,2
20205,0,192.5,175.01,2019-04-02,4 - Soir,2 - Mardi,À emporter,CA,,8
20209,0,9.5,8.37,2019-04-02,4 - Soir,2 - Mardi,Limonade,CA,,2
20211,0,493.5,448.55,2019-04-02,4 - Soir,2 - Mardi,Livraison,CA,Deliveroo,4
20212,0,109.2,98.5,2019-04-02,4 - Soir,2 - Mardi,Livraison,CA,KM,4
20213,0,340.3,309.37,2019-04-02,4 - Soir,2 - Mardi,Livraison,CA,UberEats,3
20220,-8,0.0,0.0,2019-04-02,4 - Soir,2 - Mardi,Sur place,CA,,0
20221,0,14.0,12.73,2019-04-02,4 - Soir,2 - Mardi,Sur place,CA,,1
20222,0,328.8,298.93,2019-04-02,4 - Soir,2 - Mardi,Sur place,CA,,19
20229,28,0.0,0.0,2019-04-03,,3 - Mercredi,À emporter,CA,,0
20231,87,0.0,0.0,2019-04-03,,3 - Mercredi,Livraison,CA,,0
20233,109,0.0,0.0,2019-04-03,,3 - Mercredi,Sur place,CA,,0
20237,-2,0.0,0.0,2019-04-03,2 - Midi,3 - Mercredi,À emporter,CA,,0
20238,0,289.8,263.48,2019-04-03,2 - Midi,3 - Mercredi,À emporter,CA,,18
20245,0,14.7,13.36,2019-04-03,2 - Midi,3 - Mercredi,Limonade,CA,,4
20248,0,206.0,186.97,2019-04-03,2 - Midi,3 - Mercredi,Livraison,CA,Deliveroo,1
20249,0,266.3,242.09,2019-04-03,2 - Midi,3 - Mercredi,Livraison,CA,UberEats,1
20252,-2,0.0,0.0,2019-04-03,2 - Midi,3 - Mercredi,Sur place,CA,,0
20253,0,894.42,812.96,2019-04-03,2 - Midi,3 - Mercredi,Sur place,CA,,41
20260,0,47.0,42.73,2019-04-03,3 - Après-midi,3 - Mercredi,À emporter,CA,,3
20262,0,1.6,1.45,2019-04-03,3 - Après-midi,3 - Mercredi,Limonade,CA,,1
20263,0,33.0,30.0,2019-04-03,4 - Soir,3 - Mercredi,À emporter,CA,,1
20264,0,28.0,25.46,2019-04-03,4 - Soir,3 - Mercredi,À emporter,CA,,2
20267,0,3.15,2.86,2019-04-03,4 - Soir,3 - Mercredi,Limonade,CA,,1
20270,0,449.0,408.1,2019-04-03,4 - Soir,3 - Mercredi,Livraison,CA,Deliveroo,2
20271,0,127.69,115.32,2019-04-03,4 - Soir,3 - Mercredi,Livraison,CA,KM,4
20272,0,377.2,342.91,2019-04-03,4 - Soir,3 - Mercredi,Livraison,CA,UberEats,1
20279,-9,0.0,0.0,2019-04-03,4 - Soir,3 - Mercredi,Sur place,CA,,0
20280,0,528.65,479.59,2019-04-03,4 - Soir,3 - Mercredi,Sur place,CA,,35
20286,29,0.0,0.0,2019-04-04,,4 - Jeudi,À emporter,CA,,0
20288,114,0.0,0.0,2019-04-04,,4 - Jeudi,Livraison,CA,,0
20290,108,0.0,0.0,2019-04-04,,4 - Jeudi,Sur place,CA,,0
20293,0,165.7,150.65,2019-04-04,2 - Midi,4 - Jeudi,À emporter,CA,,12
20296,0,7.8,7.09,2019-04-04,2 - Midi,4 - Jeudi,Limonade,CA,,3
20298,0,240.5,218.64,2019-04-04,2 - Midi,4 - Jeudi,Livraison,CA,Deliveroo,1
20299,0,44.5,40.45,2019-04-04,2 - Midi,4 - Jeudi,Livraison,CA,UberEats,1
20302,0,1088.48,989.48,2019-04-04,2 - Midi,4 - Jeudi,Sur place,CA,,58
20306,0,43.1,39.18,2019-04-04,3 - Après-midi,4 - Jeudi,À emporter,CA,,2
20309,0,3.2,2.91,2019-04-04,3 - Après-midi,4 - Jeudi,Limonade,CA,,1
20310,0,93.0,84.29,2019-04-04,3 - Après-midi,4 - Jeudi,Sur place,CA,,2
20311,0,55.6,50.55,2019-04-04,3 - Après-midi,4 - Jeudi,Sur place,CA,,4
20316,0,213.87,194.42,2019-04-04,4 - Soir,4 - Jeudi,À emporter,CA,,9
20320,0,3.0,2.73,2019-04-04,4 - Soir,4 - Jeudi,Limonade,CA,,1
20321,0,819.4,744.23,2019-04-04,4 - Soir,4 - Jeudi,Livraison,CA,Deliveroo,3
20322,0,194.85,175.98,2019-04-04,4 - Soir,4 - Jeudi,Livraison,CA,KM,6
20323,0,533.8,485.28,2019-04-04,4 - Soir,4 - Jeudi,Livraison,CA,UberEats,2
20330,-8,0.0,0.0,2019-04-04,4 - Soir,4 - Jeudi,Sur place,CA,,0
20331,0,263.95,239.94,2019-04-04,4 - Soir,4 - Jeudi,Sur place,CA,,16
20338,47,0.0,0.0,2019-04-05,,5 - Vendredi,À emporter,CA,,0
20340,148,0.0,0.0,2019-04-05,,5 - Vendredi,Livraison,CA,,0
20342,102,0.0,0.0,2019-04-05,,5 - Vendredi,Sur place,CA,,0
20345,0,319.6,290.58,2019-04-05,2 - Midi,5 - Vendredi,À emporter,CA,,21
20348,0,10.0,9.09,2019-04-05,2 - Midi,5 - Vendredi,Limonade,CA,,3
20350,0,214.5,195.0,2019-04-05,2 - Midi,5 - Vendredi,Livraison,CA,Deliveroo,1
20351,0,23.3,20.99,2019-04-05,2 - Midi,5 - Vendredi,Livraison,CA,KM,1
20352,0,86.5,78.64,2019-04-05,2 - Midi,5 - Vendredi,Livraison,CA,UberEats,1
20356,0,1022.32,929.44,2019-04-05,2 - Midi,5 - Vendredi,Sur place,CA,,67
20359,0,35.0,31.82,2019-04-05,3 - Après-midi,5 - Vendredi,À emporter,CA,,1
20361,0,8.1,7.36,2019-04-05,3 - Après-midi,5 - Vendredi,Limonade,CA,,2
20362,0,31.5,28.64,2019-04-05,3 - Après-midi,5 - Vendredi,Sur place,CA,,2
20365,0,289.6,263.27,2019-04-05,4 - Soir,5 - Vendredi,À emporter,CA,,10
20368,0,9.5,8.64,2019-04-05,4 - Soir,5 - Vendredi,Limonade,CA,,2
20369,0,1264.4,1149.45,2019-04-05,4 - Soir,5 - Vendredi,Livraison,CA,Deliveroo,6
20370,0,22.54,20.3,2019-04-05,4 - Soir,5 - Vendredi,Livraison,CA,KM,1
20371,0,842.1,765.54,2019-04-05,4 - Soir,5 - Vendredi,Livraison,CA,UberEats,5
20379,-8,0.0,0.0,2019-04-05,4 - Soir,5 - Vendredi,Sur place,CA,,0
20380,0,299.6,272.29,2019-04-05,4 - Soir,5 - Vendredi,Sur place,CA,,11
20386,27,0.0,0.0,2019-04-06,,6 - Samedi,À emporter,CA,,0
20388,128,0.0,0.0,2019-04-06,,6 - Samedi,Livraison,CA,,0
20390,132,0.0,0.0,2019-04-06,,6 - Samedi,Sur place,CA,,0
20393,0,130.6,118.74,2019-04-06,2 - Midi,6 - Samedi,À emporter,CA,,8
20396,0,13.7,12.19,2019-04-06,2 - Midi,6 - Samedi,Limonade,CA,,4
20398,0,1093.59,993.84,2019-04-06,2 - Midi,6 - Samedi,Sur place,CA,,42
20401,0,32.22,29.29,2019-04-06,3 - Après-midi,6 - Samedi,À emporter,CA,,1
20405,0,11.3,10.01,2019-04-06,3 - Après-midi,6 - Samedi,Limonade,CA,,4
20406,0,270.0,245.45,2019-04-06,3 - Après-midi,6 - Samedi,Livraison,CA,Deliveroo,1
20407,0,434.9,395.36,2019-04-06,3 - Après-midi,6 - Samedi,Livraison,CA,UberEats,2
20411,0,33.0,30.0,2019-04-06,3 - Après-midi,6 - Samedi,Sur place,CA,,1
20413,0,220.0,200.0,2019-04-06,4 - Soir,6 - Samedi,À emporter,CA,,8
20415,0,1.6,1.45,2019-04-06,4 - Soir,6 - Samedi,Limonade,CA,,1
20421,0,503.3,457.54,2019-04-06,4 - Soir,6 - Samedi,Livraison,CA,Deliveroo,4
20422,0,191.12,172.71,2019-04-06,4 - Soir,6 - Samedi,Livraison,CA,KM,5
20423,0,665.1,604.64,2019-04-06,4 - Soir,6 - Samedi,Livraison,CA,UberEats,4
20430,-8,0.0,0.0,2019-04-06,4 - Soir,6 - Samedi,Sur place,CA,,0
20431,0,486.4,440.58,2019-04-06,4 - Soir,6 - Samedi,Sur place,CA,,21
20437,23,0.0,0.0,2019-04-07,,7 - Dimanche,À emporter,CA,,0
20439,115,0.0,0.0,2019-04-07,,7 - Dimanche,Livraison,CA,,0
20441,40,0.0,0.0,2019-04-07,,7 - Dimanche,Sur place,CA,,0
20444,0,28.0,25.45,2019-04-07,3 - Après-midi,7 - Dimanche,À emporter,CA,KM,1
20445,0,60.5,55.0,2019-04-07,3 - Après-midi,7 - Dimanche,À emporter,CA,,2
20448,0,32.5,29.55,2019-04-07,3 - Après-midi,7 - Dimanche,Sur place,CA,,3
20450,0,41.7,37.9,2019-04-07,4 - Soir,7 - Dimanche,À emporter,CA,KM,2
20451,0,198.5,179.25,2019-04-07,4 - Soir,7 - Dimanche,À emporter,CA,,9
20456,0,6.0,5.45,2019-04-07,4 - Soir,7 - Dimanche,Limonade,CA,,1
20458,0,1170.7,1064.27,2019-04-07,4 - Soir,7 - Dimanche,Livraison,CA,Deliveroo,5
20459,0,99.95,90.1,2019-04-07,4 - Soir,7 - Dimanche,Livraison,CA,KM,4
20460,0,599.0,544.54,2019-04-07,4 - Soir,7 - Dimanche,Livraison,CA,UberEats,2
20468,-7,0.0,0.0,2019-04-07,4 - Soir,7 - Dimanche,Sur place,CA,,0
20469,0,424.6,385.24,2019-04-07,4 - Soir,7 - Dimanche,Sur place,CA,,19
20475,22,0.0,0.0,2019-04-08,,1 - Lundi,À emporter,CA,,0
20477,62,0.0,0.0,2019-04-08,,1 - Lundi,Livraison,CA,,0
20479,65,0.0,0.0,2019-04-08,,1 - Lundi,Sur place,CA,,0
20481,0,211.5,192.28,2019-04-08,2 - Midi,1 - Lundi,À emporter,CA,,12
20484,0,4.5,4.09,2019-04-08,2 - Midi,1 - Lundi,Limonade,CA,,2
20486,0,15.16,13.59,2019-04-08,2 - Midi,1 - Lundi,Livraison,CA,KM,1
20490,0,492.5,447.74,2019-04-08,2 - Midi,1 - Lundi,Sur place,CA,,29
20493,0,25.0,22.73,2019-04-08,3 - Après-midi,1 - Lundi,À emporter,CA,,2
20495,0,3.0,2.73,2019-04-08,3 - Après-midi,1 - Lundi,Limonade,CA,,1
20496,0,26.6,24.18,2019-04-08,3 - Après-midi,1 - Lundi,Sur place,CA,,2
20499,0,65.6,59.64,2019-04-08,4 - Soir,1 - Lundi,À emporter,CA,,5
20504,0,573.2,521.09,2019-04-08,4 - Soir,1 - Lundi,Livraison,CA,Deliveroo,3
20505,0,22.5,20.26,2019-04-08,4 - Soir,1 - Lundi,Livraison,CA,KM,1
20506,0,371.4,337.63,2019-04-08,4 - Soir,1 - Lundi,Livraison,CA,UberEats,3
20511,-8,0.0,0.0,2019-04-08,4 - Soir,1 - Lundi,Sur place,CA,,0
20512,0,263.0,239.08,2019-04-08,4 - Soir,1 - Lundi,Sur place,CA,,11
20517,42,0.0,0.0,2019-04-09,,2 - Mardi,À emporter,CA,,0
20519,83,0.0,0.0,2019-04-09,,2 - Mardi,Livraison,CA,,0
20520,110,0.0,0.0,2019-04-09,,2 - Mardi,Sur place,CA,,0
20522,0,231.7,210.19,2019-04-09,2 - Midi,2 - Mardi,À emporter,CA,,15
20525,0,6.4,5.82,2019-04-09,2 - Midi,2 - Mardi,Limonade,CA,,2
20527,0,966.2,877.89,2019-04-09,2 - Midi,2 - Mardi,Sur place,CA,,54
20530,0,124.6,113.26,2019-04-09,3 - Après-midi,2 - Mardi,À emporter,CA,,5
20532,0,6.0,5.45,2019-04-09,3 - Après-midi,2 - Mardi,Limonade,CA,,1
20533,0,321.9,292.64,2019-04-09,3 - Après-midi,2 - Mardi,Livraison,CA,UberEats,1
20535,0,42.0,38.18,2019-04-09,3 - Après-midi,2 - Mardi,Sur place,CA,,2
20538,0,220.72,200.66,2019-04-09,4 - Soir,2 - Mardi,À emporter,CA,,12
20543,0,35.25,30.37,2019-04-09,4 - Soir,2 - Mardi,Limonade,CA,,9
20546,0,615.5,559.4,2019-04-09,4 - Soir,2 - Mardi,Livraison,CA,Deliveroo,2
20547,0,44.5,40.19,2019-04-09,4 - Soir,2 - Mardi,Livraison,CA,KM,1
20548,0,344.4,313.09,2019-04-09,4 - Soir,2 - Mardi,Livraison,CA,UberEats,2
20553,-8,0.0,0.0,2019-04-09,4 - Soir,2 - Mardi,Sur place,CA,,0
20554,0,502.2,453.77,2019-04-09,4 - Soir,2 - Mardi,Sur place,CA,,18
20560,31,0.0,0.0,2019-04-10,,3 - Mercredi,À emporter,CA,,0
20562,108,0.0,0.0,2019-04-10,,3 - Mercredi,Livraison,CA,,0
20563,140,0.0,0.0,2019-04-10,,3 - Mercredi,Sur place,CA,,0
20566,0,274.5,249.57,2019-04-10,2 - Midi,3 - Mercredi,À emporter,CA,,17
20568,0,7.6,6.91,2019-04-10,2 - Midi,3 - Mercredi,Limonade,CA,,3
20572,0,992.9,902.71,2019-04-10,2 - Midi,3 - Mercredi,Sur place,CA,,56
20575,0,17.5,15.91,2019-04-10,3 - Après-midi,3 - Mercredi,À emporter,CA,,1
20577,0,248.8,226.1,2019-04-10,3 - Après-midi,3 - Mercredi,Livraison,CA,Deliveroo,1
20578,0,202.5,184.09,2019-04-10,3 - Après-midi,3 - Mercredi,Livraison,CA,UberEats,1
20581,0,166.94,151.76,2019-04-10,4 - Soir,3 - Mercredi,À emporter,CA,,8
20585,0,3.0,2.73,2019-04-10,4 - Soir,3 - Mercredi,Limonade,CA,,1
20588,0,837.5,760.98,2019-04-10,4 - Soir,3 - Mercredi,Livraison,CA,Deliveroo,2
20589,0,466.9,424.45,2019-04-10,4 - Soir,3 - Mercredi,Livraison,CA,UberEats,1
20592,-9,0.0,0.0,2019-04-10,4 - Soir,3 - Mercredi,Sur place,CA,,0
20593,0,813.1,738.99,2019-04-10,4 - Soir,3 - Mercredi,Sur place,CA,,62
20599,27,0.0,0.0,2019-04-11,,4 - Jeudi,À emporter,CA,,0
20601,74,0.0,0.0,2019-04-11,,4 - Jeudi,Livraison,CA,,0
20602,119,0.0,0.0,2019-04-11,,4 - Jeudi,Sur place,CA,,0
20605,0,218.0,198.21,2019-04-11,2 - Midi,4 - Jeudi,À emporter,CA,,14
20608,0,12.8,11.62,2019-04-11,2 - Midi,4 - Jeudi,Limonade,CA,,4
20610,0,1229.14,1116.92,2019-04-11,2 - Midi,4 - Jeudi,Sur place,CA,,67
20614,0,19.0,17.27,2019-04-11,3 - Après-midi,4 - Jeudi,À emporter,CA,,2
20616,0,4.6,4.18,2019-04-11,3 - Après-midi,4 - Jeudi,Limonade,CA,,1
20617,0,289.0,262.73,2019-04-11,3 - Après-midi,4 - Jeudi,Livraison,CA,Deliveroo,1
20618,0,125.2,113.82,2019-04-11,3 - Après-midi,4 - Jeudi,Livraison,CA,UberEats,1
20622,0,81.6,74.1,2019-04-11,3 - Après-midi,4 - Jeudi,Sur place,CA,,5
20625,0,148.91,135.37,2019-04-11,4 - Soir,4 - Jeudi,À emporter,CA,,7
20629,0,3.5,2.92,2019-04-11,4 - Soir,4 - Jeudi,Limonade,CA,,4
20631,0,443.5,403.03,2019-04-11,4 - Soir,4 - Jeudi,Livraison,CA,Deliveroo,1
20632,0,49.0,44.16,2019-04-11,4 - Soir,4 - Jeudi,Livraison,CA,KM,2
20633,0,297.2,270.18,2019-04-11,4 - Soir,4 - Jeudi,Livraison,CA,UberEats,1
20637,-8,0.0,0.0,2019-04-11,4 - Soir,4 - Jeudi,Sur place,CA,,0
20638,0,265.5,241.11,2019-04-11,4 - Soir,4 - Jeudi,Sur place,CA,,12
20644,31,0.0,0.0,2019-04-12,,5 - Vendredi,À emporter,CA,,0
20646,171,0.0,0.0,2019-04-12,,5 - Vendredi,Livraison,CA,,0
20648,132,0.0,0.0,2019-04-12,,5 - Vendredi,Sur place,CA,,0
20650,0,257.6,234.21,2019-04-12,2 - Midi,5 - Vendredi,À emporter,CA,,17
20653,0,10.9,9.91,2019-04-12,2 - Midi,5 - Vendredi,Limonade,CA,,3
20657,0,1143.9,1039.09,2019-04-12,2 - Midi,5 - Vendredi,Sur place,CA,,67
20660,0,38.0,34.55,2019-04-12,3 - Après-midi,5 - Vendredi,À emporter,CA,,1
20662,0,3.0,2.73,2019-04-12,3 - Après-midi,5 - Vendredi,Limonade,CA,,1
20664,0,427.7,388.82,2019-04-12,3 - Après-midi,5 - Vendredi,Livraison,CA,Deliveroo,2
20665,0,327.2,297.46,2019-04-12,3 - Après-midi,5 - Vendredi,Livraison,CA,UberEats,2
20670,0,60.8,55.26,2019-04-12,3 - Après-midi,5 - Vendredi,Sur place,CA,,4
20673,0,141.2,128.37,2019-04-12,4 - Soir,5 - Vendredi,À emporter,CA,,6
20676,0,1217.1,1106.46,2019-04-12,4 - Soir,5 - Vendredi,Livraison,CA,Deliveroo,5
20677,0,67.83,61.21,2019-04-12,4 - Soir,5 - Vendredi,Livraison,CA,KM,2
20678,0,824.5,749.54,2019-04-12,4 - Soir,5 - Vendredi,Livraison,CA,UberEats,4
20686,-9,0.0,0.0,2019-04-12,4 - Soir,5 - Vendredi,Sur place,CA,,0
20687,0,511.8,465.04,2019-04-12,4 - Soir,5 - Vendredi,Sur place,CA,,30
20694,16,0.0,0.0,2019-04-13,,6 - Samedi,À emporter,CA,,0
20697,165,0.0,0.0,2019-04-13,,6 - Samedi,Livraison,CA,,0
20699,167,0.0,0.0,2019-04-13,,6 - Samedi,Sur place,CA,,0
20702,0,100.0,90.83,2019-04-13,2 - Midi,6 - Samedi,À emporter,CA,,5
20705,0,27.0,24.16,2019-04-13,2 - Midi,6 - Samedi,Limonade,CA,,5
20708,0,29.75,26.85,2019-04-13,2 - Midi,6 - Samedi,Livraison,CA,KM,1
20713,0,14.0,12.73,2019-04-13,2 - Midi,6 - Samedi,Sur place,CA,Deliveroo,1
20714,0,1271.45,1154.61,2019-04-13,2 - Midi,6 - Samedi,Sur place,CA,,53
20719,0,25.0,22.73,2019-04-13,3 - Après-midi,6 - Samedi,À emporter,CA,,1
20721,0,531.5,483.18,2019-04-13,3 - Après-midi,6 - Samedi,Livraison,CA,Deliveroo,1
20722,0,383.9,349.0,2019-04-13,3 - Après-midi,6 - Samedi,Livraison,CA,UberEats,2
20727,-1,0.0,0.0,2019-04-13,3 - Après-midi,6 - Samedi,Sur place,CA,,0
20728,0,254.4,231.19,2019-04-13,3 - Après-midi,6 - Samedi,Sur place,CA,,10
20734,0,126.0,114.54,2019-04-13,4 - Soir,6 - Samedi,À emporter,CA,,4
20736,0,10.7,9.73,2019-04-13,4 - Soir,6 - Samedi,Limonade,CA,,3
20739,0,919.49,835.91,2019-04-13,4 - Soir,6 - Samedi,Livraison,CA,Deliveroo,4
20740,0,117.5,106.24,2019-04-13,4 - Soir,6 - Samedi,Livraison,CA,KM,3
20741,0,711.2,646.55,2019-04-13,4 - Soir,6 - Samedi,Livraison,CA,UberEats,3
20747,-9,0.0,0.0,2019-04-13,4 - Soir,6 - Samedi,Sur place,CA,,0
20748,0,690.2,627.31,2019-04-13,4 - Soir,6 - Samedi,Sur place,CA,,28
20754,32,0.0,0.0,2019-04-14,,7 - Dimanche,À emporter,CA,,0
20756,203,0.0,0.0,2019-04-14,,7 - Dimanche,Livraison,CA,,0
20758,57,0.0,0.0,2019-04-14,,7 - Dimanche,Sur place,CA,,0
20761,0,200.25,181.77,2019-04-14,2 - Midi,7 - Dimanche,À emporter,CA,,9
20764,0,16.85,15.31,2019-04-14,2 - Midi,7 - Dimanche,Limonade,CA,,4
20767,0,337.1,306.46,2019-04-14,2 - Midi,7 - Dimanche,Sur place,CA,,19
20770,0,43.0,39.09,2019-04-14,3 - Après-midi,7 - Dimanche,À emporter,CA,,2
20772,0,26.9,23.66,2019-04-14,3 - Après-midi,7 - Dimanche,Limonade,CA,,4
20774,0,672.5,611.37,2019-04-14,3 - Après-midi,7 - Dimanche,Livraison,CA,Deliveroo,3
20775,0,28.5,25.72,2019-04-14,3 - Après-midi,7 - Dimanche,Livraison,CA,KM,1
20776,0,672.6,611.45,2019-04-14,3 - Après-midi,7 - Dimanche,Livraison,CA,UberEats,3
20781,0,121.0,110.0,2019-04-14,3 - Après-midi,7 - Dimanche,Sur place,CA,,4
20783,0,214.2,194.73,2019-04-14,4 - Soir,7 - Dimanche,À emporter,CA,,9
20786,0,14.1,12.55,2019-04-14,4 - Soir,7 - Dimanche,Limonade,CA,,4
20788,0,936.7,851.55,2019-04-14,4 - Soir,7 - Dimanche,Livraison,CA,Deliveroo,5
20789,0,142.07,128.38,2019-04-14,4 - Soir,7 - Dimanche,Livraison,CA,KM,4
20790,0,842.6,764.56,2019-04-14,4 - Soir,7 - Dimanche,Livraison,CA,UberEats,6
20797,-8,0.0,0.0,2019-04-14,4 - Soir,7 - Dimanche,Sur place,CA,,0
20798,0,193.0,175.38,2019-04-14,4 - Soir,7 - Dimanche,Sur place,CA,,6
20803,14,0.0,0.0,2019-04-15,,1 - Lundi,À emporter,CA,,0
20805,76,0.0,0.0,2019-04-15,,1 - Lundi,Livraison,CA,,0
20807,74,0.0,0.0,2019-04-15,,1 - Lundi,Sur place,CA,,0
20809,0,139.0,126.38,2019-04-15,2 - Midi,1 - Lundi,À emporter,CA,,9
20811,0,7.6,6.91,2019-04-15,2 - Midi,1 - Lundi,Limonade,CA,,2
20814,0,99.8,90.73,2019-04-15,2 - Midi,1 - Lundi,Livraison,CA,Deliveroo,1
20815,0,150.5,136.82,2019-04-15,2 - Midi,1 - Lundi,Livraison,CA,UberEats,1
20819,-1,0.0,0.0,2019-04-15,2 - Midi,1 - Lundi,Sur place,CA,,0
20820,0,611.85,556.26,2019-04-15,2 - Midi,1 - Lundi,Sur place,CA,,34
20827,0,14.0,12.73,2019-04-15,3 - Après-midi,1 - Lundi,À emporter,CA,,1
20829,0,171.5,155.91,2019-04-15,3 - Après-midi,1 - Lundi,Livraison,CA,Deliveroo,2
20830,0,92.5,84.09,2019-04-15,3 - Après-midi,1 - Lundi,Livraison,CA,UberEats,1
20834,0,15.6,14.18,2019-04-15,3 - Après-midi,1 - Lundi,Sur place,CA,,1
20836,0,60.5,55.0,2019-04-15,4 - Soir,1 - Lundi,À emporter,CA,,3
20838,0,3.0,2.73,2019-04-15,4 - Soir,1 - Lundi,Limonade,CA,,1
20839,0,406.5,367.57,2019-04-15,4 - Soir,1 - Lundi,Livraison,CA,Deliveroo,3
20840,0,29.05,26.22,2019-04-15,4 - Soir,1 - Lundi,Livraison,CA,KM,1
20841,0,311.4,283.09,2019-04-15,4 - Soir,1 - Lundi,Livraison,CA,UberEats,2
20847,-6,0.0,0.0,2019-04-15,4 - Soir,1 - Lundi,Sur place,CA,,0
20848,0,366.25,331.09,2019-04-15,4 - Soir,1 - Lundi,Sur place,CA,,12
20854,19,0.0,0.0,2019-04-16,,2 - Mardi,À emporter,CA,,0
20856,94,0.0,0.0,2019-04-16,,2 - Mardi,Livraison,CA,,0
20857,104,0.0,0.0,2019-04-16,,2 - Mardi,Sur place,CA,,0
20859,0,103.5,94.09,2019-04-16,2 - Midi,2 - Mardi,À emporter,CA,,6
20861,0,10.95,9.96,2019-04-16,2 - Midi,2 - Mardi,Limonade,CA,,2
20864,0,1134.65,1031.44,2019-04-16,2 - Midi,2 - Mardi,Sur place,CA,,51
20867,0,5.1,4.37,2019-04-16,3 - Après-midi,2 - Mardi,Limonade,CA,,2
20868,0,42.0,38.18,2019-04-16,3 - Après-midi,2 - Mardi,Sur place,CA,,2
20870,-8,0.0,0.0,2019-04-16,4 - Soir,2 - Mardi,À emporter,CA,,0
20871,0,61.5,55.92,2019-04-16,4 - Soir,2 - Mardi,À emporter,CA,,4
20876,0,3.5,3.18,2019-04-16,4 - Soir,2 - Mardi,Limonade,CA,,1
20878,0,860.4,782.03,2019-04-16,4 - Soir,2 - Mardi,Livraison,CA,Deliveroo,6
20879,0,735.7,668.51,2019-04-16,4 - Soir,2 - Mardi,Livraison,CA,UberEats,4
20882,0,354.1,321.81,2019-04-16,4 - Soir,2 - Mardi,Sur place,CA,,13
20885,30,0.0,0.0,2019-04-17,,3 - Mercredi,À emporter,CA,,0
20886,96,0.0,0.0,2019-04-17,,3 - Mercredi,Livraison,CA,,0
20888,91,0.0,0.0,2019-04-17,,3 - Mercredi,Sur place,CA,,0
20891,0,247.5,225.03,2019-04-17,2 - Midi,3 - Mercredi,À emporter,CA,,18
20893,0,12.2,11.09,2019-04-17,2 - Midi,3 - Mercredi,Limonade,CA,,4
20896,-1,0.0,0.0,2019-04-17,2 - Midi,3 - Mercredi,Sur place,CA,,0
20897,0,927.95,843.11,2019-04-17,2 - Midi,3 - Mercredi,Sur place,CA,,43
20903,0,17.6,15.73,2019-04-17,3 - Après-midi,3 - Mercredi,À emporter,CA,,2
20904,0,1.6,1.45,2019-04-17,3 - Après-midi,3 - Mercredi,Limonade,CA,,1
20905,0,11.0,10.0,2019-04-17,3 - Après-midi,3 - Mercredi,Sur place,CA,,1
20908,0,155.0,140.92,2019-04-17,4 - Soir,3 - Mercredi,À emporter,CA,,6
20910,0,7.6,6.9,2019-04-17,4 - Soir,3 - Mercredi,Limonade,CA,,2
20913,0,894.8,813.46,2019-04-17,4 - Soir,3 - Mercredi,Livraison,CA,Deliveroo,3
20914,0,115.47,104.19,2019-04-17,4 - Soir,3 - Mercredi,Livraison,CA,KM,4
20915,0,556.2,505.63,2019-04-17,4 - Soir,3 - Mercredi,Livraison,CA,UberEats,2
20921,-6,0.0,0.0,2019-04-17,4 - Soir,3 - Mercredi,Sur place,CA,,0
20922,0,261.95,238.12,2019-04-17,4 - Soir,3 - Mercredi,Sur place,CA,,13
20928,37,0.0,0.0,2019-04-18,,4 - Jeudi,À emporter,CA,,0
20930,122,0.0,0.0,2019-04-18,,4 - Jeudi,Livraison,CA,,0
20932,76,0.0,0.0,2019-04-18,,4 - Jeudi,Sur place,CA,,0
20934,0,217.5,197.76,2019-04-18,2 - Midi,4 - Jeudi,À emporter,CA,,14
20936,0,12.1,11.0,2019-04-18,2 - Midi,4 - Jeudi,Limonade,CA,,2
20937,0,22.03,19.83,2019-04-18,2 - Midi,4 - Jeudi,Livraison,CA,KM,1
20941,0,748.91,680.87,2019-04-18,2 - Midi,4 - Jeudi,Sur place,CA,,37
20944,0,14.0,12.73,2019-04-18,3 - Après-midi,4 - Jeudi,À emporter,CA,,1
20946,0,6.0,5.45,2019-04-18,3 - Après-midi,4 - Jeudi,Limonade,CA,,1
20948,0,183.5,166.82,2019-04-18,3 - Après-midi,4 - Jeudi,Livraison,CA,Deliveroo,1
20949,0,124.8,113.45,2019-04-18,3 - Après-midi,4 - Jeudi,Livraison,CA,UberEats,1
20953,0,71.0,64.28,2019-04-18,3 - Après-midi,4 - Jeudi,Sur place,CA,,3
20955,0,56.8,51.63,2019-04-18,4 - Soir,4 - Jeudi,À emporter,CA,KM,2
20956,0,211.0,191.83,2019-04-18,4 - Soir,4 - Jeudi,À emporter,CA,,12
20960,0,3.5,3.18,2019-04-18,4 - Soir,4 - Jeudi,Limonade,CA,,1
20962,0,802.8,729.83,2019-04-18,4 - Soir,4 - Jeudi,Livraison,CA,Deliveroo,3
20963,0,92.38,83.4,2019-04-18,4 - Soir,4 - Jeudi,Livraison,CA,KM,3
20964,0,762.4,693.09,2019-04-18,4 - Soir,4 - Jeudi,Livraison,CA,UberEats,3
20970,-8,0.0,0.0,2019-04-18,4 - Soir,4 - Jeudi,Sur place,CA,,0
20971,0,145.7,132.39,2019-04-18,4 - Soir,4 - Jeudi,Sur place,CA,,8
20979,56,0.0,0.0,2019-04-19,,5 - Vendredi,À emporter,CA,,0
20981,103,0.0,0.0,2019-04-19,,5 - Vendredi,Livraison,CA,,0
20983,109,0.0,0.0,2019-04-19,,5 - Vendredi,Sur place,CA,,0
20985,0,13.39,12.17,2019-04-19,2 - Midi,5 - Vendredi,À emporter,CA,KM,1
20986,0,425.81,387.1,2019-04-19,2 - Midi,5 - Vendredi,À emporter,CA,,26
20993,0,31.0,27.65,2019-04-19,2 - Midi,5 - Vendredi,Limonade,CA,,7
20994,0,105.9,96.27,2019-04-19,2 - Midi,5 - Vendredi,Livraison,CA,Deliveroo,1
20995,0,26.72,24.1,2019-04-19,2 - Midi,5 - Vendredi,Livraison,CA,KM,1
20996,0,167.0,151.82,2019-04-19,2 - Midi,5 - Vendredi,Livraison,CA,UberEats,1
21002,0,939.52,853.82,2019-04-19,2 - Midi,5 - Vendredi,Sur place,CA,,49
21006,0,62.2,56.54,2019-04-19,3 - Après-midi,5 - Vendredi,À emporter,CA,,3
21009,0,23.6,21.0,2019-04-19,3 - Après-midi,5 - Vendredi,Limonade,CA,,7
21012,0,61.6,55.67,2019-04-19,3 - Après-midi,5 - Vendredi,Sur place,CA,,4
21014,0,30.0,27.27,2019-04-19,4 - Soir,5 - Vendredi,À emporter,CA,KM,1
21015,0,248.0,225.47,2019-04-19,4 - Soir,5 - Vendredi,À emporter,CA,,9
21018,0,7.0,5.83,2019-04-19,4 - Soir,5 - Vendredi,Limonade,CA,,1
21019,0,829.7,754.28,2019-04-19,4 - Soir,5 - Vendredi,Livraison,CA,Deliveroo,5
21020,0,53.0,47.79,2019-04-19,4 - Soir,5 - Vendredi,Livraison,CA,KM,2
21021,0,507.2,461.09,2019-04-19,4 - Soir,5 - Vendredi,Livraison,CA,UberEats,3
21026,-7,0.0,0.0,2019-04-19,4 - Soir,5 - Vendredi,Sur place,CA,,0
21027,0,509.6,462.56,2019-04-19,4 - Soir,5 - Vendredi,Sur place,CA,,20
21033,48,0.0,0.0,2019-04-20,,6 - Samedi,À emporter,CA,,0
21035,61,0.0,0.0,2019-04-20,,6 - Samedi,Livraison,CA,,0
21037,96,0.0,0.0,2019-04-20,,6 - Samedi,Sur place,CA,,0
21039,0,196.5,178.56,2019-04-20,2 - Midi,6 - Samedi,À emporter,CA,,8
21041,0,11.9,10.82,2019-04-20,2 - Midi,6 - Samedi,Limonade,CA,,4
21044,0,648.9,588.64,2019-04-20,2 - Midi,6 - Samedi,Sur place,CA,,25
21047,0,86.6,78.73,2019-04-20,3 - Après-midi,6 - Samedi,À emporter,CA,,5
21051,0,34.0,30.9,2019-04-20,3 - Après-midi,6 - Samedi,Limonade,CA,,9
21053,0,151.5,137.73,2019-04-20,3 - Après-midi,6 - Samedi,Livraison,CA,Deliveroo,1
21054,0,240.2,218.36,2019-04-20,3 - Après-midi,6 - Samedi,Livraison,CA,UberEats,1
21058,0,261.0,237.16,2019-04-20,3 - Après-midi,6 - Samedi,Sur place,CA,,9
21061,0,203.4,184.91,2019-04-20,4 - Soir,6 - Samedi,À emporter,CA,Deliveroo,2
21062,0,192.9,175.36,2019-04-20,4 - Soir,6 - Samedi,À emporter,CA,UberEats,2
21063,0,108.5,98.64,2019-04-20,4 - Soir,6 - Samedi,À emporter,CA,,3
21065,0,17.0,14.4,2019-04-20,4 - Soir,6 - Samedi,Limonade,CA,,4
21069,0,360.4,327.56,2019-04-20,4 - Soir,6 - Samedi,Livraison,CA,Deliveroo,4
21070,0,34.5,31.17,2019-04-20,4 - Soir,6 - Samedi,Livraison,CA,KM,1
21071,0,188.3,171.18,2019-04-20,4 - Soir,6 - Samedi,Livraison,CA,UberEats,4
21075,-8,0.0,0.0,2019-04-20,4 - Soir,6 - Samedi,Sur place,CA,,0
21076,0,405.9,368.77,2019-04-20,4 - Soir,6 - Samedi,Sur place,CA,,17
21082,32,0.0,0.0,2019-04-21,,7 - Dimanche,À emporter,CA,,0
21084,107,0.0,0.0,2019-04-21,,7 - Dimanche,Livraison,CA,,0
21086,32,0.0,0.0,2019-04-21,,7 - Dimanche,Sur place,CA,,0
21088,0,131.5,119.54,2019-04-21,2 - Midi,7 - Dimanche,À emporter,CA,,4
21090,0,29.7,26.2,2019-04-21,2 - Midi,7 - Dimanche,Limonade,CA,,9
21091,0,113.5,101.59,2019-04-21,2 - Midi,7 - Dimanche,Livraison,CA,Deliveroo,1
21092,0,62.5,56.82,2019-04-21,2 - Midi,7 - Dimanche,Livraison,CA,UberEats,1
21095,0,170.7,155.19,2019-04-21,2 - Midi,7 - Dimanche,Sur place,CA,,9
21098,0,56.0,50.91,2019-04-21,3 - Après-midi,7 - Dimanche,À emporter,CA,,3
21101,0,13.6,12.36,2019-04-21,3 - Après-midi,7 - Dimanche,Limonade,CA,,3
21103,0,196.0,178.18,2019-04-21,3 - Après-midi,7 - Dimanche,Livraison,CA,Deliveroo,1
21104,0,194.9,177.18,2019-04-21,3 - Après-midi,7 - Dimanche,Livraison,CA,UberEats,1
21108,0,179.5,162.8,2019-04-21,3 - Après-midi,7 - Dimanche,Sur place,CA,,7
21110,-8,0.0,0.0,2019-04-21,4 - Soir,7 - Dimanche,À emporter,CA,,0
21111,0,157.0,141.89,2019-04-21,4 - Soir,7 - Dimanche,À emporter,CA,,8
21116,0,14.6,13.27,2019-04-21,4 - Soir,7 - Dimanche,Limonade,CA,,3
21118,0,774.6,703.8,2019-04-21,4 - Soir,7 - Dimanche,Livraison,CA,Deliveroo,5
21119,0,346.8,315.27,2019-04-21,4 - Soir,7 - Dimanche,Livraison,CA,UberEats,4
21123,0,87.2,78.51,2019-04-21,4 - Soir,7 - Dimanche,Sur place,CA,,4
21126,28,0.0,0.0,2019-04-22,,1 - Lundi,À emporter,CA,,0
21128,198,0.0,0.0,2019-04-22,,1 - Lundi,Livraison,CA,,0
21131,101,0.0,0.0,2019-04-22,,1 - Lundi,Sur place,CA,,0
21133,-1,0.0,0.0,2019-04-22,2 - Midi,1 - Lundi,À emporter,CA,,0
21134,0,42.4,38.55,2019-04-22,2 - Midi,1 - Lundi,À emporter,CA,,3
21139,0,26.6,23.38,2019-04-22,2 - Midi,1 - Lundi,Limonade,CA,,7
21142,0,891.3,809.39,2019-04-22,2 - Midi,1 - Lundi,Sur place,CA,,41
21145,0,58.5,51.25,2019-04-22,3 - Après-midi,1 - Lundi,À emporter,CA,,5
21147,0,53.7,48.27,2019-04-22,3 - Après-midi,1 - Lundi,Limonade,CA,,14
21150,0,661.3,600.88,2019-04-22,3 - Après-midi,1 - Lundi,Livraison,CA,Deliveroo,4
21151,0,475.9,432.64,2019-04-22,3 - Après-midi,1 - Lundi,Livraison,CA,UberEats,2
21156,0,126.0,114.17,2019-04-22,3 - Après-midi,1 - Lundi,Sur place,CA,,7
21159,0,100.0,90.74,2019-04-22,4 - Soir,1 - Lundi,À emporter,CA,KM,4
21160,0,195.6,177.83,2019-04-22,4 - Soir,1 - Lundi,À emporter,CA,,12
21164,0,3.0,2.73,2019-04-22,4 - Soir,1 - Lundi,Limonade,CA,,1
21165,0,1190.5,1081.96,2019-04-22,4 - Soir,1 - Lundi,Livraison,CA,Deliveroo,4
21166,0,105.73,95.54,2019-04-22,4 - Soir,1 - Lundi,Livraison,CA,KM,3
21167,0,673.0,611.82,2019-04-22,4 - Soir,1 - Lundi,Livraison,CA,UberEats,3
21174,-6,0.0,0.0,2019-04-22,4 - Soir,1 - Lundi,Sur place,CA,,0
21175,0,405.8,368.31,2019-04-22,4 - Soir,1 - Lundi,Sur place,CA,,19
21181,63,0.0,0.0,2019-04-23,,2 - Mardi,À emporter,CA,,0
21183,84,0.0,0.0,2019-04-23,,2 - Mardi,Livraison,CA,,0
21184,50,0.0,0.0,2019-04-23,,2 - Mardi,Sur place,CA,,0
21186,0,299.7,272.46,2019-04-23,2 - Midi,2 - Mardi,À emporter,CA,,13
21189,0,11.3,10.01,2019-04-23,2 - Midi,2 - Mardi,Limonade,CA,,4
21190,0,429.0,390.05,2019-04-23,2 - Midi,2 - Mardi,Sur place,CA,,25
21192,0,35.5,32.28,2019-04-23,3 - Après-midi,2 - Mardi,À emporter,CA,,2
21194,0,3.2,2.91,2019-04-23,3 - Après-midi,2 - Mardi,Limonade,CA,,1
21195,0,55.0,50.0,2019-04-23,3 - Après-midi,2 - Mardi,Livraison,CA,Deliveroo,1
21196,0,72.5,65.91,2019-04-23,3 - Après-midi,2 - Mardi,Livraison,CA,UberEats,1
21199,0,155.4,141.26,2019-04-23,3 - Après-midi,2 - Mardi,Sur place,CA,,6
21203,-7,0.0,0.0,2019-04-23,4 - Soir,2 - Mardi,À emporter,CA,,0
21204,0,70.4,64.0,2019-04-23,4 - Soir,2 - Mardi,À emporter,CA,KM,2
21205,0,351.6,319.66,2019-04-23,4 - Soir,2 - Mardi,À emporter,CA,,16
21212,0,3.5,3.18,2019-04-23,4 - Soir,2 - Mardi,Limonade,CA,,1
21213,0,678.2,616.23,2019-04-23,4 - Soir,2 - Mardi,Livraison,CA,Deliveroo,4
21214,0,29.5,26.63,2019-04-23,4 - Soir,2 - Mardi,Livraison,CA,KM,1
21215,0,487.2,442.83,2019-04-23,4 - Soir,2 - Mardi,Livraison,CA,UberEats,3
21219,0,145.0,131.67,2019-04-23,4 - Soir,2 - Mardi,Sur place,CA,,8
21221,19,0.0,0.0,2019-04-24,,3 - Mercredi,À emporter,CA,,0
21223,184,0.0,0.0,2019-04-24,,3 - Mercredi,Livraison,CA,,0
21225,71,0.0,0.0,2019-04-24,,3 - Mercredi,Sur place,CA,,0
21227,0,75.6,68.73,2019-04-24,2 - Midi,3 - Mercredi,À emporter,CA,,5
21230,0,10.6,9.63,2019-04-24,2 - Midi,3 - Mercredi,Limonade,CA,,3
21231,0,67.0,60.52,2019-04-24,2 - Midi,3 - Mercredi,Livraison,CA,KM,2
21233,0,552.4,501.97,2019-04-24,2 - Midi,3 - Mercredi,Sur place,CA,,30
21236,0,44.1,40.09,2019-04-24,3 - Après-midi,3 - Mercredi,À emporter,CA,,3
21240,0,8.3,7.27,2019-04-24,3 - Après-midi,3 - Mercredi,Limonade,CA,,3
21241,0,115.5,104.99,2019-04-24,3 - Après-midi,3 - Mercredi,Sur place,CA,,4
21243,0,161.0,146.37,2019-04-24,4 - Soir,3 - Mercredi,À emporter,CA,,7
21245,0,1.6,1.45,2019-04-24,4 - Soir,3 - Mercredi,Limonade,CA,,2
21247,0,1782.14,1619.17,2019-04-24,4 - Soir,3 - Mercredi,Livraison,CA,Deliveroo,7
21248,0,22.8,20.53,2019-04-24,4 - Soir,3 - Mercredi,Livraison,CA,KM,1
21249,0,614.4,558.55,2019-04-24,4 - Soir,3 - Mercredi,Livraison,CA,UberEats,1
21255,-9,0.0,0.0,2019-04-24,4 - Soir,3 - Mercredi,Sur place,CA,,0
21256,0,210.0,190.59,2019-04-24,4 - Soir,3 - Mercredi,Sur place,CA,,13
21262,20,0.0,0.0,2019-04-25,,4 - Jeudi,À emporter,CA,,0
21265,166,0.0,0.0,2019-04-25,,4 - Jeudi,Livraison,CA,,0
21267,97,0.0,0.0,2019-04-25,,4 - Jeudi,Sur place,CA,,0
21270,0,176.5,160.48,2019-04-25,2 - Midi,4 - Jeudi,À emporter,CA,,11
21273,0,6.7,5.83,2019-04-25,2 - Midi,4 - Jeudi,Limonade,CA,,2
21274,0,174.4,158.55,2019-04-25,2 - Midi,4 - Jeudi,Livraison,CA,Deliveroo,1
21275,0,174.5,158.64,2019-04-25,2 - Midi,4 - Jeudi,Livraison,CA,UberEats,1
21280,0,982.9,891.98,2019-04-25,2 - Midi,4 - Jeudi,Sur place,CA,,55
21283,0,28.0,25.45,2019-04-25,3 - Après-midi,4 - Jeudi,À emporter,CA,,1
21285,0,8.6,7.82,2019-04-25,3 - Après-midi,4 - Jeudi,Limonade,CA,,2
21287,0,125.12,113.75,2019-04-25,3 - Après-midi,4 - Jeudi,Livraison,CA,Deliveroo,1
21288,0,90.5,82.27,2019-04-25,3 - Après-midi,4 - Jeudi,Livraison,CA,UberEats,1
21293,0,44.0,40.01,2019-04-25,3 - Après-midi,4 - Jeudi,Sur place,CA,,3
21295,0,72.0,65.45,2019-04-25,4 - Soir,4 - Jeudi,À emporter,CA,,3
21297,0,17.15,15.58,2019-04-25,4 - Soir,4 - Jeudi,Limonade,CA,,3
21300,0,1173.84,1066.63,2019-04-25,4 - Soir,4 - Jeudi,Livraison,CA,Deliveroo,6
21301,0,106.09,95.86,2019-04-25,4 - Soir,4 - Jeudi,Livraison,CA,KM,3
21302,0,455.04,413.67,2019-04-25,4 - Soir,4 - Jeudi,Livraison,CA,UberEats,3
21310,-9,0.0,0.0,2019-04-25,4 - Soir,4 - Jeudi,Sur place,CA,,0
21311,0,262.5,238.49,2019-04-25,4 - Soir,4 - Jeudi,Sur place,CA,,8
21317,41,0.0,0.0,2019-04-26,,5 - Vendredi,À emporter,CA,,0
21320,195,0.0,0.0,2019-04-26,,5 - Vendredi,Livraison,CA,,0
21322,135,0.0,0.0,2019-04-26,,5 - Vendredi,Sur place,CA,,0
21325,0,79.1,71.91,2019-04-26,2 - Midi,5 - Vendredi,À emporter,CA,,6
21326,0,283.6,257.85,2019-04-26,2 - Midi,5 - Vendredi,À emporter,CA,,19
21331,0,3.0,2.73,2019-04-26,2 - Midi,5 - Vendredi,Limonade,CA,,1
21332,0,8.2,7.46,2019-04-26,2 - Midi,5 - Vendredi,Limonade,CA,,2
21333,0,1255.88,1141.59,2019-04-26,2 - Midi,5 - Vendredi,Sur place,CA,,34
21338,0,6.6,6.0,2019-04-26,3 - Après-midi,5 - Vendredi,Limonade,CA,,4
21340,0,14.0,12.73,2019-04-26,3 - Après-midi,5 - Vendredi,Sur place,CA,,1
21342,0,215.85,196.22,2019-04-26,4 - Soir,5 - Vendredi,À emporter,CA,,6
21347,0,109.0,99.09,2019-04-26,4 - Soir,5 - Vendredi,Livraison,CA,Deliveroo,1
21348,0,1701.59,1546.51,2019-04-26,4 - Soir,5 - Vendredi,Livraison,CA,Deliveroo,8
21349,0,124.23,112.02,2019-04-26,4 - Soir,5 - Vendredi,Livraison,CA,KM,4
21350,0,771.2,699.22,2019-04-26,4 - Soir,5 - Vendredi,Livraison,CA,UberEats,2
21351,0,423.7,385.18,2019-04-26,4 - Soir,5 - Vendredi,Livraison,CA,UberEats,3
21363,-5,0.0,0.0,2019-04-26,4 - Soir,5 - Vendredi,Sur place,CA,,0
21364,0,416.15,378.16,2019-04-26,4 - Soir,5 - Vendredi,Sur place,CA,,21
21371,34,0.0,0.0,2019-04-27,,6 - Samedi,À emporter,CA,,0
21374,172,0.0,0.0,2019-04-27,,6 - Samedi,Livraison,CA,,0
21376,110,0.0,0.0,2019-04-27,,6 - Samedi,Sur place,CA,,0
21379,0,1.6,1.45,2019-04-27,1 - Matin,6 - Samedi,Limonade,CA,,1
21380,0,292.55,265.94,2019-04-27,2 - Midi,6 - Samedi,À emporter,CA,,15
21383,0,12.3,11.18,2019-04-27,2 - Midi,6 - Samedi,Limonade,CA,,4
21384,0,738.44,671.46,2019-04-27,2 - Midi,6 - Samedi,Sur place,CA,,34
21388,0,33.0,30.0,2019-04-27,3 - Après-midi,6 - Samedi,À emporter,CA,,2
21391,0,9.4,8.54,2019-04-27,3 - Après-midi,6 - Samedi,Limonade,CA,,3
21392,0,260.6,236.9,2019-04-27,3 - Après-midi,6 - Samedi,Sur place,CA,,13
21395,0,81.0,73.64,2019-04-27,4 - Soir,6 - Samedi,À emporter,CA,,4
21397,0,10.2,9.27,2019-04-27,4 - Soir,6 - Samedi,Limonade,CA,,3
21400,0,1658.1,1507.2,2019-04-27,4 - Soir,6 - Samedi,Livraison,CA,Deliveroo,6
21401,0,58.86,53.12,2019-04-27,4 - Soir,6 - Samedi,Livraison,CA,KM,2
21402,0,1182.9,1074.0,2019-04-27,4 - Soir,6 - Samedi,Livraison,CA,UberEats,4
21411,-9,0.0,0.0,2019-04-27,4 - Soir,6 - Samedi,Sur place,CA,,0
21412,0,407.3,370.0,2019-04-27,4 - Soir,6 - Samedi,Sur place,CA,,21
21419,14,0.0,0.0,2019-04-28,,7 - Dimanche,À emporter,CA,,0
21420,235,0.0,0.0,2019-04-28,,7 - Dimanche,Livraison,CA,,0
21422,72,0.0,0.0,2019-04-28,,7 - Dimanche,Sur place,CA,,0
21426,0,53.0,48.18,2019-04-28,2 - Midi,7 - Dimanche,À emporter,CA,,3
21428,0,24.9,22.64,2019-04-28,2 - Midi,7 - Dimanche,Limonade,CA,,5
21429,0,455.5,412.48,2019-04-28,2 - Midi,7 - Dimanche,Sur place,CA,,13
21432,0,42.0,38.18,2019-04-28,3 - Après-midi,7 - Dimanche,À emporter,CA,KM,1
21433,0,54.3,49.37,2019-04-28,3 - Après-midi,7 - Dimanche,À emporter,CA,,4
21436,0,259.7,236.09,2019-04-28,3 - Après-midi,7 - Dimanche,Livraison,CA,Deliveroo,1
21437,0,574.6,522.37,2019-04-28,3 - Après-midi,7 - Dimanche,Livraison,CA,Deliveroo,3
21438,0,200.5,182.27,2019-04-28,3 - Après-midi,7 - Dimanche,Livraison,CA,UberEats,1
21443,0,148.8,135.02,2019-04-28,3 - Après-midi,7 - Dimanche,Sur place,CA,,6
21446,0,102.0,92.73,2019-04-28,4 - Soir,7 - Dimanche,À emporter,CA,,5
21448,0,6.5,5.65,2019-04-28,4 - Soir,7 - Dimanche,Limonade,CA,,1
21449,0,1289.8,1172.02,2019-04-28,4 - Soir,7 - Dimanche,Livraison,CA,Deliveroo,2
21450,0,84.37,76.12,2019-04-28,4 - Soir,7 - Dimanche,Livraison,CA,KM,3
21451,0,1389.9,1263.26,2019-04-28,4 - Soir,7 - Dimanche,Livraison,CA,UberEats,6
21459,-5,0.0,0.0,2019-04-28,4 - Soir,7 - Dimanche,Sur place,CA,,0
21460,0,354.6,322.37,2019-04-28,4 - Soir,7 - Dimanche,Sur place,CA,,16
21466,57,0.0,0.0,2019-04-29,,1 - Lundi,À emporter,CA,,0
21468,77,0.0,0.0,2019-04-29,,1 - Lundi,Livraison,CA,,0
21470,70,0.0,0.0,2019-04-29,,1 - Lundi,Sur place,CA,,0
21473,-4,0.0,0.0,2019-04-29,2 - Midi,1 - Lundi,À emporter,CA,,0
21474,0,416.48,378.68,2019-04-29,2 - Midi,1 - Lundi,À emporter,CA,,29
21481,0,3.0,2.73,2019-04-29,2 - Midi,1 - Lundi,Limonade,CA,,2
21483,0,879.2,799.46,2019-04-29,2 - Midi,1 - Lundi,Sur place,CA,,53
21486,0,28.0,25.45,2019-04-29,3 - Après-midi,1 - Lundi,À emporter,CA,,1
21488,-8,0.0,0.0,2019-04-29,4 - Soir,1 - Lundi,À emporter,CA,,0
21489,0,156.1,141.91,2019-04-29,4 - Soir,1 - Lundi,À emporter,CA,,7
21495,0,4.5,4.09,2019-04-29,4 - Soir,1 - Lundi,Limonade,CA,,1
21496,0,615.0,557.9,2019-04-29,4 - Soir,1 - Lundi,Livraison,CA,Deliveroo,2
21497,0,59.6,53.79,2019-04-29,4 - Soir,1 - Lundi,Livraison,CA,KM,2
21498,0,514.5,467.73,2019-04-29,4 - Soir,1 - Lundi,Livraison,CA,UberEats,2
21506,0,161.6,146.76,2019-04-29,4 - Soir,1 - Lundi,Sur place,CA,,8
21509,31,0.0,0.0,2019-04-30,,2 - Mardi,À emporter,CA,,0
21510,94,0.0,0.0,2019-04-30,,2 - Mardi,Livraison,CA,,0
21512,55,0.0,0.0,2019-04-30,,2 - Mardi,Sur place,CA,,0
21516,0,195.5,177.75,2019-04-30,2 - Midi,2 - Mardi,À emporter,CA,,12
21518,0,16.9,15.53,2019-04-30,2 - Midi,2 - Mardi,Limonade,CA,,4
21519,0,514.2,467.41,2019-04-30,2 - Midi,2 - Mardi,Sur place,CA,,29
21522,0,26.3,23.91,2019-04-30,3 - Après-midi,2 - Mardi,À emporter,CA,,2
21524,0,8.0,7.26,2019-04-30,3 - Après-midi,2 - Mardi,Limonade,CA,,3
21525,0,55.5,50.2,2019-04-30,3 - Après-midi,2 - Mardi,Sur place,CA,,4
21527,0,234.0,212.73,2019-04-30,4 - Soir,2 - Mardi,À emporter,CA,,12
21529,0,660.7,600.64,2019-04-30,4 - Soir,2 - Mardi,Livraison,CA,Deliveroo,4
21530,0,82.65,74.56,2019-04-30,4 - Soir,2 - Mardi,Livraison,CA,KM,3
21531,0,760.7,691.47,2019-04-30,4 - Soir,2 - Mardi,Livraison,CA,UberEats,4
21538,0,227.2,206.41,2019-04-30,4 - Soir,2 - Mardi,Sur place,CA,,12
21541,43,0.0,0.0,2019-05-01,,3 - Mercredi,À emporter,CA,,0
21544,238,0.0,0.0,2019-05-01,,3 - Mercredi,Livraison,CA,,0
21546,105,0.0,0.0,2019-05-01,,3 - Mercredi,Sur place,CA,,0
21548,0,56.0,50.91,2019-05-01,2 - Midi,3 - Mercredi,À emporter,CA,KM,1
21549,0,131.3,119.35,2019-05-01,2 - Midi,3 - Mercredi,À emporter,CA,,5
21551,0,9.5,8.37,2019-05-01,2 - Midi,3 - Mercredi,Limonade,CA,,2
21552,0,30.5,27.53,2019-05-01,2 - Midi,3 - Mercredi,Livraison,CA,KM,1
21553,0,877.75,798.29,2019-05-01,2 - Midi,3 - Mercredi,Sur place,CA,,33
21555,0,105.1,95.43,2019-05-01,3 - Après-midi,3 - Mercredi,À emporter,CA,,5
21556,0,31.4,27.91,2019-05-01,3 - Après-midi,3 - Mercredi,Limonade,CA,,8
21558,0,767.7,697.91,2019-05-01,3 - Après-midi,3 - Mercredi,Livraison,CA,Deliveroo,2
21559,0,292.9,266.26,2019-05-01,3 - Après-midi,3 - Mercredi,Sur place,CA,,10
21561,0,36.59,33.26,2019-05-01,4 - Soir,3 - Mercredi,À emporter,CA,KM,1
21562,0,309.75,281.52,2019-05-01,4 - Soir,3 - Mercredi,À emporter,CA,,17
21567,0,7.7,7.0,2019-05-01,4 - Soir,3 - Mercredi,Limonade,CA,,2
21569,0,1043.7,946.09,2019-05-01,4 - Soir,3 - Mercredi,Livraison,CA,Deliveroo,3
21570,0,26.5,23.9,2019-05-01,4 - Soir,3 - Mercredi,Livraison,CA,KM,1
21571,0,1973.5,1793.79,2019-05-01,4 - Soir,3 - Mercredi,Livraison,CA,UberEats,6
21572,0,31.93,28.83,2019-05-01,4 - Soir,3 - Mercredi,Livraison,CA,,1
21576,-6,0.0,0.0,2019-05-01,4 - Soir,3 - Mercredi,Sur place,CA,,0
21577,0,271.35,246.7,2019-05-01,4 - Soir,3 - Mercredi,Sur place,CA,,12
21582,47,0.0,0.0,2019-05-02,,4 - Jeudi,À emporter,CA,,0
21584,82,0.0,0.0,2019-05-02,,4 - Jeudi,Livraison,CA,,0
21586,85,0.0,0.0,2019-05-02,,4 - Jeudi,Sur place,CA,,0
21588,0,320.65,291.67,2019-05-02,2 - Midi,4 - Jeudi,À emporter,CA,,19
21590,0,7.8,7.09,2019-05-02,2 - Midi,4 - Jeudi,Limonade,CA,,3
21591,0,712.7,647.97,2019-05-02,2 - Midi,4 - Jeudi,Sur place,CA,,36
21593,0,45.1,41.0,2019-05-02,3 - Après-midi,4 - Jeudi,À emporter,CA,,3
21595,0,170.5,155.0,2019-05-02,3 - Après-midi,4 - Jeudi,Livraison,CA,Deliveroo,1
21596,0,178.4,162.18,2019-05-02,3 - Après-midi,4 - Jeudi,Livraison,CA,UberEats,1
21599,0,45.5,41.37,2019-05-02,3 - Après-midi,4 - Jeudi,Sur place,CA,,3
21600,-8,0.0,0.0,2019-05-02,4 - Soir,4 - Jeudi,À emporter,CA,,0
21601,0,191.15,173.77,2019-05-02,4 - Soir,4 - Jeudi,À emporter,CA,,9
21607,0,582.0,529.09,2019-05-02,4 - Soir,4 - Jeudi,Livraison,CA,Deliveroo,1
21608,0,23.0,20.72,2019-05-02,4 - Soir,4 - Jeudi,Livraison,CA,KM,1
21609,0,352.9,320.82,2019-05-02,4 - Soir,4 - Jeudi,Livraison,CA,UberEats,2
21614,-2,0.0,0.0,2019-05-02,4 - Soir,4 - Jeudi,Sur place,CA,,0
21615,0,410.25,372.67,2019-05-02,4 - Soir,4 - Jeudi,Sur place,CA,,18
21620,34,0.0,0.0,2019-05-03,,5 - Vendredi,À emporter,CA,,0
21622,153,0.0,0.0,2019-05-03,,5 - Vendredi,Livraison,CA,,0
21624,112,0.0,0.0,2019-05-03,,5 - Vendredi,Sur place,CA,,0
21626,0,35.0,31.82,2019-05-03,2 - Midi,5 - Vendredi,À emporter,CA,KM,1
21627,0,14.0,12.73,2019-05-03,2 - Midi,5 - Vendredi,À emporter,CA,,1
21628,0,232.7,211.56,2019-05-03,2 - Midi,5 - Vendredi,À emporter,CA,,15
21630,0,11.2,10.18,2019-05-03,2 - Midi,5 - Vendredi,Limonade,CA,,2
21632,0,186.0,169.11,2019-05-03,2 - Midi,5 - Vendredi,Sur place,CA,,10
21633,0,803.07,730.01,2019-05-03,2 - Midi,5 - Vendredi,Sur place,CA,,49
21636,0,369.0,335.45,2019-05-03,3 - Après-midi,5 - Vendredi,Livraison,CA,Deliveroo,2
21637,0,349.4,317.64,2019-05-03,3 - Après-midi,5 - Vendredi,Livraison,CA,UberEats,1
21638,0,70.0,63.63,2019-05-03,4 - Soir,5 - Vendredi,À emporter,CA,KM,2
21639,0,188.0,170.14,2019-05-03,4 - Soir,5 - Vendredi,À emporter,CA,,8
21640,0,9.7,8.82,2019-05-03,4 - Soir,5 - Vendredi,Limonade,CA,,2
21641,0,864.1,785.54,2019-05-03,4 - Soir,5 - Vendredi,Livraison,CA,Deliveroo,5
21642,0,60.91,54.98,2019-05-03,4 - Soir,5 - Vendredi,Livraison,CA,KM,2
21643,0,802.7,729.73,2019-05-03,4 - Soir,5 - Vendredi,Livraison,CA,UberEats,4
21647,-8,0.0,0.0,2019-05-03,4 - Soir,5 - Vendredi,Sur place,CA,,0
21648,0,462.1,419.98,2019-05-03,4 - Soir,5 - Vendredi,Sur place,CA,,25
21653,30,0.0,0.0,2019-05-04,,6 - Samedi,À emporter,CA,,0
21655,94,0.0,0.0,2019-05-04,,6 - Samedi,Livraison,CA,,0
21657,104,0.0,0.0,2019-05-04,,6 - Samedi,Sur place,CA,,0
21659,0,2.2,2.0,2019-05-04,1 - Matin,6 - Samedi,Limonade,CA,,1
21660,0,267.0,242.75,2019-05-04,2 - Midi,6 - Samedi,À emporter,CA,,12
21661,0,19.5,17.47,2019-05-04,2 - Midi,6 - Samedi,Limonade,CA,,5
21664,0,675.1,613.71,2019-05-04,2 - Midi,6 - Samedi,Sur place,CA,,27
21666,0,42.6,38.72,2019-05-04,3 - Après-midi,6 - Samedi,À emporter,CA,,2
21668,0,6.4,5.82,2019-05-04,3 - Après-midi,6 - Samedi,Limonade,CA,,2
21669,0,213.0,193.64,2019-05-04,3 - Après-midi,6 - Samedi,Sur place,CA,,8
21671,0,117.0,106.28,2019-05-04,4 - Soir,6 - Samedi,À emporter,CA,,5
21672,0,9.1,8.27,2019-05-04,4 - Soir,6 - Samedi,Limonade,CA,,4
21673,0,733.9,667.18,2019-05-04,4 - Soir,6 - Samedi,Livraison,CA,Deliveroo,5
21674,0,696.0,632.72,2019-05-04,4 - Soir,6 - Samedi,Livraison,CA,UberEats,4
21677,-7,0.0,0.0,2019-05-04,4 - Soir,6 - Samedi,Sur place,CA,,0
21678,0,496.9,451.65,2019-05-04,4 - Soir,6 - Samedi,Sur place,CA,,22
21683,36,0.0,0.0,2019-05-05,,7 - Dimanche,À emporter,CA,,0
21685,140,0.0,0.0,2019-05-05,,7 - Dimanche,Livraison,CA,,0
21687,32,0.0,0.0,2019-05-05,,7 - Dimanche,Sur place,CA,,0
21689,0,72.4,65.83,2019-05-05,2 - Midi,7 - Dimanche,Sur place,CA,,4
21690,0,45.0,40.68,2019-05-05,3 - Après-midi,7 - Dimanche,À emporter,CA,KM,1
21691,0,176.0,160.0,2019-05-05,3 - Après-midi,7 - Dimanche,À emporter,CA,,5
21692,0,6.0,5.46,2019-05-05,3 - Après-midi,7 - Dimanche,Limonade,CA,,2
21693,0,99.5,90.45,2019-05-05,3 - Après-midi,7 - Dimanche,Livraison,CA,Deliveroo,1
21694,0,272.4,247.64,2019-05-05,3 - Après-midi,7 - Dimanche,Livraison,CA,UberEats,1
21696,0,59.5,54.1,2019-05-05,3 - Après-midi,7 - Dimanche,Sur place,CA,,3
21697,0,127.9,116.27,2019-05-05,4 - Soir,7 - Dimanche,À emporter,CA,Deliveroo,1
21698,0,14.0,12.73,2019-05-05,4 - Soir,7 - Dimanche,À emporter,CA,KM,1
21699,0,172.4,156.73,2019-05-05,4 - Soir,7 - Dimanche,À emporter,CA,,7
21701,0,7.5,6.82,2019-05-05,4 - Soir,7 - Dimanche,Limonade,CA,,2
21702,0,1062.5,962.57,2019-05-05,4 - Soir,7 - Dimanche,Livraison,CA,Deliveroo,5
21703,0,65.38,59.05,2019-05-05,4 - Soir,7 - Dimanche,Livraison,CA,KM,2
21704,0,835.6,758.34,2019-05-05,4 - Soir,7 - Dimanche,Livraison,CA,UberEats,6
21707,-5,0.0,0.0,2019-05-05,4 - Soir,7 - Dimanche,Sur place,CA,,0
21708,0,232.7,211.54,2019-05-05,4 - Soir,7 - Dimanche,Sur place,CA,,9
21714,64,0.0,0.0,2019-05-06,,1 - Lundi,À emporter,CA,,0
21716,91,0.0,0.0,2019-05-06,,1 - Lundi,Livraison,CA,,0
21718,83,0.0,0.0,2019-05-06,,1 - Lundi,Sur place,CA,,0
21720,0,103.5,94.11,2019-05-06,2 - Midi,1 - Lundi,À emporter,CA,,6
21721,0,8.6,7.55,2019-05-06,2 - Midi,1 - Lundi,Limonade,CA,,3
21722,0,63.3,57.16,2019-05-06,2 - Midi,1 - Lundi,Livraison,CA,KM,2
21725,-1,0.0,0.0,2019-05-06,2 - Midi,1 - Lundi,Sur place,CA,,0
21726,0,677.73,615.9,2019-05-06,2 - Midi,1 - Lundi,Sur place,CA,,40
21732,0,55.0,50.0,2019-05-06,3 - Après-midi,1 - Lundi,À emporter,CA,,3
21733,0,5.1,4.37,2019-05-06,3 - Après-midi,1 - Lundi,Limonade,CA,,2
21735,0,140.0,127.27,2019-05-06,3 - Après-midi,1 - Lundi,Sur place,CA,,5
21737,0,305.9,278.09,2019-05-06,4 - Soir,1 - Lundi,À emporter,CA,Deliveroo,1
21738,0,303.1,275.55,2019-05-06,4 - Soir,1 - Lundi,À emporter,CA,UberEats,1
21739,0,253.02,230.03,2019-05-06,4 - Soir,1 - Lundi,À emporter,CA,,12
21743,0,210.0,190.91,2019-05-06,4 - Soir,1 - Lundi,Livraison,CA,Deliveroo,1
21744,0,617.7,561.55,2019-05-06,4 - Soir,1 - Lundi,Livraison,CA,Deliveroo,2
21745,0,203.07,183.83,2019-05-06,4 - Soir,1 - Lundi,Livraison,CA,KM,4
21746,0,467.3,424.82,2019-05-06,4 - Soir,1 - Lundi,Livraison,CA,UberEats,2
21750,-10,0.0,0.0,2019-05-06,4 - Soir,1 - Lundi,Sur place,CA,,0
21751,0,190.5,173.18,2019-05-06,4 - Soir,1 - Lundi,Sur place,CA,,8
21756,64,0.0,0.0,2019-05-07,,2 - Mardi,À emporter,CA,,0
21758,52,0.0,0.0,2019-05-07,,2 - Mardi,Livraison,CA,,0
21760,61,0.0,0.0,2019-05-07,,2 - Mardi,Sur place,CA,,0
21762,0,336.2,305.57,2019-05-07,2 - Midi,2 - Mardi,À emporter,CA,,19
21764,0,9.0,8.19,2019-05-07,2 - Midi,2 - Mardi,Limonade,CA,,3
21766,0,329.9,299.74,2019-05-07,2 - Midi,2 - Mardi,Sur place,CA,,17
21768,0,12.0,10.0,2019-05-07,3 - Après-midi,2 - Mardi,À emporter,CA,,1
21769,0,7.6,6.91,2019-05-07,3 - Après-midi,2 - Mardi,Limonade,CA,,3
21770,0,23.0,20.91,2019-05-07,3 - Après-midi,2 - Mardi,Sur place,CA,,1
21771,0,483.8,439.82,2019-05-07,4 - Soir,2 - Mardi,À emporter,CA,UberEats,1
21772,0,168.5,153.19,2019-05-07,4 - Soir,2 - Mardi,À emporter,CA,,6
21774,0,3.0,2.73,2019-05-07,4 - Soir,2 - Mardi,Limonade,CA,,1
21776,0,775.8,704.96,2019-05-07,4 - Soir,2 - Mardi,Livraison,CA,Deliveroo,1
21777,0,48.32,43.48,2019-05-07,4 - Soir,2 - Mardi,Livraison,CA,KM,2
21780,-10,0.0,0.0,2019-05-07,4 - Soir,2 - Mardi,Sur place,CA,,0
21781,0,362.5,328.68,2019-05-07,4 - Soir,2 - Mardi,Sur place,CA,,20
21786,104,0.0,0.0,2019-05-08,,3 - Mercredi,À emporter,CA,,0
21788,130,0.0,0.0,2019-05-08,,3 - Mercredi,Livraison,CA,,0
21791,60,0.0,0.0,2019-05-08,,3 - Mercredi,Sur place,CA,,0
21794,0,428.4,389.46,2019-05-08,2 - Midi,3 - Mercredi,À emporter,CA,Deliveroo,2
21795,0,295.3,268.45,2019-05-08,2 - Midi,3 - Mercredi,À emporter,CA,UberEats,1
21796,0,422.0,383.59,2019-05-08,2 - Midi,3 - Mercredi,À emporter,CA,,22
21797,0,4.6,4.18,2019-05-08,2 - Midi,3 - Mercredi,Limonade,CA,,3
21798,0,63.25,57.12,2019-05-08,2 - Midi,3 - Mercredi,Livraison,CA,KM,2
21804,0,124.0,112.73,2019-05-08,2 - Midi,3 - Mercredi,Sur place,CA,UberEats,1
21805,0,564.4,512.69,2019-05-08,2 - Midi,3 - Mercredi,Sur place,CA,,24
21808,0,218.0,195.87,2019-05-08,3 - Après-midi,3 - Mercredi,À emporter,CA,,2
21810,0,46.5,42.28,2019-05-08,3 - Après-midi,3 - Mercredi,Sur place,CA,,3
21812,0,184.65,168.04,2019-05-08,4 - Soir,3 - Mercredi,À emporter,CA,,8
21814,0,5.7,5.18,2019-05-08,4 - Soir,3 - Mercredi,Limonade,CA,,2
21816,0,1213.6,1101.76,2019-05-08,4 - Soir,3 - Mercredi,Livraison,CA,Deliveroo,5
21817,0,121.68,109.85,2019-05-08,4 - Soir,3 - Mercredi,Livraison,CA,KM,4
21818,0,651.0,591.81,2019-05-08,4 - Soir,3 - Mercredi,Livraison,CA,UberEats,3
21823,-7,0.0,0.0,2019-05-08,4 - Soir,3 - Mercredi,Sur place,CA,,0
21824,0,87.5,79.54,2019-05-08,4 - Soir,3 - Mercredi,Sur place,CA,,3
21828,62,0.0,0.0,2019-05-09,,4 - Jeudi,À emporter,CA,,0
21830,56,0.0,0.0,2019-05-09,,4 - Jeudi,Livraison,CA,,0
21831,91,0.0,0.0,2019-05-09,,4 - Jeudi,Sur place,CA,,0
21833,0,233.3,212.09,2019-05-09,2 - Midi,4 - Jeudi,À emporter,CA,,14
21835,0,4.6,4.18,2019-05-09,2 - Midi,4 - Jeudi,Limonade,CA,,2
21837,0,709.0,644.48,2019-05-09,2 - Midi,4 - Jeudi,Sur place,CA,,40
21839,0,247.5,225.0,2019-05-09,3 - Après-midi,4 - Jeudi,À emporter,CA,Deliveroo,1
21840,0,10.0,9.09,2019-05-09,3 - Après-midi,4 - Jeudi,À emporter,CA,,1
21842,0,233.0,211.82,2019-05-09,3 - Après-midi,4 - Jeudi,Sur place,CA,UberEats,1
21843,0,31.1,28.28,2019-05-09,3 - Après-midi,4 - Jeudi,Sur place,CA,,2
21844,0,200.9,182.64,2019-05-09,4 - Soir,4 - Jeudi,À emporter,CA,UberEats,1
21845,0,16.0,14.47,2019-05-09,4 - Soir,4 - Jeudi,À emporter,CA,,1
21846,0,200.3,182.23,2019-05-09,4 - Soir,4 - Jeudi,À emporter,CA,,8
21848,0,1.6,1.45,2019-05-09,4 - Soir,4 - Jeudi,Limonade,CA,,1
21849,0,430.8,391.64,2019-05-09,4 - Soir,4 - Jeudi,Livraison,CA,Deliveroo,4
21850,0,135.3,122.22,2019-05-09,4 - Soir,4 - Jeudi,Livraison,CA,KM,4
21851,0,393.4,357.63,2019-05-09,4 - Soir,4 - Jeudi,Livraison,CA,UberEats,5
21852,-5,0.0,0.0,2019-05-09,4 - Soir,4 - Jeudi,Sur place,CA,,0
21853,0,250.4,226.88,2019-05-09,4 - Soir,4 - Jeudi,Sur place,CA,,5
21858,22,0.0,0.0,2019-05-10,,5 - Vendredi,À emporter,CA,,0
21860,149,0.0,0.0,2019-05-10,,5 - Vendredi,Livraison,CA,,0
21862,108,0.0,0.0,2019-05-10,,5 - Vendredi,Sur place,CA,,0
21865,0,10.0,9.09,2019-05-10,1 - Matin,5 - Vendredi,Sur place,CA,,1
21866,0,151.3,137.54,2019-05-10,2 - Midi,5 - Vendredi,À emporter,CA,,8
21868,0,272.0,247.27,2019-05-10,2 - Midi,5 - Vendredi,Livraison,CA,Deliveroo,1
21869,0,27.5,24.81,2019-05-10,2 - Midi,5 - Vendredi,Livraison,CA,KM,1
21870,0,983.25,894.06,2019-05-10,2 - Midi,5 - Vendredi,Sur place,CA,,60
21873,0,50.6,46.0,2019-05-10,3 - Après-midi,5 - Vendredi,À emporter,CA,,3
21875,0,4.8,4.35,2019-05-10,3 - Après-midi,5 - Vendredi,Limonade,CA,,3
21876,0,253.8,230.73,2019-05-10,3 - Après-midi,5 - Vendredi,Livraison,CA,UberEats,1
21877,0,36.6,33.27,2019-05-10,3 - Après-midi,5 - Vendredi,Sur place,CA,,3
21879,0,130.0,118.1,2019-05-10,4 - Soir,5 - Vendredi,À emporter,CA,,4
21880,0,4.6,4.18,2019-05-10,4 - Soir,5 - Vendredi,Limonade,CA,,2
21881,0,918.6,835.1,2019-05-10,4 - Soir,5 - Vendredi,Livraison,CA,Deliveroo,4
21882,0,183.78,166.11,2019-05-10,4 - Soir,5 - Vendredi,Livraison,CA,KM,5
21883,0,872.6,792.97,2019-05-10,4 - Soir,5 - Vendredi,Livraison,CA,UberEats,3
21888,-12,0.0,0.0,2019-05-10,4 - Soir,5 - Vendredi,Sur place,CA,,0
21889,0,280.6,255.0,2019-05-10,4 - Soir,5 - Vendredi,Sur place,CA,,12
21894,28,0.0,0.0,2019-05-11,,6 - Samedi,À emporter,CA,,0
21896,118,0.0,0.0,2019-05-11,,6 - Samedi,Livraison,CA,,0
21898,95,0.0,0.0,2019-05-11,,6 - Samedi,Sur place,CA,,0
21900,0,26.6,24.18,2019-05-11,2 - Midi,6 - Samedi,À emporter,CA,,2
21902,0,1.6,1.45,2019-05-11,2 - Midi,6 - Samedi,Limonade,CA,,1
21903,0,9.1,8.28,2019-05-11,2 - Midi,6 - Samedi,Limonade,CA,,2
21904,0,21.56,19.41,2019-05-11,2 - Midi,6 - Samedi,Livraison,CA,KM,1
21907,0,689.25,625.66,2019-05-11,2 - Midi,6 - Samedi,Sur place,CA,,27
21909,0,31.5,28.64,2019-05-11,3 - Après-midi,6 - Samedi,À emporter,CA,,2
21911,0,1.6,1.45,2019-05-11,3 - Après-midi,6 - Samedi,Limonade,CA,,1
21912,0,302.4,274.91,2019-05-11,3 - Après-midi,6 - Samedi,Livraison,CA,UberEats,1
21913,0,133.0,120.1,2019-05-11,3 - Après-midi,6 - Samedi,Sur place,CA,,5
21914,0,92.87,84.43,2019-05-11,4 - Soir,6 - Samedi,À emporter,CA,KM,3
21915,0,240.75,218.86,2019-05-11,4 - Soir,6 - Samedi,À emporter,CA,,13
21920,0,15.2,13.81,2019-05-11,4 - Soir,6 - Samedi,Limonade,CA,,5
21922,0,896.3,814.81,2019-05-11,4 - Soir,6 - Samedi,Livraison,CA,Deliveroo,4
21923,0,29.03,26.2,2019-05-11,4 - Soir,6 - Samedi,Livraison,CA,KM,1
21924,0,681.9,619.3,2019-05-11,4 - Soir,6 - Samedi,Livraison,CA,UberEats,5
21928,-8,0.0,0.0,2019-05-11,4 - Soir,6 - Samedi,Sur place,CA,,0
21929,0,449.95,409.06,2019-05-11,4 - Soir,6 - Samedi,Sur place,CA,,21
21934,24,0.0,0.0,2019-05-12,,7 - Dimanche,À emporter,CA,,0
21936,139,0.0,0.0,2019-05-12,,7 - Dimanche,Livraison,CA,,0
21938,77,0.0,0.0,2019-05-12,,7 - Dimanche,Sur place,CA,,0
21940,0,72.1,65.55,2019-05-12,2 - Midi,7 - Dimanche,À emporter,CA,,4
21942,0,13.1,11.91,2019-05-12,2 - Midi,7 - Dimanche,Limonade,CA,,4
21944,0,440.55,400.51,2019-05-12,2 - Midi,7 - Dimanche,Sur place,CA,,17
21947,0,52.0,47.28,2019-05-12,3 - Après-midi,7 - Dimanche,À emporter,CA,,2
21948,0,12.5,11.37,2019-05-12,3 - Après-midi,7 - Dimanche,Limonade,CA,,3
21949,0,247.9,225.36,2019-05-12,3 - Après-midi,7 - Dimanche,Livraison,CA,Deliveroo,1
21950,0,395.2,359.28,2019-05-12,3 - Après-midi,7 - Dimanche,Livraison,CA,UberEats,2
21951,0,229.2,208.22,2019-05-12,3 - Après-midi,7 - Dimanche,Sur place,CA,,15
21953,0,212.0,192.73,2019-05-12,4 - Soir,7 - Dimanche,À emporter,CA,,4
21955,0,11.7,10.63,2019-05-12,4 - Soir,7 - Dimanche,Limonade,CA,,3
21957,0,981.5,889.54,2019-05-12,4 - Soir,7 - Dimanche,Livraison,CA,Deliveroo,5
21958,0,62.37,56.31,2019-05-12,4 - Soir,7 - Dimanche,Livraison,CA,KM,2
21959,0,591.39,537.63,2019-05-12,4 - Soir,7 - Dimanche,Livraison,CA,UberEats,4
21963,-7,0.0,0.0,2019-05-12,4 - Soir,7 - Dimanche,Sur place,CA,,0
21964,0,306.9,278.89,2019-05-12,4 - Soir,7 - Dimanche,Sur place,CA,,10
21969,32,0.0,0.0,2019-05-13,,1 - Lundi,À emporter,CA,,0
21971,103,0.0,0.0,2019-05-13,,1 - Lundi,Livraison,CA,,0
21973,59,0.0,0.0,2019-05-13,,1 - Lundi,Sur place,CA,,0
21976,0,151.6,137.57,2019-05-13,2 - Midi,1 - Lundi,À emporter,CA,,10
21977,0,192.5,175.0,2019-05-13,2 - Midi,1 - Lundi,Livraison,CA,Deliveroo,1
21978,0,15.5,14.09,2019-05-13,2 - Midi,1 - Lundi,Livraison,CA,UberEats,1
21979,0,575.7,523.16,2019-05-13,2 - Midi,1 - Lundi,Sur place,CA,,32
21981,0,12.6,11.45,2019-05-13,3 - Après-midi,1 - Lundi,À emporter,CA,,1
21983,0,6.1,5.55,2019-05-13,3 - Après-midi,1 - Lundi,Limonade,CA,,2
21986,0,69.6,63.27,2019-05-13,3 - Après-midi,1 - Lundi,Sur place,CA,,2
21988,-8,0.0,0.0,2019-05-13,4 - Soir,1 - Lundi,À emporter,CA,,0
21989,0,14.0,12.73,2019-05-13,4 - Soir,1 - Lundi,À emporter,CA,KM,1
21990,0,175.0,159.1,2019-05-13,4 - Soir,1 - Lundi,À emporter,CA,,10
21995,0,841.2,764.71,2019-05-13,4 - Soir,1 - Lundi,Livraison,CA,Deliveroo,6
21996,0,27.81,25.09,2019-05-13,4 - Soir,1 - Lundi,Livraison,CA,KM,1
21997,0,566.5,514.99,2019-05-13,4 - Soir,1 - Lundi,Livraison,CA,UberEats,6
22000,0,221.2,201.1,2019-05-13,4 - Soir,1 - Lundi,Sur place,CA,,13
22003,37,0.0,0.0,2019-05-14,,2 - Mardi,À emporter,CA,,0
22005,107,0.0,0.0,2019-05-14,,2 - Mardi,Livraison,CA,,0
22007,69,0.0,0.0,2019-05-14,,2 - Mardi,Sur place,CA,,0
22009,0,165.2,150.19,2019-05-14,2 - Midi,2 - Mardi,À emporter,CA,,11
22011,0,4.6,4.18,2019-05-14,2 - Midi,2 - Mardi,Limonade,CA,,2
22012,0,694.15,631.14,2019-05-14,2 - Midi,2 - Mardi,Sur place,CA,,41
22014,0,23.4,21.27,2019-05-14,3 - Après-midi,2 - Mardi,À emporter,CA,,2
22016,0,255.5,232.12,2019-05-14,3 - Après-midi,2 - Mardi,Livraison,CA,Deliveroo,2
22017,0,253.9,230.82,2019-05-14,3 - Après-midi,2 - Mardi,Livraison,CA,UberEats,1
22018,0,14.0,12.73,2019-05-14,3 - Après-midi,2 - Mardi,Sur place,CA,,1
22020,-8,0.0,0.0,2019-05-14,4 - Soir,2 - Mardi,À emporter,CA,,0
22021,0,59.74,54.31,2019-05-14,4 - Soir,2 - Mardi,À emporter,CA,KM,2
22022,0,197.0,178.34,2019-05-14,4 - Soir,2 - Mardi,À emporter,CA,,10
22030,0,12.7,11.29,2019-05-14,4 - Soir,2 - Mardi,Limonade,CA,,4
22031,0,831.7,755.26,2019-05-14,4 - Soir,2 - Mardi,Livraison,CA,Deliveroo,7
22032,0,31.73,28.65,2019-05-14,4 - Soir,2 - Mardi,Livraison,CA,KM,1
22033,0,402.8,366.18,2019-05-14,4 - Soir,2 - Mardi,Livraison,CA,UberEats,3
22037,0,315.1,286.11,2019-05-14,4 - Soir,2 - Mardi,Sur place,CA,,17
22038,31,0.0,0.0,2019-05-15,,3 - Mercredi,À emporter,CA,,0
22041,92,0.0,0.0,2019-05-15,,3 - Mercredi,Livraison,CA,,0
22043,95,0.0,0.0,2019-05-15,,3 - Mercredi,Sur place,CA,,0
22046,0,261.3,237.58,2019-05-15,2 - Midi,3 - Mercredi,À emporter,CA,,15
22048,0,6.5,5.91,2019-05-15,2 - Midi,3 - Mercredi,Limonade,CA,,1
22051,-3,0.0,0.0,2019-05-15,2 - Midi,3 - Mercredi,Sur place,CA,,0
22052,0,1086.95,987.63,2019-05-15,2 - Midi,3 - Mercredi,Sur place,CA,,57
22058,0,14.0,12.73,2019-05-15,3 - Après-midi,3 - Mercredi,À emporter,CA,,1
22061,0,6.5,5.65,2019-05-15,3 - Après-midi,3 - Mercredi,Limonade,CA,,1
22062,0,98.4,89.45,2019-05-15,3 - Après-midi,3 - Mercredi,Livraison,CA,Deliveroo,1
22063,0,231.4,210.36,2019-05-15,3 - Après-midi,3 - Mercredi,Livraison,CA,UberEats,1
22064,0,116.15,105.6,2019-05-15,3 - Après-midi,3 - Mercredi,Sur place,CA,,6
22067,-8,0.0,0.0,2019-05-15,4 - Soir,3 - Mercredi,À emporter,CA,,0
22068,0,64.6,57.96,2019-05-15,4 - Soir,3 - Mercredi,À emporter,CA,,4
22074,0,472.9,429.82,2019-05-15,4 - Soir,3 - Mercredi,Livraison,CA,Deliveroo,3
22075,0,91.34,82.45,2019-05-15,4 - Soir,3 - Mercredi,Livraison,CA,KM,3
22076,0,672.7,611.54,2019-05-15,4 - Soir,3 - Mercredi,Livraison,CA,UberEats,4
22080,0,220.0,198.05,2019-05-15,4 - Soir,3 - Mercredi,Sur place,CA,,12
22083,24,0.0,0.0,2019-05-16,,4 - Jeudi,À emporter,CA,,0
22086,97,0.0,0.0,2019-05-16,,4 - Jeudi,Livraison,CA,,0
22088,71,0.0,0.0,2019-05-16,,4 - Jeudi,Sur place,CA,,0
22091,0,163.1,148.28,2019-05-16,2 - Midi,4 - Jeudi,À emporter,CA,,12
22094,0,11.0,10.0,2019-05-16,2 - Midi,4 - Jeudi,Limonade,CA,,2
22096,0,715.75,650.44,2019-05-16,2 - Midi,4 - Jeudi,Sur place,CA,,39
22099,0,7.5,6.82,2019-05-16,3 - Après-midi,4 - Jeudi,À emporter,CA,,1
22100,0,4.6,4.18,2019-05-16,3 - Après-midi,4 - Jeudi,Limonade,CA,,1
22101,0,64.0,57.84,2019-05-16,3 - Après-midi,4 - Jeudi,Sur place,CA,,4
22103,0,171.2,155.64,2019-05-16,4 - Soir,4 - Jeudi,À emporter,CA,,7
22105,0,1098.1,996.25,2019-05-16,4 - Soir,4 - Jeudi,Livraison,CA,Deliveroo,6
22106,0,93.86,84.75,2019-05-16,4 - Soir,4 - Jeudi,Livraison,CA,KM,3
22107,0,364.0,330.91,2019-05-16,4 - Soir,4 - Jeudi,Livraison,CA,UberEats,3
22112,-8,0.0,0.0,2019-05-16,4 - Soir,4 - Jeudi,Sur place,CA,,0
22113,0,126.0,114.54,2019-05-16,4 - Soir,4 - Jeudi,Sur place,CA,,6
22117,34,0.0,0.0,2019-05-17,,5 - Vendredi,À emporter,CA,,0
22120,139,0.0,0.0,2019-05-17,,5 - Vendredi,Livraison,CA,,0
22122,138,0.0,0.0,2019-05-17,,5 - Vendredi,Sur place,CA,,0
22125,0,189.5,172.03,2019-05-17,2 - Midi,5 - Vendredi,À emporter,CA,,10
22128,0,16.0,14.54,2019-05-17,2 - Midi,5 - Vendredi,Limonade,CA,,4
22130,0,1363.8,1239.67,2019-05-17,2 - Midi,5 - Vendredi,Sur place,CA,,79
22133,0,90.0,81.82,2019-05-17,3 - Après-midi,5 - Vendredi,À emporter,CA,,4
22134,0,1.6,1.45,2019-05-17,3 - Après-midi,5 - Vendredi,Limonade,CA,,1
22135,0,169.4,154.0,2019-05-17,3 - Après-midi,5 - Vendredi,Livraison,CA,Deliveroo,1
22136,0,195.3,177.55,2019-05-17,3 - Après-midi,5 - Vendredi,Livraison,CA,UberEats,1
22137,0,42.5,38.64,2019-05-17,3 - Après-midi,5 - Vendredi,Sur place,CA,,3
22138,0,72.7,66.09,2019-05-17,3 - Après-midi,5 - Vendredi,Sur place,CA,,4
22139,0,17.5,15.91,2019-05-17,4 - Soir,5 - Vendredi,À emporter,CA,KM,1
22140,0,168.5,153.1,2019-05-17,4 - Soir,5 - Vendredi,À emporter,CA,,8
22141,0,1034.8,939.97,2019-05-17,4 - Soir,5 - Vendredi,Livraison,CA,Deliveroo,6
22142,0,160.25,144.91,2019-05-17,4 - Soir,5 - Vendredi,Livraison,CA,KM,4
22143,0,719.9,654.46,2019-05-17,4 - Soir,5 - Vendredi,Livraison,CA,UberEats,4
22147,-8,0.0,0.0,2019-05-17,4 - Soir,5 - Vendredi,Sur place,CA,,0
22148,0,402.35,365.16,2019-05-17,4 - Soir,5 - Vendredi,Sur place,CA,,20
22153,25,0.0,0.0,2019-05-18,,6 - Samedi,À emporter,CA,,0
22156,141,0.0,0.0,2019-05-18,,6 - Samedi,Livraison,CA,,0
22158,96,0.0,0.0,2019-05-18,,6 - Samedi,Sur place,CA,,0
22161,0,124.0,112.66,2019-05-18,2 - Midi,6 - Samedi,À emporter,CA,,5
22162,0,13.1,11.64,2019-05-18,2 - Midi,6 - Samedi,Limonade,CA,,3
22163,0,132.2,119.6,2019-05-18,2 - Midi,6 - Samedi,Livraison,CA,KM,3
22164,0,843.1,766.21,2019-05-18,2 - Midi,6 - Samedi,Sur place,CA,,39
22167,0,80.1,72.81,2019-05-18,3 - Après-midi,6 - Samedi,À emporter,CA,,4
22169,0,459.4,417.56,2019-05-18,3 - Après-midi,6 - Samedi,Livraison,CA,Deliveroo,2
22170,0,337.7,307.0,2019-05-18,3 - Après-midi,6 - Samedi,Livraison,CA,UberEats,2
22171,0,121.8,110.71,2019-05-18,3 - Après-midi,6 - Samedi,Sur place,CA,,8
22173,0,81.0,73.64,2019-05-18,4 - Soir,6 - Samedi,À emporter,CA,Deliveroo,1
22174,0,85.0,77.27,2019-05-18,4 - Soir,6 - Samedi,À emporter,CA,,3
22175,0,14.0,12.35,2019-05-18,4 - Soir,6 - Samedi,Limonade,CA,,3
22178,0,857.6,779.49,2019-05-18,4 - Soir,6 - Samedi,Livraison,CA,Deliveroo,5
22179,0,61.5,55.52,2019-05-18,4 - Soir,6 - Samedi,Livraison,CA,KM,2
22180,0,341.9,310.82,2019-05-18,4 - Soir,6 - Samedi,Livraison,CA,UberEats,3
22186,-7,0.0,0.0,2019-05-18,4 - Soir,6 - Samedi,Sur place,CA,,0
22187,0,212.15,192.6,2019-05-18,4 - Soir,6 - Samedi,Sur place,CA,,9
22193,29,0.0,0.0,2019-05-19,,7 - Dimanche,À emporter,CA,,0
22195,187,0.0,0.0,2019-05-19,,7 - Dimanche,Livraison,CA,,0
22197,106,0.0,0.0,2019-05-19,,7 - Dimanche,Sur place,CA,,0
22200,0,33.6,30.54,2019-05-19,2 - Midi,7 - Dimanche,À emporter,CA,,3
22203,0,13.4,12.17,2019-05-19,2 - Midi,7 - Dimanche,Limonade,CA,,4
22205,0,224.5,204.09,2019-05-19,2 - Midi,7 - Dimanche,Livraison,CA,Deliveroo,1
22206,0,417.3,379.37,2019-05-19,2 - Midi,7 - Dimanche,Livraison,CA,UberEats,2
22211,0,760.0,690.9,2019-05-19,2 - Midi,7 - Dimanche,Sur place,CA,,29
22214,0,28.0,25.45,2019-05-19,3 - Après-midi,7 - Dimanche,À emporter,CA,KM,1
22215,0,145.8,132.08,2019-05-19,3 - Après-midi,7 - Dimanche,À emporter,CA,,6
22219,0,35.8,31.79,2019-05-19,3 - Après-midi,7 - Dimanche,Limonade,CA,,10
22221,0,376.0,341.82,2019-05-19,3 - Après-midi,7 - Dimanche,Livraison,CA,Deliveroo,3
22222,0,32.46,29.32,2019-05-19,3 - Après-midi,7 - Dimanche,Livraison,CA,KM,1
22223,0,136.5,124.09,2019-05-19,3 - Après-midi,7 - Dimanche,Livraison,CA,UberEats,1
22229,0,145.1,131.83,2019-05-19,3 - Après-midi,7 - Dimanche,Sur place,CA,,8
22232,0,31.0,28.18,2019-05-19,4 - Soir,7 - Dimanche,À emporter,CA,KM,1
22233,0,215.0,195.46,2019-05-19,4 - Soir,7 - Dimanche,À emporter,CA,,12
22236,0,9.1,8.28,2019-05-19,4 - Soir,7 - Dimanche,Limonade,CA,,2
22238,0,815.6,740.54,2019-05-19,4 - Soir,7 - Dimanche,Livraison,CA,Deliveroo,5
22239,0,61.8,55.79,2019-05-19,4 - Soir,7 - Dimanche,Livraison,CA,KM,2
22240,0,1007.0,914.17,2019-05-19,4 - Soir,7 - Dimanche,Livraison,CA,UberEats,5
22245,-8,0.0,0.0,2019-05-19,4 - Soir,7 - Dimanche,Sur place,CA,,0
22246,0,422.9,383.68,2019-05-19,4 - Soir,7 - Dimanche,Sur place,CA,,19
22252,43,0.0,0.0,2019-05-20,,1 - Lundi,À emporter,CA,,0
22254,74,0.0,0.0,2019-05-20,,1 - Lundi,Livraison,CA,,0
22256,67,0.0,0.0,2019-05-20,,1 - Lundi,Sur place,CA,,0
22261,0,163.2,148.54,2019-05-20,2 - Midi,1 - Lundi,À emporter,CA,,12
22264,0,11.0,9.99,2019-05-20,2 - Midi,1 - Lundi,Limonade,CA,,4
22265,0,717.7,652.37,2019-05-20,2 - Midi,1 - Lundi,Sur place,CA,,39
22268,0,116.7,106.08,2019-05-20,3 - Après-midi,1 - Lundi,À emporter,CA,,6
22271,0,19.1,17.1,2019-05-20,3 - Après-midi,1 - Lundi,Limonade,CA,,6
22272,0,16.0,14.47,2019-05-20,3 - Après-midi,1 - Lundi,Sur place,CA,,1
22275,0,300.6,273.28,2019-05-20,4 - Soir,1 - Lundi,À emporter,CA,,13
22279,0,9.0,8.19,2019-05-20,4 - Soir,1 - Lundi,Limonade,CA,,3
22280,0,701.0,636.6,2019-05-20,4 - Soir,1 - Lundi,Livraison,CA,Deliveroo,6
22281,0,64.55,58.3,2019-05-20,4 - Soir,1 - Lundi,Livraison,CA,KM,2
22282,0,414.8,377.09,2019-05-20,4 - Soir,1 - Lundi,Livraison,CA,UberEats,4
22288,-8,0.0,0.0,2019-05-20,4 - Soir,1 - Lundi,Sur place,CA,,0
22289,0,136.5,123.95,2019-05-20,4 - Soir,1 - Lundi,Sur place,CA,,8
22294,38,0.0,0.0,2019-05-21,,2 - Mardi,À emporter,CA,,0
22296,99,0.0,0.0,2019-05-21,,2 - Mardi,Livraison,CA,,0
22298,73,0.0,0.0,2019-05-21,,2 - Mardi,Sur place,CA,,0
22300,-3,0.0,0.0,2019-05-21,2 - Midi,2 - Mardi,À emporter,CA,,0
22301,0,226.5,205.87,2019-05-21,2 - Midi,2 - Mardi,À emporter,CA,,16
22306,0,14.7,13.36,2019-05-21,2 - Midi,2 - Mardi,Limonade,CA,,5
22309,0,771.1,700.92,2019-05-21,2 - Midi,2 - Mardi,Sur place,CA,,45
22312,0,22.0,20.0,2019-05-21,3 - Après-midi,2 - Mardi,À emporter,CA,,2
22314,0,9.2,8.35,2019-05-21,3 - Après-midi,2 - Mardi,Limonade,CA,,3
22315,0,212.0,192.73,2019-05-21,3 - Après-midi,2 - Mardi,Livraison,CA,Deliveroo,1
22316,0,55.0,50.0,2019-05-21,3 - Après-midi,2 - Mardi,Livraison,CA,UberEats,1
22317,0,13.5,12.27,2019-05-21,3 - Après-midi,2 - Mardi,Sur place,CA,,1
22318,0,27.5,25.0,2019-05-21,4 - Soir,2 - Mardi,À emporter,CA,UberEats,1
22319,0,182.6,166.0,2019-05-21,4 - Soir,2 - Mardi,À emporter,CA,,10
22322,0,2.7,2.45,2019-05-21,4 - Soir,2 - Mardi,Limonade,CA,,1
22326,0,670.7,609.64,2019-05-21,4 - Soir,2 - Mardi,Livraison,CA,Deliveroo,4
22327,0,110.09,99.5,2019-05-21,4 - Soir,2 - Mardi,Livraison,CA,KM,3
22328,0,589.6,536.0,2019-05-21,4 - Soir,2 - Mardi,Livraison,CA,UberEats,2
22336,0,250.0,227.12,2019-05-21,4 - Soir,2 - Mardi,Sur place,CA,,11
22338,29,0.0,0.0,2019-05-22,,3 - Mercredi,À emporter,CA,,0
22340,90,0.0,0.0,2019-05-22,,3 - Mercredi,Livraison,CA,,0
22342,71,0.0,0.0,2019-05-22,,3 - Mercredi,Sur place,CA,,0
22344,0,224.1,203.49,2019-05-22,2 - Midi,3 - Mercredi,À emporter,CA,,15
22347,0,5.1,4.63,2019-05-22,2 - Midi,3 - Mercredi,Limonade,CA,,2
22349,0,783.65,712.35,2019-05-22,2 - Midi,3 - Mercredi,Sur place,CA,,42
22352,0,34.0,30.91,2019-05-22,3 - Après-midi,3 - Mercredi,À emporter,CA,,1
22354,0,121.8,110.73,2019-05-22,3 - Après-midi,3 - Mercredi,Livraison,CA,Deliveroo,1
22355,0,217.1,197.36,2019-05-22,3 - Après-midi,3 - Mercredi,Livraison,CA,UberEats,1
22356,0,49.0,44.55,2019-05-22,3 - Après-midi,3 - Mercredi,Sur place,CA,,3
22358,0,175.7,158.51,2019-05-22,4 - Soir,3 - Mercredi,À emporter,CA,,7
22361,0,1.6,1.45,2019-05-22,4 - Soir,3 - Mercredi,Limonade,CA,,1
22362,0,437.5,397.73,2019-05-22,4 - Soir,3 - Mercredi,Livraison,CA,Deliveroo,2
22363,0,23.0,20.72,2019-05-22,4 - Soir,3 - Mercredi,Livraison,CA,KM,1
22364,0,678.5,616.5,2019-05-22,4 - Soir,3 - Mercredi,Livraison,CA,UberEats,4
22367,-8,0.0,0.0,2019-05-22,4 - Soir,3 - Mercredi,Sur place,CA,,0
22368,0,91.6,83.27,2019-05-22,4 - Soir,3 - Mercredi,Sur place,CA,,6
22374,28,0.0,0.0,2019-05-23,,4 - Jeudi,À emporter,CA,,0
22376,90,0.0,0.0,2019-05-23,,4 - Jeudi,Livraison,CA,,0
22379,105,0.0,0.0,2019-05-23,,4 - Jeudi,Sur place,CA,,0
22381,0,1.6,1.45,2019-05-23,1 - Matin,4 - Jeudi,Limonade,CA,,1
22382,0,190.5,173.21,2019-05-23,2 - Midi,4 - Jeudi,À emporter,CA,,13
22385,0,7.8,7.09,2019-05-23,2 - Midi,4 - Jeudi,Limonade,CA,,3
22387,-1,0.0,0.0,2019-05-23,2 - Midi,4 - Jeudi,Sur place,CA,,0
22388,0,977.3,888.68,2019-05-23,2 - Midi,4 - Jeudi,Sur place,CA,,53
22395,0,15.0,13.64,2019-05-23,3 - Après-midi,4 - Jeudi,À emporter,CA,,1
22397,0,3.0,2.73,2019-05-23,3 - Après-midi,4 - Jeudi,Limonade,CA,,1
22398,0,172.2,156.55,2019-05-23,3 - Après-midi,4 - Jeudi,Livraison,CA,UberEats,1
22399,0,41.5,37.47,2019-05-23,3 - Après-midi,4 - Jeudi,Sur place,CA,,2
22401,0,205.1,186.53,2019-05-23,4 - Soir,4 - Jeudi,À emporter,CA,,9
22404,0,6.5,5.65,2019-05-23,4 - Soir,4 - Jeudi,Limonade,CA,,2
22406,0,626.4,569.45,2019-05-23,4 - Soir,4 - Jeudi,Livraison,CA,Deliveroo,4
22407,0,695.2,631.69,2019-05-23,4 - Soir,4 - Jeudi,Livraison,CA,UberEats,5
22413,-9,0.0,0.0,2019-05-23,4 - Soir,4 - Jeudi,Sur place,CA,,0
22414,0,377.2,342.45,2019-05-23,4 - Soir,4 - Jeudi,Sur place,CA,,15
22420,43,0.0,0.0,2019-05-24,,5 - Vendredi,À emporter,CA,,0
22422,114,0.0,0.0,2019-05-24,,5 - Vendredi,Livraison,CA,,0
22424,132,0.0,0.0,2019-05-24,,5 - Vendredi,Sur place,CA,,0
22428,0,376.3,342.3,2019-05-24,2 - Midi,5 - Vendredi,À emporter,CA,,21
22429,0,1.6,1.45,2019-05-24,2 - Midi,5 - Vendredi,Limonade,CA,,1
22430,0,186.9,169.91,2019-05-24,2 - Midi,5 - Vendredi,Livraison,CA,Deliveroo,1
22431,0,113.3,103.0,2019-05-24,2 - Midi,5 - Vendredi,Livraison,CA,UberEats,1
22433,0,930.65,845.8,2019-05-24,2 - Midi,5 - Vendredi,Sur place,CA,,48
22436,0,76.0,69.02,2019-05-24,3 - Après-midi,5 - Vendredi,À emporter,CA,,4
22437,0,44.1,40.09,2019-05-24,3 - Après-midi,5 - Vendredi,Sur place,CA,,3
22439,0,43.0,39.09,2019-05-24,4 - Soir,5 - Vendredi,À emporter,CA,Deliveroo,1
22440,0,54.62,49.65,2019-05-24,4 - Soir,5 - Vendredi,À emporter,CA,KM,2
22441,0,48.6,44.18,2019-05-24,4 - Soir,5 - Vendredi,À emporter,CA,,3
22445,0,12.0,10.91,2019-05-24,4 - Soir,5 - Vendredi,Limonade,CA,,3
22446,0,663.5,602.95,2019-05-24,4 - Soir,5 - Vendredi,Livraison,CA,Deliveroo,5
22447,0,270.06,244.06,2019-05-24,4 - Soir,5 - Vendredi,Livraison,CA,KM,6
22448,0,454.0,412.73,2019-05-24,4 - Soir,5 - Vendredi,Livraison,CA,UberEats,3
22452,-8,0.0,0.0,2019-05-24,4 - Soir,5 - Vendredi,Sur place,CA,,0
22453,0,805.8,731.89,2019-05-24,4 - Soir,5 - Vendredi,Sur place,CA,,35
22458,41,0.0,0.0,2019-05-25,,6 - Samedi,À emporter,CA,,0
22460,103,0.0,0.0,2019-05-25,,6 - Samedi,Livraison,CA,,0
22462,96,0.0,0.0,2019-05-25,,6 - Samedi,Sur place,CA,,0
22464,0,482.6,438.65,2019-05-25,2 - Midi,6 - Samedi,À emporter,CA,,24
22466,0,31.1,27.9,2019-05-25,2 - Midi,6 - Samedi,Limonade,CA,,8
22467,0,28.13,25.38,2019-05-25,2 - Midi,6 - Samedi,Livraison,CA,KM,1
22470,0,823.2,747.99,2019-05-25,2 - Midi,6 - Samedi,Sur place,CA,,34
22472,0,38.0,33.79,2019-05-25,3 - Après-midi,6 - Samedi,À emporter,CA,,3
22473,0,20.6,17.97,2019-05-25,3 - Après-midi,6 - Samedi,Limonade,CA,,5
22474,0,220.0,199.92,2019-05-25,3 - Après-midi,6 - Samedi,Livraison,CA,Deliveroo,1
22476,0,224.5,203.13,2019-05-25,3 - Après-midi,6 - Samedi,Sur place,CA,,15
22477,0,73.5,66.82,2019-05-25,4 - Soir,6 - Samedi,À emporter,CA,,4
22479,0,19.0,16.74,2019-05-25,4 - Soir,6 - Samedi,Limonade,CA,,4
22480,0,684.7,622.38,2019-05-25,4 - Soir,6 - Samedi,Livraison,CA,Deliveroo,5
22481,0,742.7,675.19,2019-05-25,4 - Soir,6 - Samedi,Livraison,CA,UberEats,5
22484,-8,0.0,0.0,2019-05-25,4 - Soir,6 - Samedi,Sur place,CA,,0
22485,0,305.0,275.4,2019-05-25,4 - Soir,6 - Samedi,Sur place,CA,,11
22490,28,0.0,0.0,2019-05-26,,7 - Dimanche,À emporter,CA,,0
22492,134,0.0,0.0,2019-05-26,,7 - Dimanche,Livraison,CA,,0
22493,58,0.0,0.0,2019-05-26,,7 - Dimanche,Sur place,CA,,0
22495,0,49.7,45.53,2019-05-26,2 - Midi,7 - Dimanche,À emporter,CA,,4
22496,0,34.8,31.11,2019-05-26,2 - Midi,7 - Dimanche,Limonade,CA,,7
22498,0,590.0,535.4,2019-05-26,2 - Midi,7 - Dimanche,Sur place,CA,,22
22499,0,244.0,221.83,2019-05-26,3 - Après-midi,7 - Dimanche,À emporter,CA,,13
22501,0,45.7,41.16,2019-05-26,3 - Après-midi,7 - Dimanche,Limonade,CA,,10
22502,0,398.4,362.18,2019-05-26,3 - Après-midi,7 - Dimanche,Livraison,CA,Deliveroo,3
22503,0,274.4,249.45,2019-05-26,3 - Après-midi,7 - Dimanche,Livraison,CA,UberEats,1
22504,0,102.6,92.75,2019-05-26,3 - Après-midi,7 - Dimanche,Sur place,CA,,6
22506,0,102.5,93.19,2019-05-26,4 - Soir,7 - Dimanche,À emporter,CA,,4
22507,0,4.6,4.18,2019-05-26,4 - Soir,7 - Dimanche,Limonade,CA,,2
22508,0,929.4,844.83,2019-05-26,4 - Soir,7 - Dimanche,Livraison,CA,Deliveroo,4
22509,0,30.5,27.53,2019-05-26,4 - Soir,7 - Dimanche,Livraison,CA,KM,1
22510,0,539.19,488.89,2019-05-26,4 - Soir,7 - Dimanche,Livraison,CA,UberEats,3
22512,-8,0.0,0.0,2019-05-26,4 - Soir,7 - Dimanche,Sur place,CA,,0
22513,0,90.6,81.07,2019-05-26,4 - Soir,7 - Dimanche,Sur place,CA,,6
22517,24,0.0,0.0,2019-05-27,,1 - Lundi,À emporter,CA,,0
22520,91,0.0,0.0,2019-05-27,,1 - Lundi,Livraison,CA,,0
22522,57,0.0,0.0,2019-05-27,,1 - Lundi,Sur place,CA,,0
22524,0,146.1,132.82,2019-05-27,2 - Midi,1 - Lundi,À emporter,CA,,11
22526,0,16.0,14.01,2019-05-27,2 - Midi,1 - Lundi,Limonade,CA,,3
22527,0,111.3,101.18,2019-05-27,2 - Midi,1 - Lundi,Livraison,CA,Deliveroo,1
22529,0,534.5,485.93,2019-05-27,2 - Midi,1 - Lundi,Sur place,CA,,33
22531,0,78.7,71.17,2019-05-27,3 - Après-midi,1 - Lundi,À emporter,CA,,5
22532,0,18.0,16.35,2019-05-27,3 - Après-midi,1 - Lundi,Limonade,CA,,3
22533,0,152.7,138.59,2019-05-27,3 - Après-midi,1 - Lundi,Sur place,CA,,7
22535,-7,0.0,0.0,2019-05-27,4 - Soir,1 - Lundi,À emporter,CA,,0
22536,0,36.6,32.73,2019-05-27,4 - Soir,1 - Lundi,À emporter,CA,,2
22540,0,8.2,7.07,2019-05-27,4 - Soir,1 - Lundi,Limonade,CA,,4
22543,0,587.7,533.88,2019-05-27,4 - Soir,1 - Lundi,Livraison,CA,Deliveroo,3
22544,0,30.52,27.55,2019-05-27,4 - Soir,1 - Lundi,Livraison,CA,KM,1
22545,0,762.2,692.91,2019-05-27,4 - Soir,1 - Lundi,Livraison,CA,UberEats,4
22548,0,102.7,92.99,2019-05-27,4 - Soir,1 - Lundi,Sur place,CA,,5
22550,27,0.0,0.0,2019-05-28,,2 - Mardi,À emporter,CA,,0
22552,101,0.0,0.0,2019-05-28,,2 - Mardi,Livraison,CA,,0
22553,101,0.0,0.0,2019-05-28,,2 - Mardi,Sur place,CA,,0
22555,0,127.0,115.48,2019-05-28,2 - Midi,2 - Mardi,À emporter,CA,,9
22556,0,13.9,12.63,2019-05-28,2 - Midi,2 - Mardi,Limonade,CA,,4
22557,0,1014.8,922.61,2019-05-28,2 - Midi,2 - Mardi,Sur place,CA,,54
22559,0,29.0,26.36,2019-05-28,3 - Après-midi,2 - Mardi,À emporter,CA,,1
22560,0,7.0,6.36,2019-05-28,3 - Après-midi,2 - Mardi,Limonade,CA,,1
22562,0,42.0,38.19,2019-05-28,3 - Après-midi,2 - Mardi,Sur place,CA,,3
22563,0,17.9,16.27,2019-05-28,4 - Soir,2 - Mardi,À emporter,CA,KM,1
22564,0,169.1,153.73,2019-05-28,4 - Soir,2 - Mardi,À emporter,CA,,9
22566,0,740.4,673.01,2019-05-28,4 - Soir,2 - Mardi,Livraison,CA,Deliveroo,5
22567,0,30.5,27.53,2019-05-28,4 - Soir,2 - Mardi,Livraison,CA,KM,1
22568,0,828.4,750.36,2019-05-28,4 - Soir,2 - Mardi,Livraison,CA,UberEats,2
22570,-7,0.0,0.0,2019-05-28,4 - Soir,2 - Mardi,Sur place,CA,,0
22571,0,293.5,267.03,2019-05-28,4 - Soir,2 - Mardi,Sur place,CA,,17
22575,49,0.0,0.0,2019-05-29,,3 - Mercredi,À emporter,CA,,0
22578,95,0.0,0.0,2019-05-29,,3 - Mercredi,Livraison,CA,,0
22580,101,0.0,0.0,2019-05-29,,3 - Mercredi,Sur place,CA,,0
22582,0,253.6,230.58,2019-05-29,2 - Midi,3 - Mercredi,À emporter,CA,,17
22584,0,14.0,12.35,2019-05-29,2 - Midi,3 - Mercredi,Limonade,CA,,3
22585,0,1042.05,947.29,2019-05-29,2 - Midi,3 - Mercredi,Sur place,CA,,52
22587,0,42.5,37.99,2019-05-29,3 - Après-midi,3 - Mercredi,À emporter,CA,,3
22588,0,14.5,12.43,2019-05-29,3 - Après-midi,3 - Mercredi,Limonade,CA,,3
22589,0,245.7,223.36,2019-05-29,3 - Après-midi,3 - Mercredi,Livraison,CA,UberEats,1
22591,0,106.0,96.15,2019-05-29,3 - Après-midi,3 - Mercredi,Sur place,CA,,7
22592,-8,0.0,0.0,2019-05-29,4 - Soir,3 - Mercredi,À emporter,CA,,0
22593,0,28.0,25.45,2019-05-29,4 - Soir,3 - Mercredi,À emporter,CA,KM,1
22594,0,233.5,212.28,2019-05-29,4 - Soir,3 - Mercredi,À emporter,CA,,10
22601,0,764.3,694.59,2019-05-29,4 - Soir,3 - Mercredi,Livraison,CA,Deliveroo,3
22602,0,481.2,437.46,2019-05-29,4 - Soir,3 - Mercredi,Livraison,CA,UberEats,2
22605,0,361.0,328.09,2019-05-29,4 - Soir,3 - Mercredi,Sur place,CA,,17
22607,44,0.0,0.0,2019-05-30,,4 - Jeudi,À emporter,CA,,0
22610,172,0.0,0.0,2019-05-30,,4 - Jeudi,Livraison,CA,,0
22612,84,0.0,0.0,2019-05-30,,4 - Jeudi,Sur place,CA,,0
22614,0,190.5,173.19,2019-05-30,2 - Midi,4 - Jeudi,À emporter,CA,,8
22615,0,26.2,23.81,2019-05-30,2 - Midi,4 - Jeudi,Limonade,CA,,8
22619,0,740.79,673.03,2019-05-30,2 - Midi,4 - Jeudi,Sur place,CA,,30
22622,0,49.0,44.54,2019-05-30,3 - Après-midi,4 - Jeudi,À emporter,CA,,2
22623,0,694.4,631.27,2019-05-30,3 - Après-midi,4 - Jeudi,Livraison,CA,Deliveroo,3
22624,0,341.7,309.28,2019-05-30,3 - Après-midi,4 - Jeudi,Livraison,CA,UberEats,2
22625,0,33.2,30.18,2019-05-30,3 - Après-midi,4 - Jeudi,Sur place,CA,,2
22627,-8,0.0,0.0,2019-05-30,4 - Soir,4 - Jeudi,À emporter,CA,,0
22628,0,82.9,75.37,2019-05-30,4 - Soir,4 - Jeudi,À emporter,CA,KM,2
22629,0,188.5,171.2,2019-05-30,4 - Soir,4 - Jeudi,À emporter,CA,,8
22633,0,3.0,2.73,2019-05-30,4 - Soir,4 - Jeudi,Limonade,CA,,1
22634,0,844.5,767.5,2019-05-30,4 - Soir,4 - Jeudi,Livraison,CA,Deliveroo,2
22635,0,83.58,75.4,2019-05-30,4 - Soir,4 - Jeudi,Livraison,CA,KM,3
22636,0,792.6,720.55,2019-05-30,4 - Soir,4 - Jeudi,Livraison,CA,UberEats,2
22639,0,330.9,300.65,2019-05-30,4 - Soir,4 - Jeudi,Sur place,CA,,13
22641,46,0.0,0.0,2019-05-31,,5 - Vendredi,À emporter,CA,,0
22644,113,0.0,0.0,2019-05-31,,5 - Vendredi,Livraison,CA,,0
22646,95,0.0,0.0,2019-05-31,,5 - Vendredi,Sur place,CA,,0
22648,0,249.7,227.03,2019-05-31,2 - Midi,5 - Vendredi,À emporter,CA,,17
22650,0,11.1,10.23,2019-05-31,2 - Midi,5 - Vendredi,Limonade,CA,,4
22652,0,855.7,777.71,2019-05-31,2 - Midi,5 - Vendredi,Sur place,CA,,39
22654,0,58.0,52.47,2019-05-31,3 - Après-midi,5 - Vendredi,À emporter,CA,,3
22655,0,7.6,6.91,2019-05-31,3 - Après-midi,5 - Vendredi,Limonade,CA,,3
22656,0,183.1,166.45,2019-05-31,3 - Après-midi,5 - Vendredi,Livraison,CA,UberEats,1
22657,0,107.5,97.71,2019-05-31,3 - Après-midi,5 - Vendredi,Sur place,CA,,4
22659,-8,0.0,0.0,2019-05-31,4 - Soir,5 - Vendredi,À emporter,CA,,0
22660,0,251.0,228.18,2019-05-31,4 - Soir,5 - Vendredi,À emporter,CA,,11
22666,0,6.6,5.62,2019-05-31,4 - Soir,5 - Vendredi,Limonade,CA,,2
22667,0,1141.9,1038.01,2019-05-31,4 - Soir,5 - Vendredi,Livraison,CA,Deliveroo,3
22668,0,45.0,40.72,2019-05-31,4 - Soir,5 - Vendredi,Livraison,CA,KM,1
22669,0,403.8,367.09,2019-05-31,4 - Soir,5 - Vendredi,Livraison,CA,UberEats,2
22671,0,414.55,375.28,2019-05-31,4 - Soir,5 - Vendredi,Sur place,CA,,16
22673,21,0.0,0.0,2019-06-01,,6 - Samedi,À emporter,CA,,0
22675,123,0.0,0.0,2019-06-01,,6 - Samedi,Livraison,CA,,0
22677,57,0.0,0.0,2019-06-01,,6 - Samedi,Sur place,CA,,0
22679,0,13.6,12.36,2019-06-01,2 - Midi,6 - Samedi,À emporter,CA,,1
22680,0,6.1,5.54,2019-06-01,2 - Midi,6 - Samedi,Limonade,CA,,2
22681,0,146.0,132.73,2019-06-01,2 - Midi,6 - Samedi,Livraison,CA,Deliveroo,1
22682,0,181.8,165.27,2019-06-01,2 - Midi,6 - Samedi,Livraison,CA,UberEats,1
22684,0,496.6,451.39,2019-06-01,2 - Midi,6 - Samedi,Sur place,CA,,14
22686,0,42.5,38.64,2019-06-01,3 - Après-midi,6 - Samedi,À emporter,CA,,2
22687,0,7.6,6.9,2019-06-01,3 - Après-midi,6 - Samedi,Limonade,CA,,2
22688,0,145.5,132.27,2019-06-01,3 - Après-midi,6 - Samedi,Livraison,CA,Deliveroo,1
22689,0,160.5,145.91,2019-06-01,3 - Après-midi,6 - Samedi,Livraison,CA,UberEats,1
22690,0,42.0,38.19,2019-06-01,3 - Après-midi,6 - Samedi,Sur place,CA,,3
22691,0,28.0,25.45,2019-06-01,4 - Soir,6 - Samedi,À emporter,CA,KM,1
22692,0,198.3,180.28,2019-06-01,4 - Soir,6 - Samedi,À emporter,CA,,10
22695,0,3.2,2.9,2019-06-01,4 - Soir,6 - Samedi,Limonade,CA,,2
22696,0,495.5,450.46,2019-06-01,4 - Soir,6 - Samedi,Livraison,CA,Deliveroo,3
22697,0,124.31,112.62,2019-06-01,4 - Soir,6 - Samedi,Livraison,CA,KM,2
22698,0,680.2,618.36,2019-06-01,4 - Soir,6 - Samedi,Livraison,CA,UberEats,2
22703,-4,0.0,0.0,2019-06-01,4 - Soir,6 - Samedi,Sur place,CA,,0
22704,0,204.5,185.9,2019-06-01,4 - Soir,6 - Samedi,Sur place,CA,,9
22709,28,0.0,0.0,2019-06-02,,7 - Dimanche,À emporter,CA,,0
22711,115,0.0,0.0,2019-06-02,,7 - Dimanche,Livraison,CA,,0
22713,53,0.0,0.0,2019-06-02,,7 - Dimanche,Sur place,CA,,0
22715,0,41.0,37.28,2019-06-02,2 - Midi,7 - Dimanche,À emporter,CA,,3
22716,0,128.5,116.82,2019-06-02,2 - Midi,7 - Dimanche,Livraison,CA,Deliveroo,1
22717,0,87.0,79.09,2019-06-02,2 - Midi,7 - Dimanche,Livraison,CA,UberEats,1
22718,0,317.0,288.18,2019-06-02,2 - Midi,7 - Dimanche,Sur place,CA,,12
22719,0,47.5,43.18,2019-06-02,3 - Après-midi,7 - Dimanche,À emporter,CA,,3
22720,0,36.55,31.89,2019-06-02,3 - Après-midi,7 - Dimanche,Limonade,CA,,7
22722,0,183.5,166.82,2019-06-02,3 - Après-midi,7 - Dimanche,Livraison,CA,Deliveroo,1
22723,0,197.4,179.45,2019-06-02,3 - Après-midi,7 - Dimanche,Livraison,CA,UberEats,1
22726,0,254.16,231.23,2019-06-02,3 - Après-midi,7 - Dimanche,Sur place,CA,,13
22727,-5,0.0,0.0,2019-06-02,4 - Soir,7 - Dimanche,À emporter,CA,,0
22728,0,26.4,24.0,2019-06-02,4 - Soir,7 - Dimanche,À emporter,CA,KM,1
22729,0,196.19,177.95,2019-06-02,4 - Soir,7 - Dimanche,À emporter,CA,,9
22735,0,14.1,12.55,2019-06-02,4 - Soir,7 - Dimanche,Limonade,CA,,4
22736,0,578.8,526.18,2019-06-02,4 - Soir,7 - Dimanche,Livraison,CA,Deliveroo,2
22737,0,735.29,668.45,2019-06-02,4 - Soir,7 - Dimanche,Livraison,CA,UberEats,3
22739,0,220.3,199.62,2019-06-02,4 - Soir,7 - Dimanche,Sur place,CA,,11
22741,29,0.0,0.0,2019-06-03,,1 - Lundi,À emporter,CA,,0
22744,88,0.0,0.0,2019-06-03,,1 - Lundi,Livraison,CA,,0
22746,65,0.0,0.0,2019-06-03,,1 - Lundi,Sur place,CA,,0
22748,0,104.0,94.55,2019-06-03,2 - Midi,1 - Lundi,À emporter,CA,,6
22749,0,3.2,2.91,2019-06-03,2 - Midi,1 - Lundi,Limonade,CA,,1
22750,0,269.8,245.27,2019-06-03,2 - Midi,1 - Lundi,Livraison,CA,Deliveroo,2
22751,0,39.0,35.45,2019-06-03,2 - Midi,1 - Lundi,Livraison,CA,UberEats,1
22754,0,536.8,488.21,2019-06-03,2 - Midi,1 - Lundi,Sur place,CA,,33
22757,0,45.6,40.69,2019-06-03,3 - Après-midi,1 - Lundi,À emporter,CA,,4
22759,0,7.6,6.91,2019-06-03,3 - Après-midi,1 - Lundi,Limonade,CA,,3
22760,0,77.1,70.15,2019-06-03,3 - Après-midi,1 - Lundi,Sur place,CA,,5
22762,0,222.0,201.73,2019-06-03,4 - Soir,1 - Lundi,À emporter,CA,,10
22765,0,516.9,469.83,2019-06-03,4 - Soir,1 - Lundi,Livraison,CA,Deliveroo,4
22766,0,27.49,24.8,2019-06-03,4 - Soir,1 - Lundi,Livraison,CA,KM,1
22767,0,599.1,543.35,2019-06-03,4 - Soir,1 - Lundi,Livraison,CA,UberEats,4
22771,-8,0.0,0.0,2019-06-03,4 - Soir,1 - Lundi,Sur place,CA,,0
22772,0,215.8,196.18,2019-06-03,4 - Soir,1 - Lundi,Sur place,CA,,10
22777,47,0.0,0.0,2019-06-04,,2 - Mardi,À emporter,CA,,0
22779,56,0.0,0.0,2019-06-04,,2 - Mardi,Livraison,CA,,0
22780,63,0.0,0.0,2019-06-04,,2 - Mardi,Sur place,CA,,0
22782,0,265.08,240.99,2019-06-04,2 - Midi,2 - Mardi,À emporter,CA,,16
22785,0,15.5,14.1,2019-06-04,2 - Midi,2 - Mardi,Limonade,CA,,4
22786,0,487.23,442.89,2019-06-04,2 - Midi,2 - Mardi,Sur place,CA,,27
22789,0,28.8,26.05,2019-06-04,3 - Après-midi,2 - Mardi,À emporter,CA,,1
22791,0,3.2,2.9,2019-06-04,3 - Après-midi,2 - Mardi,Limonade,CA,,2
22792,0,120.6,109.64,2019-06-04,3 - Après-midi,2 - Mardi,Livraison,CA,Deliveroo,1
22793,0,15.5,14.09,2019-06-04,3 - Après-midi,2 - Mardi,Livraison,CA,UberEats,1
22795,0,28.0,25.45,2019-06-04,3 - Après-midi,2 - Mardi,Sur place,CA,,1
22796,-6,0.0,0.0,2019-06-04,4 - Soir,2 - Mardi,À emporter,CA,,0
22797,0,251.0,228.34,2019-06-04,4 - Soir,2 - Mardi,À emporter,CA,,13
22801,0,13.3,11.45,2019-06-04,4 - Soir,2 - Mardi,Limonade,CA,,4
22802,0,577.5,524.4,2019-06-04,4 - Soir,2 - Mardi,Livraison,CA,Deliveroo,3
22803,0,188.8,171.64,2019-06-04,4 - Soir,2 - Mardi,Livraison,CA,UberEats,1
22804,0,448.6,404.5,2019-06-04,4 - Soir,2 - Mardi,Sur place,CA,,19
22806,22,0.0,0.0,2019-06-05,,3 - Mercredi,À emporter,CA,,0
22808,53,0.0,0.0,2019-06-05,,3 - Mercredi,Livraison,CA,,0
22811,62,0.0,0.0,2019-06-05,,3 - Mercredi,Sur place,CA,,0
22813,0,15.5,14.09,2019-06-05,2 - Midi,3 - Mercredi,À emporter,CA,Deliveroo,1
22814,0,108.2,98.51,2019-06-05,2 - Midi,3 - Mercredi,À emporter,CA,,7
22815,0,3.5,2.92,2019-06-05,2 - Midi,3 - Mercredi,Limonade,CA,,2
22817,0,73.0,66.36,2019-06-05,2 - Midi,3 - Mercredi,Livraison,CA,Deliveroo,2
22818,0,178.4,162.18,2019-06-05,2 - Midi,3 - Mercredi,Livraison,CA,UberEats,1
22819,0,614.6,558.14,2019-06-05,2 - Midi,3 - Mercredi,Sur place,CA,,33
22822,0,63.0,57.63,2019-06-05,3 - Après-midi,3 - Mercredi,À emporter,CA,,4
22823,0,86.3,77.09,2019-06-05,3 - Après-midi,3 - Mercredi,Livraison,CA,UberEats,1
22825,0,51.5,46.95,2019-06-05,3 - Après-midi,3 - Mercredi,Sur place,CA,,2
22826,0,149.0,135.46,2019-06-05,4 - Soir,3 - Mercredi,À emporter,CA,,6
22827,0,380.8,345.19,2019-06-05,4 - Soir,3 - Mercredi,Livraison,CA,Deliveroo,2
22828,0,24.5,22.08,2019-06-05,4 - Soir,3 - Mercredi,Livraison,CA,KM,1
22829,0,155.0,140.91,2019-06-05,4 - Soir,3 - Mercredi,Livraison,CA,UberEats,1
22834,0,276.55,251.32,2019-06-05,4 - Soir,3 - Mercredi,Sur place,CA,,14
22836,40,0.0,0.0,2019-06-06,,4 - Jeudi,À emporter,CA,,0
22838,92,0.0,0.0,2019-06-06,,4 - Jeudi,Livraison,CA,,0
22840,93,0.0,0.0,2019-06-06,,4 - Jeudi,Sur place,CA,,0
22842,0,279.5,254.13,2019-06-06,2 - Midi,4 - Jeudi,À emporter,CA,,21
22845,0,7.5,6.82,2019-06-06,2 - Midi,4 - Jeudi,Limonade,CA,,2
22846,0,119.0,108.18,2019-06-06,2 - Midi,4 - Jeudi,Livraison,CA,Deliveroo,1
22847,0,52.9,48.09,2019-06-06,2 - Midi,4 - Jeudi,Livraison,CA,UberEats,1
22849,-2,0.0,0.0,2019-06-06,2 - Midi,4 - Jeudi,Sur place,CA,,0
22850,0,765.5,694.94,2019-06-06,2 - Midi,4 - Jeudi,Sur place,CA,,45
22855,0,48.5,44.09,2019-06-06,3 - Après-midi,4 - Jeudi,À emporter,CA,,3
22856,0,11.3,10.01,2019-06-06,3 - Après-midi,4 - Jeudi,Limonade,CA,,4
22857,0,46.5,42.27,2019-06-06,3 - Après-midi,4 - Jeudi,Livraison,CA,Deliveroo,1
22858,0,109.3,99.36,2019-06-06,3 - Après-midi,4 - Jeudi,Livraison,CA,UberEats,1
22860,0,69.5,63.36,2019-06-06,3 - Après-midi,4 - Jeudi,Sur place,CA,,4
22861,-8,0.0,0.0,2019-06-06,4 - Soir,4 - Jeudi,À emporter,CA,,0
22862,0,107.0,97.28,2019-06-06,4 - Soir,4 - Jeudi,À emporter,CA,,5
22866,0,3.0,2.73,2019-06-06,4 - Soir,4 - Jeudi,Limonade,CA,,1
22867,0,462.0,419.92,2019-06-06,4 - Soir,4 - Jeudi,Livraison,CA,Deliveroo,2
22868,0,107.55,97.0,2019-06-06,4 - Soir,4 - Jeudi,Livraison,CA,KM,4
22869,0,538.0,488.78,2019-06-06,4 - Soir,4 - Jeudi,Livraison,CA,UberEats,2
22872,0,451.2,410.18,2019-06-06,4 - Soir,4 - Jeudi,Sur place,CA,,21
22874,37,0.0,0.0,2019-06-07,,5 - Vendredi,À emporter,CA,,0
22877,145,0.0,0.0,2019-06-07,,5 - Vendredi,Livraison,CA,,0
22879,95,0.0,0.0,2019-06-07,,5 - Vendredi,Sur place,CA,,0
22882,0,298.85,271.45,2019-06-07,2 - Midi,5 - Vendredi,À emporter,CA,,18
22886,0,11.6,10.54,2019-06-07,2 - Midi,5 - Vendredi,Limonade,CA,,3
22888,0,938.42,852.57,2019-06-07,2 - Midi,5 - Vendredi,Sur place,CA,,53
22892,0,1.6,1.45,2019-06-07,3 - Après-midi,5 - Vendredi,Limonade,CA,,1
22893,0,356.5,324.09,2019-06-07,3 - Après-midi,5 - Vendredi,Livraison,CA,Deliveroo,2
22894,0,312.0,283.64,2019-06-07,3 - Après-midi,5 - Vendredi,Livraison,CA,UberEats,2
22896,0,53.2,48.36,2019-06-07,3 - Après-midi,5 - Vendredi,Sur place,CA,,4
22897,0,164.5,149.73,2019-06-07,4 - Soir,5 - Vendredi,À emporter,CA,,8
22899,0,6.2,5.64,2019-06-07,4 - Soir,5 - Vendredi,Limonade,CA,,2
22900,0,823.1,746.92,2019-06-07,4 - Soir,5 - Vendredi,Livraison,CA,Deliveroo,5
22901,0,854.5,776.81,2019-06-07,4 - Soir,5 - Vendredi,Livraison,CA,UberEats,4
22904,-8,0.0,0.0,2019-06-07,4 - Soir,5 - Vendredi,Sur place,CA,,0
22905,0,256.4,231.74,2019-06-07,4 - Soir,5 - Vendredi,Sur place,CA,,11
22910,23,0.0,0.0,2019-06-08,,6 - Samedi,À emporter,CA,,0
22913,98,0.0,0.0,2019-06-08,,6 - Samedi,Livraison,CA,,0
22915,61,0.0,0.0,2019-06-08,,6 - Samedi,Sur place,CA,,0
22917,0,13.33,12.12,2019-06-08,2 - Midi,6 - Samedi,À emporter,CA,KM,1
22918,0,156.0,141.81,2019-06-08,2 - Midi,6 - Samedi,À emporter,CA,,7
22923,0,4.6,4.18,2019-06-08,2 - Midi,6 - Samedi,Limonade,CA,,2
22924,0,251.4,228.55,2019-06-08,2 - Midi,6 - Samedi,Livraison,CA,Deliveroo,1
22925,0,52.0,47.27,2019-06-08,2 - Midi,6 - Samedi,Livraison,CA,UberEats,1
22926,0,549.3,499.52,2019-06-08,2 - Midi,6 - Samedi,Sur place,CA,,23
22928,0,52.0,47.27,2019-06-08,3 - Après-midi,6 - Samedi,À emporter,CA,,2
22929,0,18.3,16.63,2019-06-08,3 - Après-midi,6 - Samedi,Limonade,CA,,5
22930,0,166.6,151.45,2019-06-08,3 - Après-midi,6 - Samedi,Livraison,CA,Deliveroo,1
22931,0,244.4,222.18,2019-06-08,3 - Après-midi,6 - Samedi,Livraison,CA,UberEats,1
22933,0,42.0,38.18,2019-06-08,3 - Après-midi,6 - Samedi,Sur place,CA,,2
22934,0,52.0,47.27,2019-06-08,4 - Soir,6 - Samedi,À emporter,CA,,3
22935,0,11.8,10.19,2019-06-08,4 - Soir,6 - Samedi,Limonade,CA,,3
22936,0,413.5,374.54,2019-06-08,4 - Soir,6 - Samedi,Livraison,CA,Deliveroo,2
22937,0,44.79,40.33,2019-06-08,4 - Soir,6 - Samedi,Livraison,CA,KM,2
22938,0,446.5,405.61,2019-06-08,4 - Soir,6 - Samedi,Livraison,CA,UberEats,2
22943,-8,0.0,0.0,2019-06-08,4 - Soir,6 - Samedi,Sur place,CA,,0
22944,0,151.1,136.94,2019-06-08,4 - Soir,6 - Samedi,Sur place,CA,,7
22949,22,0.0,0.0,2019-06-09,,7 - Dimanche,À emporter,CA,,0
22951,136,0.0,0.0,2019-06-09,,7 - Dimanche,Livraison,CA,,0
22953,79,0.0,0.0,2019-06-09,,7 - Dimanche,Sur place,CA,,0
22955,0,58.0,52.73,2019-06-09,2 - Midi,7 - Dimanche,À emporter,CA,,3
22956,0,5.1,4.63,2019-06-09,2 - Midi,7 - Dimanche,Limonade,CA,,2
22957,0,217.5,197.73,2019-06-09,2 - Midi,7 - Dimanche,Livraison,CA,Deliveroo,2
22958,0,82.5,75.0,2019-06-09,2 - Midi,7 - Dimanche,Livraison,CA,UberEats,2
22959,0,467.4,424.89,2019-06-09,2 - Midi,7 - Dimanche,Sur place,CA,,22
22961,0,45.5,41.37,2019-06-09,3 - Après-midi,7 - Dimanche,À emporter,CA,,3
22962,0,4.6,4.18,2019-06-09,3 - Après-midi,7 - Dimanche,Limonade,CA,,2
22963,0,175.1,159.11,2019-06-09,3 - Après-midi,7 - Dimanche,Sur place,CA,,4
22965,0,198.0,180.01,2019-06-09,4 - Soir,7 - Dimanche,À emporter,CA,,9
22966,0,4.6,4.18,2019-06-09,4 - Soir,7 - Dimanche,Limonade,CA,,2
22968,0,1502.8,1366.17,2019-06-09,4 - Soir,7 - Dimanche,Livraison,CA,Deliveroo,7
22969,0,356.0,323.63,2019-06-09,4 - Soir,7 - Dimanche,Livraison,CA,UberEats,3
22972,-8,0.0,0.0,2019-06-09,4 - Soir,7 - Dimanche,Sur place,CA,,0
22973,0,296.7,268.91,2019-06-09,4 - Soir,7 - Dimanche,Sur place,CA,,9
22978,36,0.0,0.0,2019-06-10,,1 - Lundi,À emporter,CA,,0
22980,137,0.0,0.0,2019-06-10,,1 - Lundi,Livraison,CA,,0
22982,99,0.0,0.0,2019-06-10,,1 - Lundi,Sur place,CA,,0
22984,0,333.15,302.88,2019-06-10,2 - Midi,1 - Lundi,À emporter,CA,,20
22987,0,9.6,8.71,2019-06-10,2 - Midi,1 - Lundi,Limonade,CA,,5
22988,0,214.8,195.27,2019-06-10,2 - Midi,1 - Lundi,Livraison,CA,Deliveroo,1
22989,0,29.55,26.67,2019-06-10,2 - Midi,1 - Lundi,Livraison,CA,KM,1
22990,0,361.2,328.36,2019-06-10,2 - Midi,1 - Lundi,Livraison,CA,UberEats,1
22993,0,863.73,785.13,2019-06-10,2 - Midi,1 - Lundi,Sur place,CA,,40
22995,0,89.7,81.55,2019-06-10,3 - Après-midi,1 - Lundi,À emporter,CA,,6
22997,0,50.0,44.92,2019-06-10,3 - Après-midi,1 - Lundi,Limonade,CA,,13
22998,0,220.1,200.09,2019-06-10,3 - Après-midi,1 - Lundi,Sur place,CA,,9
23000,0,97.0,88.19,2019-06-10,4 - Soir,1 - Lundi,À emporter,CA,,6
23001,0,11.2,9.81,2019-06-10,4 - Soir,1 - Lundi,Limonade,CA,,3
23006,0,700.4,636.66,2019-06-10,4 - Soir,1 - Lundi,Livraison,CA,Deliveroo,4
23007,0,929.2,844.73,2019-06-10,4 - Soir,1 - Lundi,Livraison,CA,UberEats,5
23008,-7,0.0,0.0,2019-06-10,4 - Soir,1 - Lundi,Sur place,CA,,0
23009,0,233.0,211.95,2019-06-10,4 - Soir,1 - Lundi,Sur place,CA,,8
23014,22,0.0,0.0,2019-06-11,,2 - Mardi,À emporter,CA,,0
23017,46,0.0,0.0,2019-06-11,,2 - Mardi,Livraison,CA,,0
23019,105,0.0,0.0,2019-06-11,,2 - Mardi,Sur place,CA,,0
23021,0,133.5,121.38,2019-06-11,2 - Midi,2 - Mardi,À emporter,CA,,8
23022,0,6.4,5.81,2019-06-11,2 - Midi,2 - Mardi,Limonade,CA,,3
23025,0,52.0,47.27,2019-06-11,2 - Midi,2 - Mardi,Livraison,CA,Deliveroo,1
23026,0,142.5,129.55,2019-06-11,2 - Midi,2 - Mardi,Livraison,CA,UberEats,1
23027,0,174.7,158.82,2019-06-11,2 - Midi,2 - Mardi,Sur place,CA,UberEats,1
23028,0,968.22,880.31,2019-06-11,2 - Midi,2 - Mardi,Sur place,CA,,56
23031,0,14.0,12.73,2019-06-11,3 - Après-midi,2 - Mardi,À emporter,CA,,1
23032,0,15.6,13.12,2019-06-11,3 - Après-midi,2 - Mardi,Limonade,CA,,3
23033,0,121.6,110.47,2019-06-11,3 - Après-midi,2 - Mardi,Sur place,CA,,6
23034,0,157.0,142.74,2019-06-11,4 - Soir,2 - Mardi,À emporter,CA,,6
23035,0,9.15,8.31,2019-06-11,4 - Soir,2 - Mardi,Limonade,CA,,2
23037,0,221.8,201.63,2019-06-11,4 - Soir,2 - Mardi,Livraison,CA,Deliveroo,2
23038,0,27.91,25.11,2019-06-11,4 - Soir,2 - Mardi,Livraison,CA,KM,1
23039,0,295.7,267.45,2019-06-11,4 - Soir,2 - Mardi,Livraison,CA,UberEats,3
23042,0,289.23,262.91,2019-06-11,4 - Soir,2 - Mardi,Sur place,CA,,17
23044,36,0.0,0.0,2019-06-12,,3 - Mercredi,À emporter,CA,,0
23047,66,0.0,0.0,2019-06-12,,3 - Mercredi,Livraison,CA,,0
23049,116,0.0,0.0,2019-06-12,,3 - Mercredi,Sur place,CA,,0
23051,0,260.25,236.74,2019-06-12,2 - Midi,3 - Mercredi,À emporter,CA,,15
23055,0,17.5,15.9,2019-06-12,2 - Midi,3 - Mercredi,Limonade,CA,,5
23056,0,157.5,143.18,2019-06-12,2 - Midi,3 - Mercredi,Livraison,CA,Deliveroo,1
23057,0,74.0,67.27,2019-06-12,2 - Midi,3 - Mercredi,Livraison,CA,UberEats,1
23058,0,1033.62,939.34,2019-06-12,2 - Midi,3 - Mercredi,Sur place,CA,,51
23061,0,97.15,87.23,2019-06-12,3 - Après-midi,3 - Mercredi,À emporter,CA,,5
23064,0,71.0,64.47,2019-06-12,3 - Après-midi,3 - Mercredi,Livraison,CA,Deliveroo,1
23065,0,92.5,84.09,2019-06-12,3 - Après-midi,3 - Mercredi,Livraison,CA,UberEats,1
23066,0,28.0,25.45,2019-06-12,3 - Après-midi,3 - Mercredi,Sur place,CA,UberEats,1
23067,0,73.0,66.36,2019-06-12,3 - Après-midi,3 - Mercredi,Sur place,CA,,6
23069,0,25.18,22.89,2019-06-12,4 - Soir,3 - Mercredi,À emporter,CA,KM,1
23070,0,149.15,135.6,2019-06-12,4 - Soir,3 - Mercredi,À emporter,CA,,8
23076,0,405.9,368.93,2019-06-12,4 - Soir,3 - Mercredi,Livraison,CA,Deliveroo,6
23077,0,19.52,17.55,2019-06-12,4 - Soir,3 - Mercredi,Livraison,CA,KM,1
23078,0,295.8,267.54,2019-06-12,4 - Soir,3 - Mercredi,Livraison,CA,UberEats,3
23081,-12,0.0,0.0,2019-06-12,4 - Soir,3 - Mercredi,Sur place,CA,,0
23082,0,290.4,263.76,2019-06-12,4 - Soir,3 - Mercredi,Sur place,CA,,11
23087,36,0.0,0.0,2019-06-13,,4 - Jeudi,À emporter,CA,,0
23089,77,0.0,0.0,2019-06-13,,4 - Jeudi,Livraison,CA,,0
23091,78,0.0,0.0,2019-06-13,,4 - Jeudi,Sur place,CA,,0
23093,0,224.55,204.15,2019-06-13,2 - Midi,4 - Jeudi,À emporter,CA,,14
23095,0,3.0,2.73,2019-06-13,2 - Midi,4 - Jeudi,Limonade,CA,,1
23096,0,50.0,45.45,2019-06-13,2 - Midi,4 - Jeudi,Livraison,CA,Deliveroo,1
23097,0,48.0,43.64,2019-06-13,2 - Midi,4 - Jeudi,Livraison,CA,UberEats,1
23101,0,612.9,557.21,2019-06-13,2 - Midi,4 - Jeudi,Sur place,CA,,36
23103,0,14.0,12.73,2019-06-13,3 - Après-midi,4 - Jeudi,À emporter,CA,,1
23104,0,9.95,9.05,2019-06-13,3 - Après-midi,4 - Jeudi,Limonade,CA,,2
23106,0,35.0,31.82,2019-06-13,3 - Après-midi,4 - Jeudi,Sur place,CA,,1
23107,-8,0.0,0.0,2019-06-13,4 - Soir,4 - Jeudi,À emporter,CA,,0
23108,0,137.2,124.72,2019-06-13,4 - Soir,4 - Jeudi,À emporter,CA,,7
23114,0,3.0,2.73,2019-06-13,4 - Soir,4 - Jeudi,Limonade,CA,,1
23115,0,668.8,607.69,2019-06-13,4 - Soir,4 - Jeudi,Livraison,CA,Deliveroo,6
23116,0,491.2,446.54,2019-06-13,4 - Soir,4 - Jeudi,Livraison,CA,UberEats,2
23117,0,484.4,440.34,2019-06-13,4 - Soir,4 - Jeudi,Sur place,CA,,24
23119,38,0.0,0.0,2019-06-14,,5 - Vendredi,À emporter,CA,,0
23121,138,0.0,0.0,2019-06-14,,5 - Vendredi,Livraison,CA,,0
23123,91,0.0,0.0,2019-06-14,,5 - Vendredi,Sur place,CA,,0
23126,0,35.0,31.67,2019-06-14,2 - Midi,5 - Vendredi,À emporter,CA,KM,1
23127,0,378.44,344.07,2019-06-14,2 - Midi,5 - Vendredi,À emporter,CA,,22
23130,0,13.0,11.81,2019-06-14,2 - Midi,5 - Vendredi,Limonade,CA,,2
23131,0,235.5,214.09,2019-06-14,2 - Midi,5 - Vendredi,Livraison,CA,Deliveroo,1
23132,0,226.1,205.55,2019-06-14,2 - Midi,5 - Vendredi,Livraison,CA,UberEats,1
23134,-2,0.0,0.0,2019-06-14,2 - Midi,5 - Vendredi,Sur place,CA,,0
23135,0,997.41,906.36,2019-06-14,2 - Midi,5 - Vendredi,Sur place,CA,,55
23142,0,35.9,32.64,2019-06-14,3 - Après-midi,5 - Vendredi,À emporter,CA,,3
23145,0,13.0,11.3,2019-06-14,3 - Après-midi,5 - Vendredi,Limonade,CA,,2
23146,0,118.4,107.64,2019-06-14,3 - Après-midi,5 - Vendredi,Livraison,CA,Deliveroo,1
23147,0,65.5,59.55,2019-06-14,3 - Après-midi,5 - Vendredi,Livraison,CA,UberEats,1
23148,0,78.0,70.91,2019-06-14,3 - Après-midi,5 - Vendredi,Sur place,CA,,2
23149,0,66.0,60.0,2019-06-14,4 - Soir,5 - Vendredi,À emporter,CA,,2
23150,0,7.0,6.1,2019-06-14,4 - Soir,5 - Vendredi,Limonade,CA,,1
23152,0,718.5,653.03,2019-06-14,4 - Soir,5 - Vendredi,Livraison,CA,Deliveroo,4
23153,0,103.54,93.55,2019-06-14,4 - Soir,5 - Vendredi,Livraison,CA,KM,3
23154,0,738.1,670.7,2019-06-14,4 - Soir,5 - Vendredi,Livraison,CA,UberEats,5
23158,-9,0.0,0.0,2019-06-14,4 - Soir,5 - Vendredi,Sur place,CA,,0
23159,0,244.13,221.4,2019-06-14,4 - Soir,5 - Vendredi,Sur place,CA,,11
23164,18,0.0,0.0,2019-06-15,,6 - Samedi,À emporter,CA,,0
23166,135,0.0,0.0,2019-06-15,,6 - Samedi,Livraison,CA,,0
23168,78,0.0,0.0,2019-06-15,,6 - Samedi,Sur place,CA,,0
23170,0,138.5,125.91,2019-06-15,2 - Midi,6 - Samedi,À emporter,CA,,5
23171,0,7.2,6.55,2019-06-15,2 - Midi,6 - Samedi,Limonade,CA,,1
23173,0,513.6,466.65,2019-06-15,2 - Midi,6 - Samedi,Sur place,CA,,24
23175,0,29.5,26.56,2019-06-15,3 - Après-midi,6 - Samedi,Limonade,CA,,6
23176,0,77.0,70.0,2019-06-15,3 - Après-midi,6 - Samedi,Sur place,CA,,4
23178,0,114.0,102.08,2019-06-15,4 - Soir,6 - Samedi,À emporter,CA,,5
23179,0,14.7,12.99,2019-06-15,4 - Soir,6 - Samedi,Limonade,CA,,4
23181,0,1142.8,1038.6,2019-06-15,4 - Soir,6 - Samedi,Livraison,CA,Deliveroo,6
23182,0,973.1,884.64,2019-06-15,4 - Soir,6 - Samedi,Livraison,CA,UberEats,6
23186,-7,0.0,0.0,2019-06-15,4 - Soir,6 - Samedi,Sur place,CA,,0
23187,0,521.86,474.44,2019-06-15,4 - Soir,6 - Samedi,Sur place,CA,,23
23192,22,0.0,0.0,2019-06-16,,7 - Dimanche,À emporter,CA,,0
23194,137,0.0,0.0,2019-06-16,,7 - Dimanche,Livraison,CA,,0
23196,64,0.0,0.0,2019-06-16,,7 - Dimanche,Sur place,CA,,0
23198,0,115.5,105.01,2019-06-16,2 - Midi,7 - Dimanche,À emporter,CA,,7
23200,0,23.1,20.46,2019-06-16,2 - Midi,7 - Dimanche,Limonade,CA,,7
23202,0,400.9,363.4,2019-06-16,2 - Midi,7 - Dimanche,Sur place,CA,,20
23204,0,54.65,50.0,2019-06-16,3 - Après-midi,7 - Dimanche,À emporter,CA,,4
23205,0,15.5,13.3,2019-06-16,3 - Après-midi,7 - Dimanche,Limonade,CA,,3
23207,0,344.0,312.73,2019-06-16,3 - Après-midi,7 - Dimanche,Livraison,CA,Deliveroo,2
23208,0,221.7,201.55,2019-06-16,3 - Après-midi,7 - Dimanche,Livraison,CA,UberEats,1
23209,0,98.6,89.44,2019-06-16,3 - Après-midi,7 - Dimanche,Sur place,CA,,6
23211,0,14.25,12.88,2019-06-16,4 - Soir,7 - Dimanche,À emporter,CA,KM,1
23212,0,127.1,115.46,2019-06-16,4 - Soir,7 - Dimanche,À emporter,CA,,7
23216,0,10.0,8.34,2019-06-16,4 - Soir,7 - Dimanche,Limonade,CA,,2
23217,0,827.5,752.27,2019-06-16,4 - Soir,7 - Dimanche,Livraison,CA,Deliveroo,5
23218,0,27.0,24.35,2019-06-16,4 - Soir,7 - Dimanche,Livraison,CA,KM,1
23219,0,767.8,698.0,2019-06-16,4 - Soir,7 - Dimanche,Livraison,CA,UberEats,5
23222,-7,0.0,0.0,2019-06-16,4 - Soir,7 - Dimanche,Sur place,CA,,0
23223,0,325.8,296.12,2019-06-16,4 - Soir,7 - Dimanche,Sur place,CA,,15
23228,37,0.0,0.0,2019-06-17,,1 - Lundi,À emporter,CA,,0
23230,55,0.0,0.0,2019-06-17,,1 - Lundi,Livraison,CA,,0
23232,92,0.0,0.0,2019-06-17,,1 - Lundi,Sur place,CA,,0
23234,-1,0.0,0.0,2019-06-17,2 - Midi,1 - Lundi,À emporter,CA,,0
23235,0,168.0,152.74,2019-06-17,2 - Midi,1 - Lundi,À emporter,CA,,10
23239,0,3.0,2.73,2019-06-17,2 - Midi,1 - Lundi,Limonade,CA,,1
23240,0,21.28,19.15,2019-06-17,2 - Midi,1 - Lundi,Livraison,CA,KM,1
23244,0,752.8,683.9,2019-06-17,2 - Midi,1 - Lundi,Sur place,CA,,39
23246,0,14.0,12.73,2019-06-17,3 - Après-midi,1 - Lundi,À emporter,CA,,1
23247,0,7.6,6.91,2019-06-17,3 - Après-midi,1 - Lundi,Limonade,CA,,2
23248,0,38.0,34.55,2019-06-17,3 - Après-midi,1 - Lundi,Sur place,CA,,1
23250,0,322.0,292.66,2019-06-17,4 - Soir,1 - Lundi,À emporter,CA,,15
23252,0,12.5,11.36,2019-06-17,4 - Soir,1 - Lundi,Limonade,CA,,3
23253,0,535.6,485.02,2019-06-17,4 - Soir,1 - Lundi,Livraison,CA,Deliveroo,1
23254,0,313.8,285.27,2019-06-17,4 - Soir,1 - Lundi,Livraison,CA,UberEats,2
23256,-6,0.0,0.0,2019-06-17,4 - Soir,1 - Lundi,Sur place,CA,,0
23257,0,461.4,419.46,2019-06-17,4 - Soir,1 - Lundi,Sur place,CA,,23
23262,44,0.0,0.0,2019-06-18,,2 - Mardi,À emporter,CA,,0
23263,71,0.0,0.0,2019-06-18,,2 - Mardi,Livraison,CA,,0
23264,58,0.0,0.0,2019-06-18,,2 - Mardi,Sur place,CA,,0
23265,0,164.0,149.11,2019-06-18,2 - Midi,2 - Mardi,À emporter,CA,,10
23266,0,9.2,8.36,2019-06-18,2 - Midi,2 - Mardi,Limonade,CA,,3
23267,0,21.65,19.49,2019-06-18,2 - Midi,2 - Mardi,Livraison,CA,KM,1
23270,0,589.72,534.99,2019-06-18,2 - Midi,2 - Mardi,Sur place,CA,,31
23272,0,23.0,20.91,2019-06-18,3 - Après-midi,2 - Mardi,À emporter,CA,,2
23273,0,9.4,8.54,2019-06-18,3 - Après-midi,2 - Mardi,Limonade,CA,,3
23274,0,49.5,45.0,2019-06-18,3 - Après-midi,2 - Mardi,Sur place,CA,,2
23275,-8,0.0,0.0,2019-06-18,4 - Soir,2 - Mardi,À emporter,CA,,0
23276,0,17.5,15.91,2019-06-18,4 - Soir,2 - Mardi,À emporter,CA,KM,1
23277,0,279.11,253.49,2019-06-18,4 - Soir,2 - Mardi,À emporter,CA,,11
23282,0,7.6,6.91,2019-06-18,4 - Soir,2 - Mardi,Limonade,CA,,3
23283,0,682.0,620.01,2019-06-18,4 - Soir,2 - Mardi,Livraison,CA,Deliveroo,4
23284,0,26.75,24.13,2019-06-18,4 - Soir,2 - Mardi,Livraison,CA,KM,1
23285,0,478.6,435.09,2019-06-18,4 - Soir,2 - Mardi,Livraison,CA,UberEats,4
23288,0,234.0,211.48,2019-06-18,4 - Soir,2 - Mardi,Sur place,CA,,12
23289,25,0.0,0.0,2019-06-19,,3 - Mercredi,À emporter,CA,,0
23291,92,0.0,0.0,2019-06-19,,3 - Mercredi,Livraison,CA,,0
23292,86,0.0,0.0,2019-06-19,,3 - Mercredi,Sur place,CA,,0
23294,0,230.83,209.85,2019-06-19,2 - Midi,3 - Mercredi,À emporter,CA,,14
23296,0,3.5,3.18,2019-06-19,2 - Midi,3 - Mercredi,Limonade,CA,,1
23298,0,164.5,149.55,2019-06-19,2 - Midi,3 - Mercredi,Livraison,CA,Deliveroo,1
23299,0,25.0,22.53,2019-06-19,2 - Midi,3 - Mercredi,Livraison,CA,KM,1
23300,0,110.0,100.0,2019-06-19,2 - Midi,3 - Mercredi,Livraison,CA,UberEats,1
23301,0,896.95,812.84,2019-06-19,2 - Midi,3 - Mercredi,Sur place,CA,,49
23304,0,55.19,50.17,2019-06-19,3 - Après-midi,3 - Mercredi,À emporter,CA,,3
23306,0,9.2,8.36,2019-06-19,3 - Après-midi,3 - Mercredi,Limonade,CA,,2
23307,0,56.61,51.46,2019-06-19,3 - Après-midi,3 - Mercredi,Sur place,CA,,3
23309,0,28.0,25.45,2019-06-19,4 - Soir,3 - Mercredi,À emporter,CA,KM,1
23310,0,49.5,45.0,2019-06-19,4 - Soir,3 - Mercredi,À emporter,CA,,2
23311,0,721.0,655.46,2019-06-19,4 - Soir,3 - Mercredi,Livraison,CA,Deliveroo,5
23312,0,64.28,58.05,2019-06-19,4 - Soir,3 - Mercredi,Livraison,CA,KM,2
23313,0,407.9,370.82,2019-06-19,4 - Soir,3 - Mercredi,Livraison,CA,UberEats,2
23314,0,70.0,63.64,2019-06-19,4 - Soir,3 - Mercredi,Livraison,CA,,1
23315,-8,0.0,0.0,2019-06-19,4 - Soir,3 - Mercredi,Sur place,CA,,0
23316,0,232.32,210.4,2019-06-19,4 - Soir,3 - Mercredi,Sur place,CA,,11
23321,34,0.0,0.0,2019-06-20,,4 - Jeudi,À emporter,CA,,0
23323,85,0.0,0.0,2019-06-20,,4 - Jeudi,Livraison,CA,,0
23324,93,0.0,0.0,2019-06-20,,4 - Jeudi,Sur place,CA,,0
23326,0,332.2,302.01,2019-06-20,2 - Midi,4 - Jeudi,À emporter,CA,,19
23329,0,117.0,106.36,2019-06-20,2 - Midi,4 - Jeudi,Livraison,CA,Deliveroo,1
23330,0,195.8,178.0,2019-06-20,2 - Midi,4 - Jeudi,Livraison,CA,UberEats,2
23332,0,1008.7,913.93,2019-06-20,2 - Midi,4 - Jeudi,Sur place,CA,,56
23334,0,34.7,31.55,2019-06-20,3 - Après-midi,4 - Jeudi,À emporter,CA,,2
23336,0,10.6,9.63,2019-06-20,3 - Après-midi,4 - Jeudi,Limonade,CA,,3
23337,0,77.5,70.45,2019-06-20,3 - Après-midi,4 - Jeudi,Livraison,CA,Deliveroo,1
23338,0,69.0,62.73,2019-06-20,3 - Après-midi,4 - Jeudi,Livraison,CA,UberEats,1
23339,0,46.4,42.19,2019-06-20,3 - Après-midi,4 - Jeudi,Sur place,CA,,4
23341,0,127.0,115.46,2019-06-20,4 - Soir,4 - Jeudi,À emporter,CA,,5
23342,0,7.0,6.36,2019-06-20,4 - Soir,4 - Jeudi,Limonade,CA,,1
23344,0,281.5,255.9,2019-06-20,4 - Soir,4 - Jeudi,Livraison,CA,Deliveroo,2
23345,0,603.9,549.01,2019-06-20,4 - Soir,4 - Jeudi,Livraison,CA,UberEats,3
23346,-8,0.0,0.0,2019-06-20,4 - Soir,4 - Jeudi,Sur place,CA,,0
23347,0,179.5,162.58,2019-06-20,4 - Soir,4 - Jeudi,Sur place,CA,,10
23351,50,0.0,0.0,2019-06-21,,5 - Vendredi,À emporter,CA,,0
23352,114,0.0,0.0,2019-06-21,,5 - Vendredi,Livraison,CA,,0
23354,105,0.0,0.0,2019-06-21,,5 - Vendredi,Sur place,CA,,0
23357,0,342.0,308.3,2019-06-21,2 - Midi,5 - Vendredi,À emporter,CA,,20
23359,0,6.0,5.46,2019-06-21,2 - Midi,5 - Vendredi,Limonade,CA,,2
23360,0,165.9,150.82,2019-06-21,2 - Midi,5 - Vendredi,Livraison,CA,Deliveroo,1
23361,0,227.4,206.73,2019-06-21,2 - Midi,5 - Vendredi,Livraison,CA,UberEats,1
23362,-12,0.0,0.0,2019-06-21,2 - Midi,5 - Vendredi,Sur place,CA,,0
23363,0,1060.23,958.53,2019-06-21,2 - Midi,5 - Vendredi,Sur place,CA,,50
23368,0,25.0,22.73,2019-06-21,3 - Après-midi,5 - Vendredi,À emporter,CA,,2
23369,0,0.02,-1.1,2019-06-21,3 - Après-midi,5 - Vendredi,Limonade,CA,,5
23370,0,48.0,43.63,2019-06-21,3 - Après-midi,5 - Vendredi,Sur place,CA,,2
23371,0,189.0,171.82,2019-06-21,4 - Soir,5 - Vendredi,À emporter,CA,Deliveroo,1
23372,0,260.3,231.4,2019-06-21,4 - Soir,5 - Vendredi,À emporter,CA,,10
23373,0,13.6,12.36,2019-06-21,4 - Soir,5 - Vendredi,Limonade,CA,,4
23374,0,619.9,562.18,2019-06-21,4 - Soir,5 - Vendredi,Livraison,CA,Deliveroo,5
23375,0,179.8,163.07,2019-06-21,4 - Soir,5 - Vendredi,Livraison,CA,KM,2
23376,0,814.0,739.69,2019-06-21,4 - Soir,5 - Vendredi,Livraison,CA,UberEats,4
23379,-8,0.0,0.0,2019-06-21,4 - Soir,5 - Vendredi,Sur place,CA,,0
23380,0,207.0,186.37,2019-06-21,4 - Soir,5 - Vendredi,Sur place,CA,,9
23386,22,0.0,0.0,2019-06-22,,6 - Samedi,À emporter,CA,,0
23387,104,0.0,0.0,2019-06-22,,6 - Samedi,Livraison,CA,,0
23389,74,0.0,0.0,2019-06-22,,6 - Samedi,Sur place,CA,,0
23391,0,28.8,26.18,2019-06-22,2 - Midi,6 - Samedi,À emporter,CA,KM,1
23392,0,196.0,177.79,2019-06-22,2 - Midi,6 - Samedi,À emporter,CA,,7
23393,0,17.6,15.73,2019-06-22,2 - Midi,6 - Samedi,Limonade,CA,,6
23394,0,683.22,619.65,2019-06-22,2 - Midi,6 - Samedi,Sur place,CA,,31
23396,0,47.71,43.37,2019-06-22,3 - Après-midi,6 - Samedi,À emporter,CA,,4
23398,0,25.9,23.02,2019-06-22,3 - Après-midi,6 - Samedi,Limonade,CA,,6
23399,0,103.8,94.11,2019-06-22,3 - Après-midi,6 - Samedi,Sur place,CA,,5
23401,0,46.0,41.82,2019-06-22,4 - Soir,6 - Samedi,À emporter,CA,,2
23402,0,3.5,3.18,2019-06-22,4 - Soir,6 - Samedi,Limonade,CA,,1
23403,0,876.2,796.25,2019-06-22,4 - Soir,6 - Samedi,Livraison,CA,Deliveroo,5
23404,0,814.5,740.46,2019-06-22,4 - Soir,6 - Samedi,Livraison,CA,UberEats,5
23407,-7,0.0,0.0,2019-06-22,4 - Soir,6 - Samedi,Sur place,CA,,0
23408,0,229.0,206.07,2019-06-22,4 - Soir,6 - Samedi,Sur place,CA,,5
23413,38,0.0,0.0,2019-06-23,,7 - Dimanche,À emporter,CA,,0
23415,108,0.0,0.0,2019-06-23,,7 - Dimanche,Livraison,CA,,0
23417,43,0.0,0.0,2019-06-23,,7 - Dimanche,Sur place,CA,,0
23419,0,207.5,187.41,2019-06-23,2 - Midi,7 - Dimanche,À emporter,CA,,8
23420,0,3.0,2.73,2019-06-23,2 - Midi,7 - Dimanche,Limonade,CA,,1
23422,0,132.0,119.69,2019-06-23,2 - Midi,7 - Dimanche,Livraison,CA,Deliveroo,1
23423,0,263.5,239.16,2019-06-23,2 - Midi,7 - Dimanche,Sur place,CA,,9
23424,0,209.3,190.28,2019-06-23,3 - Après-midi,7 - Dimanche,À emporter,CA,,5
23426,0,28.0,25.44,2019-06-23,3 - Après-midi,7 - Dimanche,Limonade,CA,,6
23428,0,157.2,142.69,2019-06-23,3 - Après-midi,7 - Dimanche,Sur place,CA,,11
23429,0,58.72,53.38,2019-06-23,4 - Soir,7 - Dimanche,À emporter,CA,,4
23431,0,15.0,13.64,2019-06-23,4 - Soir,7 - Dimanche,Limonade,CA,,4
23432,0,703.0,638.81,2019-06-23,4 - Soir,7 - Dimanche,Livraison,CA,Deliveroo,5
23433,0,90.5,81.69,2019-06-23,4 - Soir,7 - Dimanche,Livraison,CA,KM,3
23434,0,839.8,763.46,2019-06-23,4 - Soir,7 - Dimanche,Livraison,CA,UberEats,5
23437,-6,0.0,0.0,2019-06-23,4 - Soir,7 - Dimanche,Sur place,CA,,0
23438,0,164.11,147.93,2019-06-23,4 - Soir,7 - Dimanche,Sur place,CA,,9
23443,32,0.0,0.0,2019-06-24,,1 - Lundi,À emporter,CA,,0
23445,52,0.0,0.0,2019-06-24,,1 - Lundi,Livraison,CA,,0
23446,52,0.0,0.0,2019-06-24,,1 - Lundi,Sur place,CA,,0
23447,0,234.0,212.5,2019-06-24,2 - Midi,1 - Lundi,À emporter,CA,,13
23448,0,3.2,2.91,2019-06-24,2 - Midi,1 - Lundi,Limonade,CA,,1
23449,0,121.5,110.45,2019-06-24,2 - Midi,1 - Lundi,Livraison,CA,Deliveroo,1
23450,0,82.3,74.82,2019-06-24,2 - Midi,1 - Lundi,Livraison,CA,UberEats,1
23451,0,390.6,354.38,2019-06-24,2 - Midi,1 - Lundi,Sur place,CA,,19
23452,0,32.1,29.18,2019-06-24,3 - Après-midi,1 - Lundi,À emporter,CA,,2
23453,0,4.6,4.18,2019-06-24,3 - Après-midi,1 - Lundi,Limonade,CA,,2
23454,0,30.5,27.73,2019-06-24,3 - Après-midi,1 - Lundi,Sur place,CA,,2
23455,-6,0.0,0.0,2019-06-24,4 - Soir,1 - Lundi,À emporter,CA,,0
23456,0,105.06,95.32,2019-06-24,4 - Soir,1 - Lundi,À emporter,CA,,5
23461,0,7.6,6.9,2019-06-24,4 - Soir,1 - Lundi,Limonade,CA,,2
23463,0,206.0,187.27,2019-06-24,4 - Soir,1 - Lundi,Livraison,CA,Deliveroo,3
23464,0,26.5,23.9,2019-06-24,4 - Soir,1 - Lundi,Livraison,CA,KM,1
23465,0,423.6,384.78,2019-06-24,4 - Soir,1 - Lundi,Livraison,CA,UberEats,3
23466,0,345.72,313.53,2019-06-24,4 - Soir,1 - Lundi,Sur place,CA,,16
23468,28,0.0,0.0,2019-06-25,,2 - Mardi,À emporter,CA,,0
23470,50,0.0,0.0,2019-06-25,,2 - Mardi,Livraison,CA,,0
23471,40,0.0,0.0,2019-06-25,,2 - Mardi,Sur place,CA,,0
23472,0,166.11,151.03,2019-06-25,2 - Midi,2 - Mardi,À emporter,CA,,12
23474,0,6.0,5.45,2019-06-25,2 - Midi,2 - Mardi,Limonade,CA,,1
23475,0,428.83,388.78,2019-06-25,2 - Midi,2 - Mardi,Sur place,CA,,27
23477,0,22.38,20.35,2019-06-25,3 - Après-midi,2 - Mardi,À emporter,CA,,1
23479,0,4.6,4.18,2019-06-25,3 - Après-midi,2 - Mardi,Limonade,CA,,1
23480,0,105.0,95.21,2019-06-25,3 - Après-midi,2 - Mardi,Sur place,CA,,3
23481,-7,0.0,0.0,2019-06-25,4 - Soir,2 - Mardi,À emporter,CA,,0
23482,0,91.07,82.32,2019-06-25,4 - Soir,2 - Mardi,À emporter,CA,,5
23488,0,470.5,427.72,2019-06-25,4 - Soir,2 - Mardi,Livraison,CA,Deliveroo,3
23489,0,347.79,316.17,2019-06-25,4 - Soir,2 - Mardi,Livraison,CA,UberEats,1
23492,0,29.24,26.36,2019-06-25,4 - Soir,2 - Mardi,Sur place,CA,,2
23494,39,0.0,0.0,2019-06-26,,3 - Mercredi,À emporter,CA,,0
23495,70,0.0,0.0,2019-06-26,,3 - Mercredi,Livraison,CA,,0
23496,39,0.0,0.0,2019-06-26,,3 - Mercredi,Sur place,CA,,0
23497,0,149.5,135.91,2019-06-26,2 - Midi,3 - Mercredi,À emporter,CA,,6
23498,0,6.6,5.62,2019-06-26,2 - Midi,3 - Mercredi,Limonade,CA,,2
23499,0,363.1,328.46,2019-06-26,2 - Midi,3 - Mercredi,Sur place,CA,,20
23500,0,30.0,26.79,2019-06-26,3 - Après-midi,3 - Mercredi,À emporter,CA,,1
23501,0,-1.8,-2.35,2019-06-26,3 - Après-midi,3 - Mercredi,Limonade,CA,,2
23503,0,36.0,32.73,2019-06-26,3 - Après-midi,3 - Mercredi,Sur place,CA,,2
23505,-7,0.0,0.0,2019-06-26,4 - Soir,3 - Mercredi,À emporter,CA,,0
23506,0,152.9,139.0,2019-06-26,4 - Soir,3 - Mercredi,À emporter,CA,Deliveroo,1
23507,0,125.0,113.33,2019-06-26,4 - Soir,3 - Mercredi,À emporter,CA,,5
23511,0,1.6,1.45,2019-06-26,4 - Soir,3 - Mercredi,Limonade,CA,,1
23512,0,626.7,569.43,2019-06-26,4 - Soir,3 - Mercredi,Livraison,CA,Deliveroo,4
23513,0,499.49,453.78,2019-06-26,4 - Soir,3 - Mercredi,Livraison,CA,UberEats,4
23516,0,162.14,147.03,2019-06-26,4 - Soir,3 - Mercredi,Sur place,CA,,7
23518,14,0.0,0.0,2019-06-27,,4 - Jeudi,À emporter,CA,,0
23519,77,0.0,0.0,2019-06-27,,4 - Jeudi,Livraison,CA,,0
23520,48,0.0,0.0,2019-06-27,,4 - Jeudi,Sur place,CA,,0
23522,0,139.11,125.7,2019-06-27,2 - Midi,4 - Jeudi,À emporter,CA,,10
23524,0,237.5,215.91,2019-06-27,2 - Midi,4 - Jeudi,Livraison,CA,Deliveroo,2
23525,0,86.5,78.44,2019-06-27,2 - Midi,4 - Jeudi,Livraison,CA,KM,1
23526,0,256.5,233.18,2019-06-27,2 - Midi,4 - Jeudi,Livraison,CA,UberEats,1
23527,0,470.83,426.44,2019-06-27,2 - Midi,4 - Jeudi,Sur place,CA,,30
23529,0,6.5,5.65,2019-06-27,3 - Après-midi,4 - Jeudi,Limonade,CA,,1
23530,0,46.5,42.04,2019-06-27,3 - Après-midi,4 - Jeudi,Sur place,CA,,2
23531,0,28.0,25.45,2019-06-27,4 - Soir,4 - Jeudi,À emporter,CA,KM,1
23532,0,48.0,43.64,2019-06-27,4 - Soir,4 - Jeudi,À emporter,CA,,2
23533,0,282.8,256.5,2019-06-27,4 - Soir,4 - Jeudi,Livraison,CA,Deliveroo,4
23534,0,412.1,374.64,2019-06-27,4 - Soir,4 - Jeudi,Livraison,CA,UberEats,3
23535,-7,0.0,0.0,2019-06-27,4 - Soir,4 - Jeudi,Sur place,CA,,0
23536,0,67.0,60.26,2019-06-27,4 - Soir,4 - Jeudi,Sur place,CA,,3
23540,50,0.0,0.0,2019-06-28,,5 - Vendredi,À emporter,CA,,0
23542,80,0.0,0.0,2019-06-28,,5 - Vendredi,Livraison,CA,,0
23543,44,0.0,0.0,2019-06-28,,5 - Vendredi,Sur place,CA,,0
23544,0,30.5,27.73,2019-06-28,2 - Midi,5 - Vendredi,À emporter,CA,KM,1
23545,0,324.0,293.59,2019-06-28,2 - Midi,5 - Vendredi,À emporter,CA,,18
23546,0,77.5,70.45,2019-06-28,2 - Midi,5 - Vendredi,Livraison,CA,Deliveroo,1
23547,0,205.4,186.73,2019-06-28,2 - Midi,5 - Vendredi,Livraison,CA,UberEats,1
23548,0,381.11,344.45,2019-06-28,2 - Midi,5 - Vendredi,Sur place,CA,,22
23550,0,28.0,25.45,2019-06-28,3 - Après-midi,5 - Vendredi,À emporter,CA,,1
23551,0,2.7,2.45,2019-06-28,3 - Après-midi,5 - Vendredi,Limonade,CA,,1
23553,0,64.5,58.64,2019-06-28,3 - Après-midi,5 - Vendredi,Livraison,CA,Deliveroo,1
23554,0,66.4,60.36,2019-06-28,3 - Après-midi,5 - Vendredi,Livraison,CA,UberEats,2
23555,0,57.0,51.58,2019-06-28,3 - Après-midi,5 - Vendredi,Sur place,CA,,3
23556,0,328.11,298.27,2019-06-28,4 - Soir,5 - Vendredi,À emporter,CA,,14
23558,0,7.6,6.9,2019-06-28,4 - Soir,5 - Vendredi,Limonade,CA,,2
23559,0,465.5,421.3,2019-06-28,4 - Soir,5 - Vendredi,Livraison,CA,Deliveroo,1
23560,0,432.2,392.91,2019-06-28,4 - Soir,5 - Vendredi,Livraison,CA,UberEats,1
23562,-7,0.0,0.0,2019-06-28,4 - Soir,5 - Vendredi,Sur place,CA,,0
23563,0,79.5,71.89,2019-06-28,4 - Soir,5 - Vendredi,Sur place,CA,,5
23567,46,0.0,0.0,2019-06-29,,6 - Samedi,À emporter,CA,,0
23569,51,0.0,0.0,2019-06-29,,6 - Samedi,Livraison,CA,,0
23570,83,0.0,0.0,2019-06-29,,6 - Samedi,Sur place,CA,,0
23572,0,16.5,15.0,2019-06-29,2 - Midi,6 - Samedi,À emporter,CA,KM,1
23573,0,136.5,123.7,2019-06-29,2 - Midi,6 - Samedi,À emporter,CA,,4
23574,0,12.0,10.91,2019-06-29,2 - Midi,6 - Samedi,Limonade,CA,,3
23575,0,139.0,126.36,2019-06-29,2 - Midi,6 - Samedi,Livraison,CA,Deliveroo,2
23576,0,176.0,160.0,2019-06-29,2 - Midi,6 - Samedi,Livraison,CA,UberEats,3
23579,0,668.11,606.87,2019-06-29,2 - Midi,6 - Samedi,Sur place,CA,,29
23581,0,56.0,50.91,2019-06-29,3 - Après-midi,6 - Samedi,À emporter,CA,,4
23582,0,13.0,11.56,2019-06-29,3 - Après-midi,6 - Samedi,Limonade,CA,,3
23583,0,73.0,65.98,2019-06-29,3 - Après-midi,6 - Samedi,Sur place,CA,,4
23584,-7,0.0,0.0,2019-06-29,4 - Soir,6 - Samedi,À emporter,CA,,0
23585,0,365.61,331.54,2019-06-29,4 - Soir,6 - Samedi,À emporter,CA,,16
23590,0,32.2,28.72,2019-06-29,4 - Soir,6 - Samedi,Limonade,CA,,8
23592,0,406.5,369.54,2019-06-29,4 - Soir,6 - Samedi,Livraison,CA,Deliveroo,2
23593,0,100.96,91.21,2019-06-29,4 - Soir,6 - Samedi,Livraison,CA,KM,3
23597,0,325.9,296.27,2019-06-29,4 - Soir,6 - Samedi,Sur place,CA,Deliveroo,1
23598,0,164.5,148.15,2019-06-29,4 - Soir,6 - Samedi,Sur place,CA,,7
23599,64,0.0,0.0,2019-06-30,,7 - Dimanche,À emporter,CA,,0
23601,61,0.0,0.0,2019-06-30,,7 - Dimanche,Livraison,CA,,0
23602,64,0.0,0.0,2019-06-30,,7 - Dimanche,Sur place,CA,,0
23603,0,166.61,151.07,2019-06-30,2 - Midi,7 - Dimanche,À emporter,CA,,5
23605,0,9.0,8.18,2019-06-30,2 - Midi,7 - Dimanche,Limonade,CA,,2
23606,0,172.0,156.36,2019-06-30,2 - Midi,7 - Dimanche,Livraison,CA,Deliveroo,1
23607,0,226.9,206.27,2019-06-30,2 - Midi,7 - Dimanche,Livraison,CA,UberEats,1
23608,0,149.6,135.28,2019-06-30,2 - Midi,7 - Dimanche,Sur place,CA,,6
23609,0,68.1,61.67,2019-06-30,3 - Après-midi,7 - Dimanche,À emporter,CA,,3
23610,0,6.0,5.45,2019-06-30,3 - Après-midi,7 - Dimanche,Limonade,CA,,1
23611,0,87.0,78.73,2019-06-30,3 - Après-midi,7 - Dimanche,Sur place,CA,,6
23612,-7,0.0,0.0,2019-06-30,4 - Soir,7 - Dimanche,À emporter,CA,,0
23613,0,28.0,25.45,2019-06-30,4 - Soir,7 - Dimanche,À emporter,CA,Deliveroo,1
23614,0,590.7,534.22,2019-06-30,4 - Soir,7 - Dimanche,À emporter,CA,,28
23619,0,17.0,15.08,2019-06-30,4 - Soir,7 - Dimanche,Limonade,CA,,4
23620,0,585.89,532.63,2019-06-30,4 - Soir,7 - Dimanche,Livraison,CA,Deliveroo,1
23621,0,23.99,21.62,2019-06-30,4 - Soir,7 - Dimanche,Livraison,CA,KM,1
23624,0,388.3,352.41,2019-06-30,4 - Soir,7 - Dimanche,Sur place,CA,UberEats,1
23625,0,335.83,305.3,2019-06-30,4 - Soir,7 - Dimanche,Sur place,CA,,18
23627,21,0.0,0.0,2019-07-01,,1 - Lundi,À emporter,CA,,0
23628,59,0.0,0.0,2019-07-01,,1 - Lundi,Livraison,CA,,0
23629,73,0.0,0.0,2019-07-01,,1 - Lundi,Sur place,CA,,0
23631,0,213.11,193.76,2019-07-01,2 - Midi,1 - Lundi,À emporter,CA,,14
23633,0,10.6,9.64,2019-07-01,2 - Midi,1 - Lundi,Limonade,CA,,4
23634,0,76.0,69.09,2019-07-01,2 - Midi,1 - Lundi,Livraison,CA,Deliveroo,1
23635,0,170.7,155.18,2019-07-01,2 - Midi,1 - Lundi,Livraison,CA,UberEats,2
23636,0,467.5,423.96,2019-07-01,2 - Midi,1 - Lundi,Sur place,CA,,25
23637,0,25.0,21.73,2019-07-01,3 - Après-midi,1 - Lundi,À emporter,CA,,2
23638,0,11.0,9.62,2019-07-01,3 - Après-midi,1 - Lundi,Limonade,CA,,2
23639,0,95.2,85.37,2019-07-01,3 - Après-midi,1 - Lundi,Sur place,CA,,3
23640,0,117.0,104.41,2019-07-01,4 - Soir,1 - Lundi,À emporter,CA,,7
23641,0,-12.4,-13.89,2019-07-01,4 - Soir,1 - Lundi,Limonade,CA,,3
23643,0,305.8,278.0,2019-07-01,4 - Soir,1 - Lundi,Livraison,CA,Deliveroo,3
23644,0,66.57,60.13,2019-07-01,4 - Soir,1 - Lundi,Livraison,CA,KM,2
23645,0,373.6,339.64,2019-07-01,4 - Soir,1 - Lundi,Livraison,CA,UberEats,1
23648,0,568.61,511.58,2019-07-01,4 - Soir,1 - Lundi,Sur place,CA,,27
23650,52,0.0,0.0,2019-07-02,,2 - Mardi,À emporter,CA,,0
23652,60,0.0,0.0,2019-07-02,,2 - Mardi,Livraison,CA,,0
23653,92,0.0,0.0,2019-07-02,,2 - Mardi,Sur place,CA,,0
23655,0,362.03,327.87,2019-07-02,2 - Midi,2 - Mardi,À emporter,CA,,21
23658,0,1.6,1.45,2019-07-02,2 - Midi,2 - Mardi,Limonade,CA,,1
23659,0,57.5,52.27,2019-07-02,2 - Midi,2 - Mardi,Livraison,CA,Deliveroo,1
23660,0,36.5,33.18,2019-07-02,2 - Midi,2 - Mardi,Livraison,CA,UberEats,1
23661,0,596.1,539.92,2019-07-02,2 - Midi,2 - Mardi,Sur place,CA,,30
23663,0,49.7,45.19,2019-07-02,3 - Après-midi,2 - Mardi,À emporter,CA,,1
23665,0,5.0,4.55,2019-07-02,3 - Après-midi,2 - Mardi,Limonade,CA,,1
23666,0,144.0,130.27,2019-07-02,3 - Après-midi,2 - Mardi,Sur place,CA,,4
23667,0,45.0,41.01,2019-07-02,4 - Soir,2 - Mardi,À emporter,CA,,3
23668,0,263.0,240.16,2019-07-02,4 - Soir,2 - Mardi,À emporter,CA,,8
23671,0,7.7,6.62,2019-07-02,4 - Soir,2 - Mardi,Limonade,CA,,1
23673,0,558.0,509.64,2019-07-02,4 - Soir,2 - Mardi,Livraison,CA,Deliveroo,3
23674,0,22.48,20.24,2019-07-02,4 - Soir,2 - Mardi,Livraison,CA,KM,1
23675,0,57.5,51.88,2019-07-02,4 - Soir,2 - Mardi,Livraison,CA,KM,2
23676,0,212.9,194.7,2019-07-02,4 - Soir,2 - Mardi,Livraison,CA,UberEats,2
23680,-5,0.0,0.0,2019-07-02,4 - Soir,2 - Mardi,Sur place,CA,,0
23681,0,73.61,66.95,2019-07-02,4 - Soir,2 - Mardi,Sur place,CA,,4
23682,0,437.33,397.42,2019-07-02,4 - Soir,2 - Mardi,Sur place,CA,,19
23688,7,0.0,0.0,2019-07-03,,3 - Mercredi,Sur place,CA,,0
23689,0,146.0,134.03,2019-07-03,2 - Midi,3 - Mercredi,Sur place,CA,,5
